****
Cu    0
S   1   1.00
 0.33151300000E-01   1.0000000000
P   1   1.00
 0.40345600000E-01   1.0000000000
D   1   1.00
 0.73775200000E-01   1.0000000000
F   1   1.00
 0.12162900000       1.0000000000
G   1   1.00
 0.24235800000       1.0000000000
H   1   1.00
 0.91667700000       1.0000000000
I   1   1.00
  2.2370900000       1.0000000000
****
Zn    0
S   1   1.00
 0.39118600000E-01   1.0000000000
P   1   1.00
 0.47607800000E-01   1.0000000000
D   1   1.00
 0.87054700000E-01   1.0000000000
F   1   1.00
 0.14352200000       1.0000000000
G   1   1.00
 0.28598300000       1.0000000000
H   1   1.00
  1.0816800000       1.0000000000
I   1   1.00
  2.6397700000       1.0000000000
****
Ag    0
S   1   1.00
 0.15353000000E-01   1.0000000000
P   1   1.00
 0.20861200000E-01   1.0000000000
D   1   1.00
 0.35359100000E-01   1.0000000000
F   1   1.00
 0.57147400000E-01   1.0000000000
G   1   1.00
 0.16825000000       1.0000000000
H   1   1.00
 0.63331600000       1.0000000000
I   1   1.00
  1.1927000000       1.0000000000
****
Cd    0
S   1   1.00
 0.18189300000E-01   1.0000000000
P   1   1.00
 0.24701000000E-01   1.0000000000
D   1   1.00
 0.41814300000E-01   1.0000000000
F   1   1.00
 0.69621800000E-01   1.0000000000
G   1   1.00
 0.21643100000       1.0000000000
H   1   1.00
 0.74053900000       1.0000000000
I   1   1.00
  1.3708100000       1.0000000000
****
Au    0
S   1   1.00
 0.12318400000E-01   1.0000000000
P   1   1.00
 0.16780500000E-01   1.0000000000
D   1   1.00
 0.28362800000E-01   1.0000000000
F   1   1.00
 0.47117000000E-01   1.0000000000
G   1   1.00
 0.13160900000       1.0000000000
H   1   1.00
 0.42198200000       1.0000000000
I   1   1.00
 0.91962100000       1.0000000000
****
Hg    0
S   1   1.00
 0.14703200000E-01   1.0000000000
P   1   1.00
 0.19851000000E-01   1.0000000000
D   1   1.00
 0.33553100000E-01   1.0000000000
F   1   1.00
 0.57025400000E-01   1.0000000000
G   1   1.00
 0.16693800000       1.0000000000
H   1   1.00
 0.52088700000       1.0000000000
I   1   1.00
  1.0828200000       1.0000000000
****
