
 BASIS &quot;aobasis&quot; print
 Hf  S
        72.4389000   0.0011630  -0.0002440   0.0012180   0.0016570  -0.0189520
        45.2162000  -0.0114520   0.0027980  -0.0046350  -0.0059790   0.1126140
        28.2220000   0.0739620  -0.0202250  -0.0055870  -0.0118030  -0.3791580
        17.6385000  -0.3243560   0.0943500   0.0992940   0.1606530   0.9695960
        11.0226000   0.7373860  -0.2219970  -0.2810020  -0.4541850  -1.8053410
         6.8849000  -0.4920420   0.1514670   0.1448310   0.2557780   1.7993640
         3.5401300  -0.5503310   0.1831980   0.4847140   0.7460350  -1.2136050
         1.9114300   0.0068040  -0.0037340  -0.2888910  -0.2399350   4.3487530
         1.1108400   0.5487620  -0.2019920   0.0737130  -0.8580200 -10.5038250
         0.6210720   0.5890330  -0.3343960  -1.6459660  -2.5354000   9.8551680
         0.3317360   0.2060050  -0.1997340   0.9783500   4.9533640  -2.5265540
         0.1185800   0.0088010   0.3916460   1.9238700  -2.7189210  -3.6117060
         0.0548520  -0.0030800   0.6450710  -1.2965760  -0.3507780   5.3189020
 Hf  S
         0.0251920   1.0000000
 Hf  S
         0.0116000   1.0000000
 Hf  P
        27.5515000   0.0043130  -0.0010340  -0.0014480  -0.0032460   0.0093880
        17.2296000  -0.0366020   0.0094990   0.0136000   0.0272840  -0.0585180
        10.7808000   0.1160700  -0.0314490  -0.0454180  -0.0875310   0.1606140
         4.8379500  -0.2926280   0.0827700   0.1200980   0.2316860  -0.4095390
         1.1914000   0.4420380  -0.1400300  -0.2032580  -0.4719300   1.5183920
         0.6007080   0.4780660  -0.1925740  -0.2941450  -0.8206520  -0.4586730
         0.3074110   0.2122140  -0.0865620  -0.1276190   1.1440980  -2.6576990
         0.1562270   0.0327530   0.2069060   0.5058440   0.9145160   3.0602870
         0.0760330   0.0048070   0.4684290   0.5783360  -0.9777530  -0.6219400
         0.0373420  -0.0002130   0.3988560   0.1178420  -0.3066250  -0.6289150
 Hf  P
         0.0181300   1.0000000
 Hf  P
         0.0088000   1.0000000
 Hf  D
        47.2322000   0.0000170   0.0000070  -0.0000330   0.0006970
        13.1047000  -0.0008770   0.0005750  -0.0003780  -0.0110350
         7.5050100   0.0155100  -0.0165460   0.0220450   0.0668960
         4.5180600  -0.0573800   0.0660740  -0.0947120  -0.1839770
         1.2669600   0.1453560  -0.1879000   0.3497240   0.8013200
         0.6271160   0.2843090  -0.3975450   0.6024320   0.2430220
         0.3015600   0.3476220  -0.2773590  -0.5248690  -1.8839990
         0.1411600   0.3054930   0.3362230  -0.7984990   1.6425780
         0.0642070   0.1632340   0.5471920   0.6042640  -0.0995440
 Hf  D
         0.0277910   1.0000000
 Hf  D
         0.0120000   1.0000000
 Hf  F
         0.8141000   1.0000000
 Hf  F
         0.2964000   1.0000000
 Hf  F
         0.1079000   1.0000000
 Hf  F
         0.0369000   1.0000000
 Hf  G
         0.7047000   1.0000000
 Hf  G
         0.2226000   1.0000000
 Hf  G
         0.0729000   1.0000000
 Hf  H
         0.4282000   1.0000000
 Hf  H
         0.1348000   1.0000000
 Ta  S
        73.7813000   0.0010840  -0.0002130   0.0009880   0.0009140  -0.0137090
        46.0585000  -0.0106880   0.0025590  -0.0033780  -0.0018790   0.0819450
        28.7729000   0.0702380  -0.0193980  -0.0096380  -0.0242770  -0.2819230
        17.9697000  -0.3188000   0.0949430   0.1133850   0.1948080   0.7594780
        11.2263000   0.7504170  -0.2327050  -0.3230420  -0.5400090  -1.4786470
         7.0033200  -0.5237200   0.1669980   0.1973730   0.3650020   1.4265190
         3.6334100  -0.5605690   0.1927810   0.4721130   0.7127130  -0.5641730
         1.9104700   0.0417880  -0.0150810  -0.2411030  -0.1537290   3.4165950
         1.1325100   0.5891840  -0.2349860  -0.1267900  -1.5167170 -10.1513490
         0.6371150   0.5664000  -0.3487000  -1.5906280  -1.5267620  10.4775230
         0.3430120   0.1788110  -0.1647020   1.1589900   4.5523910  -3.1726800
         0.1304260   0.0069420   0.4033670   1.7377590  -2.7308240  -3.3629210
         0.0597240  -0.0034680   0.6386680  -1.1917780  -0.4295940   5.1320540
 Ta  S
         0.0272230   1.0000000
 Ta  S
         0.0124000   1.0000000
 Ta  P
        27.9136000   0.0040610  -0.0009880  -0.0014500  -0.0034200   0.0077180
        17.4530000  -0.0358630   0.0096120   0.0143690   0.0290570  -0.0556400
        10.9180000   0.1199340  -0.0338360  -0.0509460  -0.0975450   0.1747500
         5.0300800  -0.3036450   0.0898790   0.1359460   0.2603850  -0.4767370
         1.2717500   0.4445670  -0.1496740  -0.2282980  -0.5643600   1.9284790
         0.6519410   0.4750100  -0.2007630  -0.3233980  -0.7742520  -1.1687440
         0.3393560   0.2119180  -0.0819650  -0.1091860   1.2323600  -2.2422620
         0.1775360   0.0361900   0.2001060   0.5313070   0.7955210   3.0810600
         0.0863880   0.0054550   0.4661240   0.5690130  -0.9257990  -0.7866630
         0.0416460  -0.0001940   0.4100630   0.1056730  -0.3360500  -0.5436600
 Ta  P
         0.0197310   1.0000000
 Ta  P
         0.0093000   1.0000000
 Ta  D
        47.2399000   0.0000260   0.0000050  -0.0000610   0.0006040
        13.1212000  -0.0014810   0.0010590  -0.0004510  -0.0113380
         7.9410300   0.0178090  -0.0188100   0.0240590   0.0659210
         4.5789100  -0.0690840   0.0800010  -0.1166800  -0.2133010
         1.3728600   0.1596480  -0.2138050   0.4375110   1.0202930
         0.7006000   0.2981540  -0.4252560   0.5807630  -0.1151460
         0.3472210   0.3480990  -0.2277030  -0.6903200  -1.7382210
         0.1669860   0.2867490   0.3960240  -0.6825310   1.7498200
         0.0775680   0.1438900   0.5188780   0.6453860  -0.2073400
 Ta  D
         0.0340580   1.0000000
 Ta  D
         0.0150000   1.0000000
 Ta  F
         0.9634000   1.0000000
 Ta  F
         0.3651000   1.0000000
 Ta  F
         0.1384000   1.0000000
 Ta  F
         0.0497000   1.0000000
 Ta  G
         0.8970000   1.0000000
 Ta  G
         0.2862000   1.0000000
 Ta  G
         0.1016000   1.0000000
 Ta  H
         0.5532000   1.0000000
 Ta  H
         0.1934000   1.0000000
 W   S
        77.1195000   0.0009710  -0.0001850  -0.0006030  -0.0000710  -0.0090760
        48.1958000  -0.0094870   0.0022560   0.0013840   0.0034200   0.0545770
        30.1187000   0.0630910  -0.0176440   0.0144160  -0.0385710  -0.1942180
        18.7768000  -0.2947690   0.0896450  -0.1211050   0.2232260   0.5635980
        11.7358000   0.7008950  -0.2227610   0.3338390  -0.5873970  -1.1452700
         7.2788700  -0.4703580   0.1544930  -0.2077230   0.4160230   1.0220890
         3.8670800  -0.5853380   0.2057680  -0.4467040   0.6715970   0.0759150
         1.9127300   0.0318840  -0.0119820   0.1281090  -0.0045440   2.4385620
         1.1804400   0.6455090  -0.2742450   0.4202140  -2.1351460  -9.0879040
         0.6475100   0.5593650  -0.3627550   1.3598420  -0.4472160  10.2451000
         0.3432030   0.1432700  -0.1249040  -1.2237640   4.0371680  -3.7254950
         0.1412450   0.0040440   0.4138630  -1.5559960  -2.7972560  -2.9267180
         0.0640210  -0.0035460   0.6326800   1.0824180  -0.4402180   4.8592420
 W   S
         0.0289530   1.0000000
 W   S
         0.0131000   1.0000000
 W   P
        29.7849000   0.0042390  -0.0010730  -0.0016220  -0.0039160   0.0053940
        18.6260000  -0.0368190   0.0101370   0.0157240   0.0317850  -0.0480700
        11.6544000   0.1206080  -0.0347900  -0.0545450  -0.1032130   0.1663880
         5.3065700  -0.3068540   0.0928310   0.1466050   0.2769090  -0.4878230
         1.3322000   0.4655600  -0.1624000  -0.2607220  -0.6727660   2.1901880
         0.6793550   0.4774170  -0.2088740  -0.3620910  -0.6716600  -1.9515560
         0.3475220   0.1982390  -0.0538850  -0.0073890   1.4911520  -1.2594270
         0.1736150   0.0280040   0.2474960   0.6264040   0.4168600   2.8022120
         0.0847170   0.0038430   0.4681480   0.4630080  -0.9480850  -1.1616660
         0.0414500  -0.0002560   0.3682370   0.0634300  -0.2160280  -0.3249580
 W   P
         0.0200010   1.0000000
 W   P
         0.0097000   1.0000000
 W   D
        47.6003000   0.0000330   0.0000080   0.0000000   0.0005810
        14.5420000  -0.0025530   0.0022640  -0.0032460  -0.0123990
         9.0813200   0.0218860  -0.0243420   0.0353940   0.0712450
         5.0997400  -0.0784400   0.0948420  -0.1435400  -0.2416100
         1.4962900   0.1687640  -0.2450010   0.5278820   1.2819070
         0.7689810   0.3145610  -0.4648380   0.5600390  -0.6743030
         0.3842550   0.3535110  -0.1570150  -0.9431490  -1.3615990
         0.1856380   0.2727040   0.4777850  -0.4525680   1.9042820
         0.0862530   0.1226270   0.4723200   0.7364580  -0.5902650
 W   D
         0.0375810   1.0000000
 W   D
         0.0164000   1.0000000
 W   F
         1.1089000   1.0000000
 W   F
         0.4332000   1.0000000
 W   F
         0.1692000   1.0000000
 W   F
         0.0629000   1.0000000
 W   G
         1.0815000   1.0000000
 W   G
         0.3533000   1.0000000
 W   G
         0.1333000   1.0000000
 W   H
         0.6834000   1.0000000
 W   H
         0.2579000   1.0000000
 Re  S
        82.3602000   0.0006360  -0.0001250  -0.0004390  -0.0009080  -0.0021520
        51.4686000  -0.0064370   0.0016030   0.0009780   0.0074070   0.0143330
        32.1603000   0.0462420  -0.0136440   0.0120630  -0.0459360  -0.0679810
        20.0660000  -0.2274960   0.0728800  -0.1013780   0.2203600   0.2773630
        12.4622000   0.5498740  -0.1841680   0.2812560  -0.5556240  -0.6550320
         7.5180000  -0.3203770   0.1126340  -0.1516170   0.3751760   0.3786980
         4.1506800  -0.6378710   0.2319940  -0.4639690   0.7129580   1.0665680
         1.9643400   0.0269990  -0.0147960   0.0623710   0.1590340   0.6140170
         1.2270000   0.6930860  -0.3107090   0.6503050  -2.9451850  -7.8614560
         0.6571530   0.5435260  -0.3716290   1.1453480   0.8920090  11.7297390
         0.3387020   0.1155350  -0.0795990  -1.3314350   3.3695610  -6.9458570
         0.1441200   0.0046460   0.4391580  -1.3425100  -3.1755850   0.0308980
         0.0649710   0.0007070   0.6122060   1.0609040   0.1060080   3.0805360
 Re  S
         0.0295140   1.0000000
 Re  S
         0.0134000   1.0000000
 Re  P
        32.4690000   0.0029450  -0.0006380  -0.0010490  -0.0030230   0.0013180
        20.2970000  -0.0256880   0.0067070   0.0110530   0.0239340  -0.0252900
        12.6941000   0.0857520  -0.0244150  -0.0402980  -0.0783600   0.1097100
         5.2869700  -0.2824710   0.0864310   0.1433430   0.2752990  -0.4629510
         1.4202400   0.4641420  -0.1669190  -0.2853640  -0.7659500   2.3397460
         0.7343010   0.4730530  -0.2014050  -0.3650760  -0.5943630  -2.2266480
         0.3810460   0.2020920  -0.0604410  -0.0032000   1.4982640  -1.1081910
         0.1971460   0.0319370   0.2224410   0.6099320   0.3730740   2.6957210
         0.0952250   0.0048080   0.4576740   0.4790080  -0.8983170  -0.9828420
         0.0459080  -0.0002900   0.3927610   0.0693610  -0.2479210  -0.4244410
 Re  P
         0.0217670   1.0000000
 Re  P
         0.0103000   1.0000000
 Re  D
        47.7382000   0.0000420  -0.0000470  -0.0000670   0.0009540
        15.0360000  -0.0012520   0.0013030   0.0003250  -0.0145770
         9.3875900   0.0144400  -0.0157960   0.0181980   0.0668650
         5.1609800  -0.0676120   0.0766030  -0.1178440  -0.2302910
         1.6027500   0.1717950  -0.2203650   0.5306130   1.2509670
         0.8343150   0.3138640  -0.4468310   0.5052540  -0.5515880
         0.4207260   0.3428700  -0.1480700  -0.7784010  -1.4396770
         0.2047550   0.2655630   0.4277470  -0.5695280   1.7125070
         0.0957060   0.1355580   0.4973000   0.6333480  -0.2654990
 Re  D
         0.0419030   1.0000000
 Re  D
         0.0183000   1.0000000
 Re  F
         1.2327000   1.0000000
 Re  F
         0.4897000   1.0000000
 Re  F
         0.1945000   1.0000000
 Re  F
         0.0728000   1.0000000
 Re  G
         1.2222000   1.0000000
 Re  G
         0.4133000   1.0000000
 Re  G
         0.1628000   1.0000000
 Re  H
         0.8087000   1.0000000
 Re  H
         0.3257000   1.0000000
 Os  S
        88.2006000   0.0006090  -0.0001370  -0.0001790   0.0013940   0.0119650
        55.1180000  -0.0057630   0.0015220  -0.0003850  -0.0098010  -0.0648350
        34.4482000   0.0399770  -0.0121600   0.0154440   0.0506940   0.1667400
        21.5217000  -0.1928220   0.0632540  -0.1044350  -0.2173830  -0.2028200
        13.4044000   0.4375150  -0.1499420   0.2649760   0.4993420   0.0740870
         7.0802200  -0.2402670   0.0892650  -0.1403670  -0.3676680  -0.9957190
         4.3353500  -0.6446130   0.2391400  -0.5192940  -0.6773930   3.8484290
         2.6646000   0.0080600  -0.0095340   0.0234310  -0.3262780  -2.7108190
         1.3201000   0.7119800  -0.3288700   0.8927930   3.7857020  -5.9258730
         0.7030860   0.5543000  -0.3731540   1.0766050  -2.2376600  12.4114900
         0.3585070   0.1138550  -0.0749070  -1.5497940  -2.6737740  -9.7779040
         0.1567570   0.0044490   0.4235470  -1.1321140   3.4798650   3.1563620
         0.0704870   0.0013710   0.6120600   1.0563670  -0.6550940   0.9797310
 Os  S
         0.0318370   1.0000000
 Os  S
         0.0144000   1.0000000
 Os  P
        34.4538000   0.0026020  -0.0004860  -0.0009960  -0.0034350  -0.0014480
        21.5352000  -0.0226770   0.0055470   0.0105380   0.0245630  -0.0135590
        13.4667000   0.0765000  -0.0210020  -0.0390140  -0.0772030   0.0892570
         5.4212400  -0.2805070   0.0840370   0.1558430   0.2984360  -0.4749820
         1.5072000   0.4691690  -0.1672940  -0.3274530  -0.9059580   2.6052390
         0.7852120   0.4726960  -0.1910410  -0.3897860  -0.4693980  -2.8769040
         0.4101120   0.1998810  -0.0601410   0.0552590   1.6277740  -0.4307110
         0.2131350   0.0328220   0.2088230   0.6453450   0.1275790   2.4141580
         0.1007730   0.0045210   0.4505520   0.4392330  -0.8670940  -1.0494770
         0.0475860  -0.0002090   0.4058320   0.0458690  -0.1952430  -0.3535840
 Os  P
         0.0221800   1.0000000
 Os  P
         0.0103000   1.0000000
 Os  D
        46.1455000   0.0000690  -0.0001310   0.0002460   0.0009660
        17.4458000  -0.0010520   0.0016440  -0.0027010  -0.0105910
        10.8908000   0.0100340  -0.0126990   0.0198360   0.0462480
         5.4010400  -0.0624020   0.0767760  -0.1263280  -0.2268280
         1.7049400   0.1801220  -0.2526490   0.6377010   1.6025830
         0.8973250   0.3211200  -0.4906830   0.4486600  -1.3450410
         0.4561300   0.3405410  -0.0789280  -1.0127690  -0.7878900
         0.2232570   0.2566720   0.4814540  -0.3275190   1.6682930
         0.1048330   0.1277410   0.4524130   0.6835000  -0.5570430
 Os  D
         0.0461230   1.0000000
 Os  D
         0.0203000   1.0000000
 Os  F
         1.3751000   1.0000000
 Os  F
         0.5584000   1.0000000
 Os  F
         0.2268000   1.0000000
 Os  F
         0.0860000   1.0000000
 Os  G
         1.3769000   1.0000000
 Os  G
         0.4759000   1.0000000
 Os  G
         0.1939000   1.0000000
 Os  H
         0.9164000   1.0000000
 Os  H
         0.3837000   1.0000000
 Ir  S
        99.3982000   0.0004580  -0.0001200   0.0002210  -0.0005110  -0.0132150
        59.7348000  -0.0046060   0.0013160  -0.0001990   0.0015380   0.0783910
        37.3064000   0.0316100  -0.0099630  -0.0113270   0.0130200  -0.2111880
        23.3112000  -0.1428720   0.0478750   0.0794760  -0.1133550   0.2858610
        13.4959000   0.3942810  -0.1385630  -0.2534940   0.3795890  -0.2379870
         7.6049800  -0.2127580   0.0830830   0.1289840  -0.1479200   1.2800340
         4.5313300  -0.6912870   0.2569740   0.5909610  -1.1631820  -4.3148610
         2.3087100   0.0445860  -0.0292970  -0.0593750   0.1491150   5.6632220
         1.3601100   0.7267130  -0.3396010  -1.0626430   4.0963770   1.5419410
         0.7322980   0.5268050  -0.3604030  -0.9731780  -3.3812610 -10.3480140
         0.3813520   0.1082530  -0.0562520   1.7188600  -1.6774500   9.5660340
         0.1640300   0.0055800   0.4218680   0.9367500   3.1755010  -3.5876350
         0.0737290   0.0013060   0.6036200  -1.0082480  -0.7454630  -0.5221100
 Ir  S
         0.0331980   1.0000000
 Ir  S
         0.0149000   1.0000000
 Ir  P
        36.4097000   0.0023870  -0.0004360  -0.0010530  -0.0039200   0.0080660
        22.7558000  -0.0206380   0.0051630   0.0108300   0.0258350  -0.0114990
        14.2284000   0.0702780  -0.0200500  -0.0403920  -0.0785180  -0.0537570
         5.5960900  -0.2798050   0.0879310   0.1766660   0.3276760   0.4715090
         1.5973000   0.4739250  -0.1789800  -0.3992470  -1.0985930  -2.8764400
         0.8378880   0.4710650  -0.1980510  -0.4077810  -0.2325000   3.6250360
         0.4411290   0.1978030  -0.0603120   0.1392320   1.6725640  -0.3925860
         0.2344660   0.0338300   0.2143880   0.6411880  -0.0845670  -2.0037910
         0.1115150   0.0051130   0.4546260   0.4014080  -0.8015440   0.9419720
         0.0528360  -0.0002720   0.4018720   0.0408130  -0.1976930   0.3970350
 Ir  P
         0.0246160   1.0000000
 Ir  P
         0.0115000   1.0000000
 Ir  D
        52.9731000   0.0000690  -0.0001380   0.0004330  -0.0005010
        19.0521000  -0.0008690   0.0015270  -0.0044960   0.0057870
        11.8598000   0.0088410  -0.0111590   0.0215990  -0.0318090
         5.7186000  -0.0614440   0.0729160  -0.1214710   0.1983400
         1.8057500   0.1897440  -0.2570590   0.6027800  -1.5056470
         0.9571620   0.3281660  -0.4663920   0.4503180   1.1365150
         0.4901660   0.3375200  -0.0753040  -0.8956850   0.9103540
         0.2416410   0.2474600   0.4160710  -0.4187670  -1.4285030
         0.1142040   0.1199030   0.4628000   0.5525300   0.1201680
 Ir  D
         0.0505400   1.0000000
 Ir  D
         0.0224000   1.0000000
 Ir  F
         1.5196000   1.0000000
 Ir  F
         0.6298000   1.0000000
 Ir  F
         0.2610000   1.0000000
 Ir  F
         0.1001000   1.0000000
 Ir  G
         1.5403000   1.0000000
 Ir  G
         0.5442000   1.0000000
 Ir  G
         0.2285000   1.0000000
 Ir  H
         1.0330000   1.0000000
 Ir  H
         0.4491000   1.0000000
 Pt  S
       103.6120000   0.0005410  -0.0001630  -0.0000140  -0.0005030  -0.0140470
        64.6859000  -0.0042820   0.0013240   0.0009880   0.0014690   0.0725050
        39.8400000   0.0279230  -0.0091150  -0.0135500   0.0108430  -0.1892580
        24.9011000  -0.1215420   0.0414900   0.0756570  -0.0940950   0.2492270
        14.0033000   0.3554330  -0.1272130  -0.2479560   0.3378940  -0.2112040
         7.8909000  -0.1534930   0.0650280   0.1113150  -0.0650820   1.3748360
         4.8456000  -0.7258970   0.2695050   0.6080690  -1.2245280  -4.3141010
         2.3501200   0.0097520  -0.0189050   0.0444240   0.1173930   6.2274430
         1.4671700   0.7419290  -0.3462670  -1.2579130   4.0554430   0.2464040
         0.7806710   0.5463830  -0.3651790  -0.8214190  -3.3801850  -8.7140170
         0.3946960   0.1046140  -0.0511390   1.7271730  -1.5351860   8.0961770
         0.1753230   0.0041520   0.4075980   0.7946170   2.9459960  -2.6016490
         0.0788420   0.0020360   0.5982990  -0.8962850  -0.4434390  -1.3052060
 Pt  S
         0.0353890   1.0000000
 Pt  S
         0.0159000   1.0000000
 Pt  P
        37.9380000   0.0022880  -0.0003110  -0.0011220  -0.0041670   0.0103860
        23.7097000  -0.0197140   0.0043080   0.0110810   0.0265230  -0.0201920
        14.8236000   0.0680900  -0.0177850  -0.0414980  -0.0799420  -0.0425740
         5.7904600  -0.2834570   0.0831780   0.1899730   0.3477530   0.4853910
         1.6955600   0.4743470  -0.1697580  -0.4366320  -1.1962950  -3.0474380
         0.8984940   0.4685560  -0.1738130  -0.4092230  -0.1291690   3.9852690
         0.4791880   0.1999420  -0.0704300   0.1550110   1.6717400  -0.7191050
         0.2565920   0.0374850   0.1836310   0.6645690  -0.1548040  -1.8265930
         0.1170930   0.0049230   0.4407300   0.3881160  -0.8066650   0.9270640
         0.0536550  -0.0002350   0.4297890   0.0254450  -0.1591940   0.3635220
 Pt  P
         0.0243160   1.0000000
 Pt  P
         0.0110000   1.0000000
 Pt  D
        64.4513000   0.0000680  -0.0001260   0.0004210   0.0000130
        19.3509000  -0.0005040   0.0011530  -0.0050290  -0.0007420
        12.0833000   0.0083040  -0.0110570   0.0243060  -0.0189880
         5.9549800  -0.0611390   0.0760890  -0.1285460   0.1919930
         1.9173700   0.1964910  -0.2885010   0.6635180  -1.6656810
         1.0249700   0.3325240  -0.4787580   0.3912420   1.4998920
         0.5295130   0.3345920  -0.0290100  -0.9712290   0.6224520
         0.2633060   0.2408270   0.4365010  -0.3239450  -1.3952750
         0.1253540   0.1146710   0.4392350   0.5670810   0.2067550
 Pt  D
         0.0558110   1.0000000
 Pt  D
         0.0248000   1.0000000
 Pt  F
         1.6660000   1.0000000
 Pt  F
         0.7019000   1.0000000
 Pt  F
         0.2958000   1.0000000
 Pt  F
         0.1143000   1.0000000
 Pt  G
         1.7070000   1.0000000
 Pt  G
         0.6166000   1.0000000
 Pt  G
         0.2661000   1.0000000
 Pt  H
         1.1498000   1.0000000
 Pt  H
         0.5162000   1.0000000
 END

 ECP
Hf nelec 60 ! # core electrons
Hf ul
  2          1.00000000        0.00000000
Hf S
  2         10.24885600      478.23740400
  4         10.72912700        0.38802400
  2          1.96485600       -1.07123200
Hf P
  2          8.68346200      101.04681800
  2          7.91692000      212.19776100
  4          9.37924300        0.13264600
  4          8.24420900        0.45310800
  2          1.59668600       -0.40791400
  2          1.71028100       -0.56181700
Hf D
  2          5.18955700       43.11546700
  2          5.25322900       65.93473200
  4          5.93787100        0.02591200
  4          5.71290600        0.03374100
  2          1.01485600       -0.28057900
  2          0.47371200       -0.08484900
Hf F
  2          1.91260800        4.81180100
  2          1.88074000        6.41857400
Hf G
  2          2.72418000       -4.63658500
  2          2.70895300       -5.76728800
Ta nelec 60 ! # core electrons
Ta ul
  2          1.00000000        0.00000000
Ta S
  2         10.31806900      454.60064900
  4         10.54026700        2.83797500
  2          2.57472600       -0.81473600
Ta P
  2          8.74334200       96.91078300
  2          7.91622300      195.85043200
  4          9.27573600        4.81252400
  4          8.10167500        6.33851200
  2          2.07712700       -0.45917300
  2          2.75037200       -0.64458600
Ta D
  2          5.44731400       45.96997600
  2          5.21254500       69.63897200
  4          5.88435800        0.80293300
  4          5.64957900        0.42959500
  2          1.38818000       -0.30722700
  2          1.29439800       -0.46156000
Ta F
  2          2.16127500        5.75777300
  2          2.12593900        7.67816700
Ta G
  2          3.14592000       -5.68406600
  2          3.12794200       -7.06231300
W  nelec 60 ! # core electrons
W  ul
  2          1.00000000        0.00000000
W  S
  2         11.06379500      419.22759900
  2          8.21764100       41.19130700
W  P
  2          9.33818800      107.34811000
  2          8.43044800      214.69956800
  4          9.49002000        0.02544200
  4          9.48994700        0.05189500
  2          1.88299700       -0.11718400
  2          1.90697200        0.29668900
W  D
  2          6.20543300       58.88127900
  2          6.12215700       98.68355600
  4          6.27455600        0.01953700
  4          6.22637500        0.02195600
  2          1.96387500       -0.08857700
  2          1.88828700       -0.20972600
W  F
  2          2.30795300        6.23247200
  2          2.27060900        8.31134500
W  G
  2          3.58349100       -6.80294400
  2          3.56251500       -8.44323200
Re nelec 60 ! # core electrons
Re ul
  2          1.00000000        0.00000000
Re S
  2         12.16381400      421.97030000
  2          7.10759500       50.13443900
Re P
  2          9.68459700       88.48191000
  2          9.47621400      176.78722000
  2          7.66806600       10.43433800
  2          5.05515600       20.45874300
Re D
  2          6.50988800       43.16243100
  2          6.09121600       64.76775900
  2          4.16400600        5.34030100
  2          4.40737900        8.24333200
Re F
  2          2.56265800        7.24454300
  2          2.52154900        9.65926600
Re G
  2          4.03459900       -7.97494000
  2          4.00962800       -9.88273600
Os nelec 60 ! # core electrons
Os ul
  2          1.00000000        0.00000000
Os S
  2         13.00200100      424.39037600
  2          6.96276300       57.12250300
Os P
  2         10.49894100       88.27900300
  2          9.99252300      176.48606400
  2          6.58824800       11.71501200
  2          5.03716700       22.91500600
Os D
  2          7.08344100       44.77770800
  2          6.72117900       67.15364800
  2          3.79462600        5.55038700
  2          3.74812500        8.22010400
Os F
  2          2.82627600        8.32833200
  2          2.78119800       11.10310200
Os G
  2          4.49698100       -9.18134300
  2          4.46773800      -11.36160400
Ir nelec 60 ! # core electrons
Ir ul
  2          1.00000000        0.00000000
Ir S
  2         13.83147400      426.95814900
  2          7.04791400       65.33881300
Ir P
  2         11.10643300       88.07544200
  2         10.45655200      176.12477000
  2          6.37961400       12.68226000
  2          5.06472600       24.63594900
Ir D
  2          7.54875400       46.43325800
  2          7.26530800       69.63807400
  2          3.80096900        6.15024800
  2          3.71828000        9.46356000
Ir F
  2          3.09870600        9.48361000
  2          3.04946100       12.64274200
Ir G
  2          4.96979000      -10.41069700
  2          4.93561400      -12.86319600
Pt nelec 60 ! # core electrons
Pt ul
  2          1.00000000        0.00000000
Pt S
  2         14.60450000      429.64608700
  2          7.21828700       73.15688400
Pt P
  2         11.57716200       88.02291700
  2         10.88384300      175.99819600
  2          6.42440300       13.68227400
  2          5.22419800       27.41465100
Pt D
  2          7.69961000       43.55785200
  2          7.55080800       65.36910800
  2          3.96116400        7.01859600
  2          3.87277700       11.39173300
Pt F
  2          3.37986900       10.71022000
  2          3.32625500       14.27812500
Pt G
  2          5.45202000      -11.65174900
  2          5.41258500      -14.37552500
 END
