basis &quot;Ni_s6-31G&quot; CARTESIAN
  Ni   S
     71396.350000000      0.00175300
     10720.840000000      0.01343122
      2442.129000000      0.06627041
       688.426500000      0.23025080
       220.615300000      0.47901860
        75.393730000      0.35234440
  Ni  SP
      1492.532000000      0.00237071      0.00396755
       355.401300000      0.03160566      0.03109479
       114.953400000      0.12663350      0.13595170
        43.220430000     -0.02417037      0.34851360
        17.597100000     -0.61877750      0.46254980
         7.257765000     -0.45767700      0.20351860
  Ni  SP
        59.352610000     -0.00416200     -0.00742145
        20.021810000      0.07425111     -0.02953410
         8.614561000      0.25413600      0.06731852
         3.660531000     -0.29034770      0.40166600
         1.528111000     -0.73021210      0.49266230
         0.604057000     -0.20760570      0.17568930
  Ni  SP
         2.379276000      0.05157888     -0.18876630
         0.885839000      0.27076110      0.10151990
         0.128529000     -1.12477000      0.97909060
  Ni  SP
         0.045195000      1.00000000      1.00000000
  Ni   D
        28.191470000      0.09098881
         7.523584000      0.39582080
         2.271228000      0.69471540
  Ni   D
         0.611603000      1.00000000
  Ni   D
         0.173930000      1.00000000
end
