B 0
S 13 1.0
 10813498.00000  0.4393D-07  
 1621926.000000  0.3292D-06  
  243274.000000  0.4549D-05  
   36488.000000  0.00003932  
    5473.000000  0.0005115   
     820.900000  0.004326    
     186.800000  0.02189     
      52.830000  0.08442     
      17.080000  0.2383      
       5.999000  0.4341      
       2.208000  0.3410      
       0.587900  0.04263     
       0.241500 -0.01802     
S 1 1.0
      52.830000  1.00000000
S 1 1.0
      17.080000  1.00000000  
S 1 1.0
       5.999000  1.00000000  
S 1 1.0
       2.208000  1.00000000  
S 1 1.0
       0.587900  1.00000000  
S 1 1.0
       0.241500  1.00000000  
S 1 1.0
       0.086100  1.00000000  
S 1 1.0
       0.029140  1.00000000
P 5 1.0
     12.0500000  0.007961    
      2.6130000  0.04493     
      0.7475000  0.1578      
      0.2385000  0.2292      
      0.0769800  0.35368000  
P 1 1.0
      0.7475000  1.00000000  
P 1 1.0
      0.2385000  1.00000000  
P 1 1.0
      0.0769800  1.00000000  
P 1 1.0
      0.0209600  1.00000000
D 1 1.0
      0.6610000  1.00000000  
D 1 1.0
      0.1990000  1.00000000  
D 1 1.0
      0.0604000  1.00000000
F 1 1.0
      0.4900000  1.00000000  
****
Al 0 
S 17 1.0
 408304972.0    -0.5332D-08 
 61156336.0     -0.3985D-07 
 9160058.0      -0.5542D-06 
 1372002.0      -0.4781D-05 
 205500.0000    -0.00006254 
  30780.0000    -0.0005319  
   7006.0000    -0.002757   
   1985.0000    -0.01148    
    649.1000    -0.03981    
    235.0000    -0.1150     
     91.6200    -0.2609     
     37.6700    -0.3964     
     15.9100    -0.2846     
      5.8500    -0.04452    
      2.5420     0.004989   
      1.0570    -0.002729   
      0.2931     0.001297    
S 17 1.0
 408304972.0    -0.1384D-08  
 61156336.0     -0.1037D-07  
 9160058.0      -0.1439D-06  
 1372002.0      -0.1243D-05  
 205500.0000    -0.00001624  
  30780.0000    -0.0001384   
   7006.0000    -0.0007173   
   1985.0000    -0.003012    
    649.1000    -0.01060     
    235.0000    -0.03213     
     91.6200    -0.0803      
     37.6700    -0.1568      
     15.9100    -0.1683      
      5.8500     0.1267      
      2.5420     0.5614      
      1.0570     0.4365      
      0.2931     0.03859     
S 1 1.0
     15.9100000  1.00000000  
S 1 1.0
      5.8500000  1.00000000  
S 1 1.0
      2.5420000  1.00000000  
S 1 1.0
      1.0570000  1.00000000      
S 1 1.0
      0.2931000  1.00000000  
S 1 1.0
      0.1455000  1.00000000  
S 1 1.0
      0.0565000  1.00000000  
S 1 1.0
      0.0221000  1.00000000
P 7 1.0
    444.4000000  0.001626   
    105.1000000  0.01305    
     33.4700000  0.06116    
     12.3300000  0.1876     
      4.8690000  0.3600     
      1.9610000  0.4083     
      0.7834000  0.1898     
P 7 1.0
    444.4000000  0.000063    
    105.1000000  0.000560    
     33.4700000  0.002402    
     12.3300000  0.008453    
      4.8690000  0.01365     
      1.9610000  0.02356     
      0.7834000 -0.005302    
P 1 1.0
      1.9610000  1.00000000  
P 1 1.0
      0.7834000  1.00000000  
P 1 1.0
      0.1888000  1.000000    
P 1 1.0
      0.0555700  1.000000    
P 1 1.0
      0.0146000  1.000000    
D 1 1.0
      9.4950000  1.00000000  
D 1 1.0
      3.1080000  1.00000000  
D 1 1.0
      1.0170000  1.00000000  
D 1 1.0
      0.1090000  1.00000000  
D 1 1.0
      0.3330000  1.00000000  
D 1 1.0
      0.0356000  1.00000000  
F 1 1.0
      0.2440000  1.00000000
****
Si 0 
S 17 1.0
 505883534.      0.4916D-08 
 75793221.0      0.3676D-07 
 11355602.0      0.5106D-06 
 1701335.0       0.4406D-05 
 254900.0000000  0.00005758 
  38190.0000000  0.0004900  
   8690.0000000  0.002540   
   2462.0000000  0.01059    
    804.8000000  0.03687    
    291.3000000  0.1075     
    113.6000000  0.2479     
     46.7500000  0.3909     
     19.8200000  0.3020     
      7.7080000  0.05608    
      3.3400000 -0.004184   
      1.4020000  0.002811   
      0.4387000 -0.001488   
S 17 1.0
 505883534.     -0.1306D-08  
 75793221.0     -0.9772D-08  
 11355602.0     -0.1357D-06  
 1701335.0      -0.1171D-05  
 254900.0000000 -0.00001531  
  38190.0000000 -0.0001303   
   8690.0000000 -0.0006766   
   2462.0000000 -0.002839    
    804.8000000 -0.01004     
    291.3000000 -0.03054     
    113.6000000 -0.07760     
     46.7500000 -0.1540      
     19.8200000 -0.1800      
      7.7080000  0.07906     
      3.3400000  0.5463      
      1.4020000  0.4800      
      0.4387000  0.05247     
S 1 1.0
     19.8200000  1.00000000  
S 1 1.0
      7.7080000  1.00000000  
S 1 1.0
      3.3400000  1.00000000  
S 1 1.0
      1.4020000  1.00000000  
S 1 1.0
      0.4387000  1.00000000  
S 1 1.0
      0.2070000  1.00000000  
S 1 1.0
      0.0794400  1.00000000  
S 1 1.0
      0.0330000  1.00000000  
P 7 1.0
    481.5000000  0.001920   
    113.9000000  0.01535    
     36.2300000  0.07141    
     13.3400000  0.2129     
      5.2520000  0.3903     
      2.1200000  0.3937     
      0.8561000  0.1329     
P 7 1.0
    481.5000000  -0.0002972   
    113.9000000  -0.002493    
     36.2300000  -0.01118     
     13.3400000  -0.03631     
      5.2520000  -0.06154     
      2.1200000  -0.08555     
      0.8561000   0.04917     
P 1 1.0
      2.1200000  1.00000000  
P 1 1.0
      0.8561000  1.00000000  
P 1 1.0
      0.2528000  1.00000000    
P 1 1.0
      0.0788900  1.00000000  
P 1 1.0
      0.0237000  1.00000000  
D 1 1.0
     13.3164     1.00000000  
D 1 1.0
      4.4019     1.00000000  
D 1 1.0
      1.4551     1.00000000  
D 1 1.0
      0.1590000  1.00000000  
D 1 1.0
      0.4810000  1.00000000  
D 1 1.0
      0.0556000  1.00000000  
F 1 1.0
      0.3360000  1.00000000  
****
P 0 
S 17 1.0
 620257056.0000  0.4535D-08 
 92919431.00000  0.3392D-07 
 13920068.00000  0.4711D-06 
 2085336.000000  0.4066D-05 
 312400.0000000  0.00005315 
  46800.0000000  0.0004524  
  10650.0000000  0.002345   
   3018.0000000  0.009788   
    986.8000000  0.03414    
    357.4000000  0.1002     
    139.6000000  0.2344     
     57.6300000  0.3824     
     24.6000000  0.3180     
     10.1200000  0.07091    
      4.2830000 -0.001966   
      1.8050000  0.002393   
      0.6158000 -0.001292   
S 17 1.0
 620257056.0000 -0.1231D-08  
 92919431.00000 -0.9196D-08  
 13920068.00000 -0.1279D-06  
 2085336.000000 -0.1103D-05  
 312400.0000000 -0.00001442  
  46800.0000000 -0.0001227   
  10650.0000000 -0.0006379   
   3018.0000000 -0.002674    
    986.8000000 -0.009487    
    357.4000000 -0.02892     
    139.6000000 -0.07443     
     57.6300000 -0.1498      
     24.6000000 -0.1891      
     10.1200000  0.03574     
      4.2830000  0.5286      
      1.8050000  0.5179      
      0.6158000  0.06537     
S 1 1.0
     24.6000000  1.00000000  
S 1 1.0
     10.1200000  1.00000000  
S 1 1.0
      4.2830000  1.00000000  
S 1 1.0
      1.8050000  1.00000000  
S 1 1.0
      0.6158000  1.00000000  
S 1 1.0
      0.2782000  1.00000000  
S 1 1.0
      0.1055000  1.00000000  
S 1 1.0
      0.0409000  1.00000000  
P 7 1.0
    504.9000000  0.002336   
    119.4000000  0.01852    
     37.9600000  0.08493    
     13.9500000  0.2443     
      5.4570000  0.4227     
      2.1770000  0.3679     
      0.8010000  0.07954    
P 7 1.0
    504.9000000  -0.0004061   
    119.4000000  -0.003279    
     37.9600000  -0.01506     
     13.9500000  -0.04536     
      5.4570000  -0.07871     
      2.1770000  -0.07965     
      0.8010000   0.1116      
P 1 1.0
      2.1770000  1.00000000  
P 1 1.0
      0.8010000  1.00000000  
P 1 1.0
      0.2877000  1.00000000  
P 1 1.0
      0.0971400  1.00000000  
P 1 1.0
      0.0307000  1.00000000  
D 1 1.0
     17.9000000  1.00000000  
D 1 1.0
      5.9400000  1.00000000  
D 1 1.0
      1.9700000  1.00000000  
D 1 1.0
      0.2160000  1.00000000  
D 1 1.0
      0.6520000  1.00000000  
D 1 1.0
      0.0775000  1.00000000  
F 1 1.0
      0.4520000  1.00000000
****
Cl 0
S 17 1.0
 905429579.3900  0.3875D-08 
 135645698.6600  0.2898D-07 
 20321575.50900  0.4026D-06 
 3044449.143900  0.3474D-05 
 456100.0000000  0.00004541 
 68330.00000000  0.0003865  
 15550.00000000  0.002005   
  4405.00000000  0.008390   
  1439.00000000  0.02946    
   520.40000000  0.08784    
   203.10000000  0.2115     
    83.96000000  0.3654     
    36.20000000  0.3409     
    15.83000000  0.1022     
     6.33400000  0.003086   
     2.69400000  0.001110   
     0.97680000 -0.0004728  
S 17 1.0
 905429579.3900  0.1087D-08  
 135645698.6600  0.8107D-08  
 20321575.50900  0.1130D-06  
 3044449.143900  0.9724D-06  
 456100.0000000  0.00001274  
 68330.00000000  0.0001082   
 15550.00000000  0.0005639   
  4405.00000000  0.002362    
  1439.00000000  0.008455    
   520.40000000  0.02596     
   203.10000000  0.06861     
    83.96000000  0.1419      
    36.20000000  0.1992      
    15.83000000  0.01981     
     6.33400000 -0.4999      
     2.69400000 -0.5629      
     0.97680000 -0.08101     
S 1 1.0
    36.20000000  1.00000000  
S 1 1.0
    15.83000000  1.00000000  
S 1 1.0
     6.33400000  1.00000000  
S 1 1.0
     2.69400000  1.00000000  
S 1 1.0
     0.97680000  1.00000000  
S 1 1.0
     0.43130000  1.00000000  
S 1 1.0
     0.16250000  1.00000000  
S 1 1.0
     0.05910000  1.00000000
P 7 1.0
   663.30000000  0.002407   
   156.80000000  0.01923    
    49.98000000  0.08861    
    18.42000000  0.2563     
     7.24000000  0.4375     
     2.92200000  0.3500     
     1.02200000  0.05813    
P 7 1.0
   663.30000000 -0.0006343   
   156.80000000 -0.005047    
    49.98000000 -0.02403     
    18.42000000 -0.07073     
     7.24000000 -0.1306      
     2.92200000 -0.09149     
     1.02200000  0.2533      
P 1 1.0
     2.92200000  1.00000000  
P 1 1.0
     1.02200000  1.00000000  
P 1 1.0
     0.38180000  1.00000000  
P 1 1.0
     0.13010000  1.00000000  
P 1 1.0
     0.04190000  1.00000000
D 1 1.0
  29.4070466440  1.00000000  
D 1 1.0
   9.6711510932  1.00000000  
D 1 1.0
   3.1805697674  1.00000000  
D 1 1.0
   1.0460000000  1.00000000  
D 1 1.0
   0.3440000000  1.00000000  
D 1 1.0
   0.1350000000  1.00000000
F 1 1.0
   0.7060000000  1.00000000
****
Se 0
S 14 1.0
 426498512.2     0.5545D-07 
 63865962.54     0.4397D-06 
 9563600.000     0.5798D-05 
 1432100.000     0.00004938 
 325910.0000     0.0002568  
 92312.0000      0.001086   
 30116.0000      0.003939   
 10872.0000      0.01270    
 4240.1000       0.03671    
 1758.4000       0.09386    
  766.5900       0.2017     
  348.4300       0.3280     
  164.0300       0.3238     
   79.1420       0.1352     
S 14 1.0
 426498512.2     -0.1736D-07  
 63865962.54     -0.1375D-06  
 9563600.000     -0.1815D-05  
 1432100.000     -0.00001544  
 325910.0000     -0.00008046  
 92312.0000      -0.0003401   
 30116.0000      -0.001239    
 10872.0000      -0.004017    
 4240.1000       -0.01186     
 1758.4000       -0.03153     
  766.5900       -0.07464     
  348.4300       -0.1452      
  164.0300       -0.2038      
   79.1420       -0.07887     
S 14 1.0
 426498512.2     0.6831D-08  
 63865962.54     0.5409D-07  
 9563600.000     0.7142D-06  
 1432100.000     0.6075D-05  
 325910.0000     0.00003166  
 92312.0000      0.0001337   
 30116.0000      0.0004881   
 10872.0000      0.001581    
 4240.1000       0.004690    
 1758.4000       0.01250     
  766.5900       0.03002     
  348.4300       0.05972     
  164.0300       0.08841     
   79.1420       0.03645     
S 1 1.0
     35.5240     1.00000000  
S 1 1.0
     17.30500000 1.00000000  
S 1 1.0
      8.3784000  1.00000000  
S 1 1.0
      3.7405000  1.00000000  
S 1 1.0
      1.6890000  1.00000000  
S 1 1.0
      0.5092700  1.00000000  
S 1 1.0
      0.2552000  1.00000000  
S 1 1.0
      0.1065100  1.00000000  
S 1 1.0
      0.0392010  1.00000000  
P 13 1.0
  8004.30000000  0.00045050 
  1896.90000000  0.00390490 
   614.71000000  0.02109010 
   233.50000000  0.08129200 
    97.85600000  0.22178410 
    43.51400000  0.39072700 
    20.06300000  0.35597140 
     9.11270000  0.10732720 
     4.10630000  0.00369850 
     1.79490000  0.00180320 
     0.62432000 -0.00045010 
     0.24615000  0.00022080 
     0.08891700 -0.00007220 
P 13 1.0
  8004.30000000 -0.00017830 
  1896.90000000 -0.00155540 
   614.71000000 -0.00847270 
   233.50000000 -0.03362450 
    97.85600000 -0.09582670 
    43.51400000 -0.18139070 
    20.06300000 -0.15031520 
     9.11270000  0.19482630 
     4.10630000  0.54155540 
     1.79490000  0.38372990 
     0.62432000  0.04442320 
     0.24615000 -0.00501320 
     0.08891700  0.00168790 
P 13 1.0
  8004.30000000  0.00004300  
  1896.90000000  0.00037700  
   614.71000000  0.00204650  
   233.50000000  0.00818990  
    97.85600000  0.02333560  
    43.51400000  0.04498130  
    20.06300000  0.03574750  
     9.11270000 -0.05868660  
     4.10630000 -0.17095730  
     1.79490000 -0.12935830  
     0.62432000  0.26470630  
     0.24615000  0.57780690  
     0.08891700  0.32755080  
P 1 1.0
     9.11270000  1.00000000  
P 1 1.0
     4.10630000  1.00000000  
P 1 1.0
     1.79490000  1.00000000  
P 1 1.0
     0.62432000  1.00000000  
P 1 1.0
     0.08891700  1.00000000  
P 1 1.0
     0.03025100  1.00000000  
D 8 1.0
   361.85000000  0.00156550   
   108.55000000  0.01332620  
    41.43300000  0.06015270  
    17.57900000  0.17402930  
     7.86270000  0.31956900  
     3.51800000  0.38120290  
     1.53480000  0.27460860  
     0.60813000  0.07825510  
D 1 1.0
     3.51800000  1.00000000  
D 1 1.0
     1.53480000  1.00000000  
D 1 1.0
     0.60813000  1.00000000  
D 1 1.0
     0.22200000  1.00000000  
D 1 1.0
     0.08370000  1.00000000  
F 1 1.0
     0.46200000  1.00000000  
F 1 1.0
     0.18800000  1.00000000  
****
