basis &quot;H_ANO-VT-TZ&quot; SPHERICAL
H    S       
     33.8864400              0.0060680              0.0101753              0.0021461
      5.0974730              0.0453080              0.0724868              0.1310789
      1.1595630              0.2028220              0.7541823              0.4587873
      0.3259580              0.5039030             -0.1348224             -0.5621298
      0.1027500              0.3834210             -0.6384936              0.6755280
H    P       
      1.4076830              0.4866896              0.8735750
      0.3881880              0.8735750             -0.4866896
H    D       
      1.0575130              1.0000000
#
He    S       
    234.8431580              0.0040729              0.0036386              0.0045458
     35.2866900              0.0307843              0.0282843              0.0216489
      8.0177860              0.1436810              0.1742509              0.3211464
      2.2199700              0.4290478              0.6944981              0.4518083
      0.6693030              0.7456148              0.0220900             -0.6570294
      0.2096530              0.4882296             -0.6971426              0.5104482
He    P       
      3.0549680              0.3555720              0.9346489
      0.7607310              0.9346489             -0.3555720
He    D       
      1.9720800              1.0000000
#
Li    S       
   5988.1167540              0.0001330             -0.0000210              0.0000005              0.0001209
    898.9175270              0.0010250             -0.0001610              0.0000192              0.0009969
    205.9040150              0.0052720             -0.0008200             -0.0000199              0.0046312
     59.2411550              0.0209290             -0.0033260              0.0005777              0.0208740
     19.8703870              0.0663400             -0.0105190             -0.0010137              0.0532714
      7.4061440              0.1657750             -0.0280970              0.0077999              0.1670483
      2.9300570              0.3150380             -0.0559360             -0.0144064              0.1554268
      1.1890230              0.3935230             -0.0992370              0.0500309              0.2474518
      0.4798090              0.1908700             -0.1121890             -0.0612768             -0.9313423
      0.0750910              0.0054140              0.5678890             -0.6371563             -0.0378005
      0.0283210             -0.0013280              0.5303820              0.7664882             -0.1207541
Li    P       
      3.2660640              0.0086300              0.0325327              0.0811888
      0.6511130              0.0475380              0.1321749              0.6534731
      0.1696030              0.2097720              0.7967647              0.0886164
      0.0557810              0.5285220             -0.4912873             -0.1575716
      0.0205000              0.3827440             -0.3244599              0.7305474
Li    D       
      0.1874040              0.4357777              0.9000543
      0.0801020              0.9000543             -0.4357777
Li    F       
      0.1829040              1.0000000
#
Be    S       
   6863.2813860              0.0001943              0.0003509              0.0000176             -0.0000093
   1030.0422300              0.0015034              0.0027159              0.0001504              0.0000230
    234.7096230              0.0077932              0.0140448              0.0006600             -0.0006194
     66.5627290              0.0313686              0.0563582              0.0031262              0.0013028
     21.6908890              0.1001640              0.1774073              0.0061123             -0.0149964
      7.7343170              0.2403512              0.4140510              0.0172330              0.0163927
      2.9161200              0.3936409              0.6064406             -0.0232022             -0.1435111
      1.1300460              0.3244912              0.3238945             -0.0443474              0.1819858
      0.2577110             -0.2600149              0.2151024              0.8982501              0.2752833
      0.1101050             -0.7158778              0.4790204             -0.1862779             -0.4393197
      0.0440920             -0.3013552              0.2128379             -0.3944588              0.8228046
Be    P       
      7.4363050              0.0149609              0.0191509              0.0005174
      1.5770650              0.0650044              0.3335186              0.2125332
      0.4352180              0.4034779             -0.8707132              0.0653152
      0.1438060              0.8939390              0.3531589             -0.2388538
      0.0499420              0.1833829              0.0744035              0.9452577
Be    D       
      0.3480140              0.2740554              0.9617139
      0.1803070              0.9617139             -0.2740554
Be    F       
      0.3250130              1.0000000
#
B    S       
   5473.6053310              0.0004418              0.0008019              0.0000539              0.0000360
    820.9907940              0.0034133              0.0061939              0.0004296              0.0002470
    186.8206610              0.0175123              0.0316504              0.0020539              0.0014221
     52.8358430              0.0678349              0.1214322              0.0080654              0.0035045
     17.0818890              0.1958808              0.3401516              0.0169377              0.0086449
      5.9996640              0.3805251              0.6039261              0.0210134             -0.0281956
      2.2082440              0.3816165              0.4175100             -0.0729726             -0.0743332
      0.5879650             -0.1171147              0.1531508              0.5061348              0.8345953
      0.2415270             -0.6874568              0.4612631              0.3691459             -0.4145477
      0.0861100             -0.4242257              0.3053689             -0.7755230              0.3538240
B    P       
     12.0513330              0.0193675              0.0070507              0.0253264
      2.6132890              0.1134352             -0.0164292              0.1777391
      0.7475830              0.4174502              0.3468082              0.8172096
      0.2385260              0.7660465              0.3522174             -0.5374801
      0.0769890              0.4750426             -0.8691072              0.1051235
B    D       
      0.6610730              0.5052243              0.8629881
      0.1990220              0.8629881             -0.5052243
B    F       
      0.4900540              1.0000000
#
C    S       
   8236.6177120              0.0004286              0.0007634              0.0000462              0.0000373
   1235.0926270              0.0033153              0.0059005              0.0003656              0.0002593
    280.8210600              0.0170628              0.0302623              0.0017790              0.0014725
     79.2759450              0.0667719              0.1170779              0.0069572              0.0038650
     25.5919190              0.1958881              0.3328206              0.0156217              0.0094191
      8.9976750              0.3884807              0.5970941              0.0188325             -0.0311893
      3.3192490              0.3886683              0.4199182             -0.0558536             -0.0790926
      0.9059680             -0.1423334              0.1775463              0.3907916              0.8869860
      0.3643270             -0.6729934              0.4604228              0.4189345             -0.3924324
      0.1285100             -0.4262721              0.3133808             -0.8173162              0.2278558
C    P       
     18.7114030              0.0207885              0.0138329              0.0276688
      4.1333100              0.1268751              0.0475003              0.2195063
      1.2000900              0.4329575              0.4595834              0.7343188
      0.3827290              0.7423786              0.2835394             -0.6064483
      0.1209090              0.4948660             -0.8402029              0.2098756
C    D       
      1.0970820              0.4775464              0.8786065
      0.3180240              0.8786065             -0.4775464
C    F       
      0.7610570              1.0000000
#
N    S       
  11419.9840120              0.0004222              0.0007522              0.0000421              0.0000381
   1711.9976030              0.0032679              0.0058150              0.0003307              0.0002674
    389.2994550              0.0168252              0.0298396              0.0016288              0.0015000
    109.9998460              0.0659670              0.1155292              0.0063175              0.0040351
     35.5699500              0.1949604              0.3303832              0.0149003              0.0094658
     12.5399820              0.3905422              0.5946602              0.0184190             -0.0336110
      4.6439930              0.3895370              0.4227194             -0.0434260             -0.0818292
      1.2929980             -0.1569098              0.1914853              0.2971534              0.9178769
      0.5117990             -0.6637787              0.4536771              0.4640663             -0.3650097
      0.1787000             -0.4334279              0.3190192             -0.8329781              0.1278125
N    P       
     26.6299630              0.0218079              0.0179017              0.0274462
      5.9479920              0.1355154              0.0887992              0.2257038
      1.7419980              0.4459540              0.5200310              0.6755054
      0.5549990              0.7327768              0.2208913             -0.6430368
      0.1725000              0.4953011             -0.8201031              0.2801796
N    D       
      1.6539980              0.4606163              0.8875994
      0.4689990              0.8875994             -0.4606163
N    F       
      1.0929980              1.0000000
#
O    S       
  15329.8543650              0.0004104              0.0007302              0.0000447              0.0000317
   2298.9781600              0.0031774              0.0056437              0.0003548              0.0002181
    522.3950370              0.0164032              0.0290531              0.0017213              0.0012601
    147.2986010              0.0647964              0.1131884              0.0068112              0.0032000
     47.5495480              0.1932830              0.3265927              0.0150924              0.0078489
     16.7598410              0.3923654              0.5921918              0.0166698             -0.0345072
      6.2069410              0.3916427              0.4265130             -0.0606649             -0.0781066
      1.7519830             -0.1645303              0.1997054              0.4249723              0.8623320
      0.6881930             -0.6669569              0.4583066              0.3906639             -0.4332818
      0.2383980             -0.4229982              0.3116368             -0.8139686              0.2475591
O    P       
     34.4596730              0.0236579              0.0185172              0.0270090
      7.7489260              0.1475503              0.1024158              0.2163869
      2.2799780              0.4632725              0.4934623              0.6805894
      0.7155930              0.7154848              0.2397793             -0.6560662
      0.2139980              0.5011280             -0.8295595              0.2425332
O    D       
      2.3139780              0.4524005              0.8918149
      0.6449940              0.8918149             -0.4524005
O    F       
      1.4279860              1.0000000
#
F    S       
  19501.1232160              0.0004108              0.0007289              0.0000467              0.0000256
   2923.1683670              0.0031815              0.0056342              0.0003713              0.0001628
    664.5382760              0.0164116              0.0289934              0.0017908              0.0010389
    187.5108000              0.0648814              0.1129100              0.0070602              0.0020671
     60.6234920              0.1937863              0.3260993              0.0150060              0.0064331
     21.4212340              0.3950021              0.5904645              0.0130475             -0.0393874
      7.9504580              0.3912769              0.4266316             -0.0727980             -0.0659359
      2.2571300             -0.1752023              0.2084939              0.5324356              0.7961076
      0.8815510             -0.6686511              0.4614371              0.3144921             -0.4861214
      0.3041180             -0.4135738              0.3049277             -0.7822141              0.3520696
F    P       
     43.8825280              0.0247105              0.0215058              0.0256193
      9.9265720              0.1546525              0.1260410              0.2226007
      2.9301690              0.4718931              0.5457114              0.6252759
      0.9132530              0.7080205              0.1804923             -0.6824162
      0.2672150              0.5014936             -0.8082529              0.3051733
F    D       
      3.1071790              0.4443679              0.8958444
      0.8550490              0.8958444             -0.4443679
F    F       
      1.9171100              1.0000000
#
Ne    S       
  24352.4935040              0.0004068              0.0007207              0.0000470              0.0000219
   3650.3737700              0.0031522              0.0055718              0.0003740              0.0001302
    829.6849530              0.0162677              0.0286921              0.0018022              0.0009069
    234.0239620              0.0645106              0.1120004              0.0070914              0.0014264
     75.6177430              0.1935317              0.3247941              0.0148245              0.0056828
     26.7327370              0.3965356              0.5891409              0.0104719             -0.0418058
      9.9280170              0.3914983              0.4278697             -0.0790365             -0.0591025
      2.8362900             -0.1805266              0.2137750              0.5883952              0.7530138
      1.1021130             -0.6685541              0.4625141              0.2705915             -0.5111045
      0.3782390             -0.4099309              0.3022109             -0.7575892              0.4080030
Ne    P       
     54.7056010              0.0254120              0.0236543              0.0244256
     12.4312730              0.1594411              0.1439991              0.2267618
      3.6793770              0.4776653              0.5787558              0.5835580
      1.1431170              0.7043383              0.1351212             -0.6963323
      0.3300340              0.4996761             -0.7908785              0.3500912
Ne    D       
      4.0144110              0.4427926              0.8966241
      1.0961120              0.8966241             -0.4427926
Ne    F       
      2.5442610              1.0000000
#
Na    S       
 423007.4095200              0.0000181             -0.0000044              0.0000007              0.0000001              0.0000017
  63341.1095010              0.0001404             -0.0000343              0.0000052              0.0000008              0.0000125
  14410.2524140              0.0007384             -0.0001801              0.0000271              0.0000049              0.0000692
   4077.0714150              0.0031118             -0.0007639              0.0001146              0.0000161              0.0002698
    328.0232620              0.0112080             -0.0027525              0.0004151              0.0000777              0.0010548
    478.6083830              0.0352830             -0.0088602              0.0013298              0.0001577              0.0028524
    186.2032620              0.0959900             -0.0247940              0.0037560              0.0006735              0.0084271
     76.9213470              0.2137400             -0.0606000              0.0091402              0.0004384              0.0114955
     33.3205840              0.3486900             -0.1164500              0.0179860              0.0022133              0.0160810
     15.0002630              0.3245700             -0.1624400              0.0251480             -0.0048612             -0.0406818
      6.8691200              0.1126300             -0.0438890              0.0076352              0.0069803              0.0296340
      2.6830470              0.0070680              0.3379200             -0.0614590             -0.0030806              0.1302845
      1.1090190              0.0005980              0.5613500             -0.1157200              0.0427878              0.3195617
      0.4540080              0.0002041              0.2452400             -0.1589100             -0.0800416             -0.9198708
      0.0601510             -0.0000053              0.0040675              0.6264100             -0.5651001             -0.0779037
      0.0238200              0.0000018             -0.0012675              0.4754000              0.8199616             -0.1602207
Na    P       
    243.3042620              0.0022439             -0.0002224              0.0000849              0.0003143
     57.3910050              0.0174000             -0.0017428              0.0005322             -0.0010951
     18.1003170              0.0774120             -0.0077546              0.0031030              0.0125095
      6.5751150              0.2191000             -0.0225190              0.0061596             -0.0398457
      2.5210440              0.3785200             -0.0384330              0.0163583              0.0974337
      0.9607170              0.3949000             -0.0450180             -0.0027253             -0.3979370
      0.3512060              0.1604200             -0.0192130             -0.0292130              0.7932011
      0.0982720              0.0023331              0.1827000              0.7106908              0.0674592
      0.0373410              0.0019954              0.5579000             -0.6968201             -0.0184331
      0.0150000             -0.0007773              0.3730200             -0.0904660              0.4431127
Na    D       
      0.1367020              0.4983831              0.8669569
      0.0636010              0.8669569             -0.4983831
Na    F       
      0.1397020              1.0000000
#
Mg    S       
 164902.0998420              0.0000385              0.0000652              0.0001041              0.0000012              0.0000007
  24710.3146580              0.0002996              0.0005066              0.0008079              0.0000101              0.0000023
   5628.0716670              0.0015650              0.0026477              0.0042254              0.0000496             -0.0000039
   1596.0203240              0.0065296              0.0110097              0.0175039              0.0002202              0.0000711
    521.0066340              0.0228195              0.0383087              0.0607309              0.0006741             -0.0001509
    188.0023940              0.0674376              0.1112174              0.1732442              0.0020738              0.0010568
     73.0109300              0.1581742              0.2520211              0.3806288              0.0029603             -0.0025743
     29.9003810              0.2691436              0.3877198              0.5230294              0.0033316              0.0081790
     12.5401600              0.2254759              0.2775894              0.3037134             -0.0066961             -0.0194321
      4.3060550             -0.1825503             -0.0625465              0.2172280              0.0266177              0.0529951
      1.8260230             -0.5926975             -0.2583709              0.4815862             -0.0101940             -0.1703578
      0.7417090             -0.4685144             -0.0181686              0.2568135             -0.0518956              0.2104553
      0.1457020              0.1585646             -0.2959470              0.1340061              0.9254597              0.0679891
      0.0761210              0.4276245             -0.6653114              0.2741263             -0.3156489             -0.3835920
      0.0331000              0.1856431             -0.3064572              0.1308595             -0.2007860              0.8784422
Mg    P       
    316.9040350              0.0033671              0.0001100              0.0002875              0.0002124
     74.8609530              0.0264241              0.0009154              0.0019716             -0.0004742
     23.7203020              0.1198508              0.0036502              0.0107626              0.0110033
      8.6691100              0.3476743              0.0107994              0.0248383             -0.0146373
      3.3630430              0.6200586              0.0130612              0.0543640              0.0679895
      1.3100170              0.6462122              0.0120576             -0.0158075             -0.4020645
      0.4911060              0.2486869             -0.0715657             -0.0916504              0.8967267
      0.2364030             -0.0107855              0.4804249              0.8653510              0.1051819
      0.0873310              0.0036796              0.8683551             -0.4737481              0.0052088
      0.0323700             -0.0033032              0.0978925             -0.1199519              0.1348213
Mg    D       
      0.1260020              0.8865445              0.4626434
      0.2940040              0.4626434             -0.8865445
Mg    F       
      0.2520030              1.0000000
#
Al    S       
 205502.9893830              0.0000281              0.0000621              0.0000990              0.0000019              0.0000010
  30780.4477530              0.0002185              0.0004828              0.0007684              0.0000146              0.0000084
   7006.1019150              0.0011450              0.0025292              0.0040264              0.0000771              0.0000383
   1985.0288760              0.0047767              0.0105243              0.0167022              0.0003124              0.0001883
    649.1094420              0.0167132              0.0366199              0.0578430              0.0010778              0.0004993
    235.0034190              0.0495598              0.1068392              0.1658050              0.0028105              0.0018587
     91.6213330              0.1188863              0.2471909              0.3696542              0.0054242              0.0018441
     37.6705480              0.2105283              0.3990096              0.5317056              0.0023320              0.0046350
     15.9102310              0.2003211              0.3226989              0.3343096             -0.0050007             -0.0102456
      5.8500850             -0.1038817             -0.0486547              0.1823411              0.0147447              0.0293578
      2.5420370             -0.5105245             -0.3503522              0.4619431              0.0564612             -0.0502749
      1.0570150             -0.5063241             -0.1366693              0.3155726             -0.1281145             -0.0067051
      0.2931040              0.0502262             -0.1180139              0.0653958              0.7967469              0.5736454
      0.1455020              0.5396535             -0.6250082              0.2575619              0.1532709             -0.4507755
      0.0565010              0.2776982             -0.3381204              0.1445983             -0.5672872              0.6812961
Al    P       
    444.4064650              0.0026663              0.0001423              0.0000180              0.0000224
    105.1015290              0.0214166              0.0009642             -0.0003770             -0.0032338
     33.4704870              0.1003022              0.0052346              0.0009146              0.0027529
     12.3301790              0.3079945              0.0116834             -0.0080947             -0.0615185
      4.8690710              0.5903876              0.0307838              0.0128504              0.0702212
      1.9610290              0.6712444              0.0002559             -0.0715838             -0.4380069
      0.7834110              0.3052146              0.0796585              0.1030409              0.8823532
      0.1888030             -0.0261537              0.7179964              0.6815287             -0.1386806
      0.0555710             -0.0405771              0.6906686             -0.7207949              0.0404580
Al    D       
      0.1090020              0.8128226              0.5825113
      0.3330050              0.5825113             -0.8128226
Al    F       
      0.2440040              1.0000000
#
Si    S       
 254902.4094320              0.0000240              0.0000586              0.0000911              0.0000018              0.0000014
  38190.3609890              0.0001868              0.0004556              0.0007074              0.0000134              0.0000111
   8690.0821420              0.0009804              0.0023888              0.0037075              0.0000721              0.0000547
   2462.0232720              0.0040914              0.0099502              0.0154075              0.0002863              0.0002433
    804.8076070              0.0143887              0.0347610              0.0535342              0.0010219              0.0007471
    291.3027540              0.0429738              0.1022000              0.1549205              0.0025920              0.0023333
    113.6010740              0.1051968              0.2405786              0.3512665              0.0055019              0.0035031
     46.7504420              0.1922320              0.4009792              0.5267380              0.0022259              0.0045843
     19.8201870              0.2007061              0.3501878              0.3552326             -0.0030206             -0.0089047
      7.7080730             -0.0594953             -0.0096868              0.1613805              0.0031911              0.0214695
      3.3400320             -0.4845415             -0.3445121              0.4469639              0.0704785             -0.0149053
      1.4020130             -0.5421790             -0.1615111              0.3416282             -0.1328167             -0.0665011
      0.4387040              0.0387118             -0.1201717              0.0752145              0.6784815              0.7031355
      0.2070020              0.5440456             -0.6134117              0.2724311              0.2345684             -0.4215257
      0.0794410              0.2826014             -0.3337133              0.1531164             -0.6796843              0.5680602
Si    P       
    481.5045510              0.0030846              0.0005481              0.0000505              0.0000161
    113.9010770              0.0246942              0.0042184             -0.0002077              0.0024110
     36.2303420              0.1147320              0.0200971              0.0021083             -0.0003920
     13.3401260              0.3431746              0.0554600             -0.0067756              0.0472696
      5.2520500              0.6276450              0.1075691              0.0208479             -0.0390342
      2.1200200              0.6395803              0.0734107             -0.0863366              0.3181863
      0.8561080              0.1917023              0.1547762              0.1952560             -0.9130849
      0.2528020             -0.1267264              0.7403108              0.6176126              0.2331521
      0.0788910             -0.1124183              0.6383778             -0.7566312             -0.0831239
Si    D       
      0.1590020              0.8132400              0.5819285
      0.4810050              0.5819285             -0.8132400
Si    F       
      0.3360030              1.0000000
#
P    S       
 312400.7105760              0.0000209              0.0000544              0.0000848              0.0000013              0.0000019
  46800.1064500              0.0001624              0.0004226              0.0006591              0.0000098              0.0000144
  10650.0242240              0.0008525              0.0022158              0.0034528              0.0000540              0.0000754
   3018.0068650              0.0035572              0.0092352              0.0143674              0.0002062              0.0003101
    986.8022450              0.0125551              0.0323434              0.0500153              0.0007781              0.0010617
    357.4008130              0.0376794              0.0956794              0.1458660              0.0018481              0.0028972
    139.6003180              0.0937560              0.2284635              0.3354733              0.0044919              0.0056944
     57.6301310              0.1758954              0.3926411              0.5235557              0.0011144              0.0042047
     24.6000560              0.2001596              0.3702162              0.3817495              0.0001359             -0.0059770
     10.1200230             -0.0207832              0.0295273              0.1500646             -0.0077882              0.0071561
      4.2830100             -0.4563250             -0.3390888              0.4268417              0.0756807              0.0421096
      1.8050040             -0.5721938             -0.1891417              0.3615613             -0.1134074             -0.1461470
      0.6158010              0.0214239             -0.1188539              0.0813805              0.4477955              0.8594163
      0.2782010              0.5445502             -0.6051474              0.2763414              0.3587540             -0.3401310
      0.1055000              0.2924925             -0.3381257              0.1587136             -0.8075270              0.3499083
P    P       
    504.9011480              0.0035311              0.0012707              0.0000529              0.0001765
    119.4002720              0.0280423              0.0099972             -0.0001798              0.0020525
     37.9600860              0.1285762              0.0456203              0.0019677              0.0066824
     13.9500320              0.3713650              0.1280274             -0.0076285              0.0357403
      5.4570120              0.6424835              0.2193010              0.0170571              0.0320237
      2.1770050              0.5657464              0.1756065             -0.0904169              0.1247549
      0.8010020              0.0352211              0.2660065              0.4096507             -0.8660104
      0.2877010             -0.2761449              0.7456161              0.4330707              0.4243084
      0.0971400             -0.1854909              0.5251598             -0.7975637             -0.2281947
P    D       
      0.2160000              0.8116070              0.5842037
      0.6520010              0.5842037             -0.8116070
P    F       
      0.4520010              1.0000000
#
S    S       
 374099.8420430              0.0000190              0.0000517              0.0000800              0.0000014              0.0000016
  56049.9763340              0.0001477              0.0004015              0.0006210              0.0000105              0.0000123
  12759.9946120              0.0007767              0.0021067              0.0032550              0.0000588              0.0000645
   3614.9984740              0.0032388              0.0087807              0.0135519              0.0002206              0.0002650
    182.9995010              0.0114525              0.0307839              0.0472043              0.0008540              0.0009097
    428.7998190              0.0344742              0.0914135              0.1383883              0.0019764              0.0024903
    167.7999290              0.0867661              0.2204340              0.3214798              0.0051418              0.0049794
     69.4699710              0.1659542              0.3871469              0.5166326              0.0012109              0.0039109
     29.8399870              0.2004678              0.3851299              0.3995060              0.0017552             -0.0049560
     12.7199950              0.0037539              0.0594639              0.1510522             -0.0130394              0.0025963
      5.2439980             -0.4425580             -0.3272077              0.4153534              0.0920534              0.0354497
      2.2189990             -0.5928896             -0.1971772              0.3696633             -0.1358045             -0.1411679
      0.7767000              0.0263814             -0.1368224              0.0948735              0.5080736              0.8181747
      0.3490000              0.5438079             -0.6065222              0.2863108              0.3086531             -0.3771695
      0.1322000              0.2821347             -0.3282470              0.1600037             -0.7870655              0.4087417
S    P       
    574.3997570              0.0032896              0.0020446              0.0000241              0.0002520
    135.7999430              0.0261915              0.0162531             -0.0002985              0.0020832
     43.1899820              0.1206717              0.0740175              0.0007511              0.0100176
     15.8699930              0.3484765              0.2107158             -0.0093234              0.0338284
      6.2079970              0.5985614              0.3516011              0.0084132              0.0610523
      2.4829990              0.4877259              0.2908644             -0.0728180              0.0477786
      0.8688000             -0.1021991              0.3437249              0.4689537             -0.8066695
      0.3229000             -0.4333506              0.6668541              0.3106238              0.5202702
      0.1098000             -0.2625185              0.4228300             -0.8234892             -0.2671029
S    D       
      0.2690000              0.8018118              0.5975767
      0.8190000              0.5975767             -0.8018118
S    F       
      0.5570000              1.0000000
#
Cl    S       
 456098.2745960              0.0000168              0.0000473              0.0000730              0.0000014              0.0000014
  68329.7415110              0.0001306              0.0003677              0.0005675              0.0000105              0.0000105
  15549.9411750              0.0006868              0.0019297              0.0029740              0.0000597              0.0000554
   4404.9833360              0.0028681              0.0080591              0.0124143              0.0002204              0.0002257
    438.9945560              0.0102111              0.0284305              0.0434983              0.0008787              0.0007919
    520.3980310              0.0310068              0.0852854              0.1290105              0.0020002              0.0021489
    203.0992320              0.0795664              0.2095775              0.3055792              0.0055645              0.0045390
     83.9596820              0.1558006              0.3785399              0.5086894              0.0012728              0.0034436
     36.1998630              0.1996405              0.3988286              0.4198968              0.0032527             -0.0036320
     15.8299400              0.0275326              0.0916962              0.1589149             -0.0179768             -0.0021989
      6.3339760             -0.4230392             -0.3171297              0.4028376              0.1060869              0.0367023
      2.6939900             -0.6096614             -0.2117420              0.3798858             -0.1541042             -0.1465883
      0.9767960              0.0188597             -0.1428591              0.1029864              0.5414813              0.7901450
      0.4312980              0.5448756             -0.6039722              0.2899671              0.2874546             -0.3937680
      0.1624990              0.2825108             -0.3264423              0.1622086             -0.7673293              0.4446646
Cl    P       
    663.2974910              0.0027211              0.0027187              0.0000175              0.0003183
    156.7994070              0.0217377              0.0217349              0.0006282              0.0022136
     49.9798110              0.1008561              0.0994049              0.0009451              0.0128615
     18.4199300              0.2933467              0.2860171              0.0147489              0.0345612
      7.2399730              0.5097481              0.4791519              0.0016369              0.0842873
      2.9219890              0.3973204              0.3955624              0.0727680             -0.0056951
      1.0219960             -0.2182755              0.3406246             -0.5811928             -0.7059544
      0.3817990             -0.5709688              0.5435431             -0.1808322              0.5870707
      0.1301000             -0.3345740              0.3321335              0.7899354             -0.3853241
Cl    D       
      1.0459960              0.5777546              0.8162105
      0.3439990              0.8162105             -0.5777546
Cl    F       
      0.7059970              1.0000000
#
Ar    S       
 545003.8765520              0.0000152              0.0000441              0.0000677              0.0000014              0.0000012
  81640.5807000              0.0001183              0.0003422              0.0005261              0.0000102              0.0000092
  18580.1321580              0.0006228              0.0017972              0.0027582              0.0000588              0.0000491
   5261.0374210              0.0026028              0.0075152              0.0115325              0.0002143              0.0001982
    717.0122130              0.0093126              0.0266328              0.0405855              0.0008760              0.0007079
    619.9044090              0.0284571              0.0804846              0.1213889              0.0019622              0.0019026
    241.6017180              0.0740704              0.2005921              0.2917929              0.0057611              0.0041975
     99.7907100              0.1479104              0.3708225              0.4997660              0.0012781              0.0030715
     43.1503070              0.1982828              0.4090030              0.4354480              0.0045101             -0.0026843
     19.1401360              0.0458156              0.1193076              0.1696873             -0.0217200             -0.0052535
      7.4880530             -0.4068802             -0.3072897              0.3935219              0.1158114              0.0365505
      3.2050230             -0.6220532             -0.2221920              0.3876440             -0.1662570             -0.1510766
      1.1960090              0.0131811             -0.1490368              0.1106613              0.5553787              0.7753319
      0.5204040              0.5446701             -0.6007479              0.2926533              0.2775818             -0.4042209
      0.1954010              0.2845635             -0.3264699              0.1647408             -0.7569132              0.4596083
Ar    P       
    761.8054190              0.0022435              0.0030589              0.0000568              0.0003649
    180.2012820              0.0179832              0.0245696              0.0009122              0.0022949
     57.5004090              0.0842502              0.1130855              0.0025906              0.0149323
     21.2401510              0.2469777              0.3279727              0.0194583              0.0353332
      8.3880600              0.4352297              0.5521806              0.0120847              0.1014031
      3.4160240              0.3245784              0.4520544              0.0679277             -0.0456987
      1.2060090             -0.2940838              0.3175202             -0.6557385             -0.6173553
      0.4523030             -0.6436589              0.4450304             -0.0784275              0.6155975
      0.1545010             -0.3688055              0.2662794              0.7474689             -0.4754624
Ar    D       
      0.4100030              0.7980067              0.6026485
      1.2540090              0.6026485             -0.7980067
Ar    F       
      0.8900060              1.0000000
end
