$DATA
LANTHANUM
S  6 
   1  896770.4166840000      0.0380590762
   2  398564.6296370000     -0.0076635131
   3  177139.8353940000      0.0939971522
   4   78728.8157310000      0.0865309290
   5   34990.5847690000      0.3075038034
   6   15551.3710090000      0.5885666287
S  1 
   1    6911.7204480000      1.0000000000
S  1 
   1    3071.8757550000      1.0000000000
S  1 
   1    1365.2781130000      1.0000000000
S  1 
   1     606.7902730000      1.0000000000
S  1 
   1     269.6845660000      1.0000000000
S  1 
   1     119.8598070000      1.0000000000
S  1 
   1      53.2710250000      1.0000000000
S  1 
   1      23.6760110000      1.0000000000
S  1 
   1      10.5226720000      1.0000000000
S  1 
   1       4.6767430000      1.0000000000
S  1 
   1       2.0785520000      1.0000000000
S  1 
   1       0.9238010000      1.0000000000
S  1 
   1       0.4105780000      1.0000000000
S  1 
   1       0.1824790000      1.0000000000
S  1 
   1       0.0811020000      1.0000000000
S  1 
   1       0.0360450000      1.0000000000
S  1 
   1       0.0160200000      1.0000000000
P  5 
   1   11986.2753990000      0.0080872136
   2    4794.5101600000      0.0142137010
   3    1917.8040640000      0.0710465099
   4     767.1216260000      0.2448232588
   5     306.8486500000      0.7544486614
P  1 
   1     122.7394600000      1.0000000000
P  1 
   1      49.0957840000      1.0000000000
P  1 
   1      19.6383140000      1.0000000000
P  1 
   1       7.8553250000      1.0000000000
P  1 
   1       3.1421300000      1.0000000000
P  1 
   1       1.2568520000      1.0000000000
P  1 
   1       0.5027410000      1.0000000000
P  1 
   1       0.2010960000      1.0000000000
P  1 
   1       0.0804390000      1.0000000000
P  1 
   1       0.0321750000      1.0000000000
P  1 
   1       0.0128700000      1.0000000000
D  4 
   1     797.4623660000      0.0079307619
   2     289.9863150000      0.0473237416
   3     105.4495690000      0.2587677949
   4      38.3452980000      0.7935329058
D  1 
   1      13.9437450000      1.0000000000
D  1 
   1       5.0704530000      1.0000000000
D  1 
   1       1.8438010000      1.0000000000
D  1 
   1       0.6704730000      1.0000000000
D  1 
   1       0.2438080000      1.0000000000
D  1 
   1       0.0886580000      1.0000000000
D  1 
   1       0.0322390000      1.0000000000
D  1 
   1       0.0117230000      1.0000000000

CERIUM
S  6 
   1  928839.8476080000      0.0388850737
   2  412817.7100480000     -0.0078903982
   3  183474.5377990000      0.0953393257
   4   81544.2390220000      0.0867790298
   5   36241.8840100000      0.3085181448
   6   16107.5040040000      0.5863114154
S  1 
   1    7158.8906690000      1.0000000000
S  1 
   1    3181.7291860000      1.0000000000
S  1 
   1    1414.1018600000      1.0000000000
S  1 
   1     628.4897160000      1.0000000000
S  1 
   1     279.3287630000      1.0000000000
S  1 
   1     124.1461170000      1.0000000000
S  1 
   1      55.1760520000      1.0000000000
S  1 
   1      24.5226900000      1.0000000000
S  1 
   1      10.8989730000      1.0000000000
S  1 
   1       4.8439880000      1.0000000000
S  1 
   1       2.1528840000      1.0000000000
S  1 
   1       0.9568370000      1.0000000000
S  1 
   1       0.4252610000      1.0000000000
S  1 
   1       0.1890050000      1.0000000000
S  1 
   1       0.0840020000      1.0000000000
S  1 
   1       0.0373340000      1.0000000000
S  1 
   1       0.0165930000      1.0000000000
P  5 
   1   12451.0879550000      0.0082231280
   2    4980.4351820000      0.0143181918
   3    1992.1740730000      0.0714231863
   4     796.8696290000      0.2450647287
   5     318.7478520000      0.7539573927
P  1 
   1     127.4991410000      1.0000000000
P  1 
   1      50.9996560000      1.0000000000
P  1 
   1      20.3998630000      1.0000000000
P  1 
   1       8.1599450000      1.0000000000
P  1 
   1       3.2639780000      1.0000000000
P  1 
   1       1.3055910000      1.0000000000
P  1 
   1       0.5222360000      1.0000000000
P  1 
   1       0.2088950000      1.0000000000
P  1 
   1       0.0835580000      1.0000000000
P  1 
   1       0.0334230000      1.0000000000
P  1 
   1       0.0133690000      1.0000000000
D  4 
   1     837.0672260000      0.0078689278
   2     304.3880820000      0.0469564398
   3     110.6865750000      0.2575443944
   4      40.2496640000      0.7947035873
D  1 
   1      14.6362410000      1.0000000000
D  1 
   1       5.3222700000      1.0000000000
D  1 
   1       1.9353710000      1.0000000000
D  1 
   1       0.7037710000      1.0000000000
D  1 
   1       0.2559170000      1.0000000000
D  1 
   1       0.0930610000      1.0000000000
D  1 
   1       0.0338400000      1.0000000000
D  1 
   1       0.0123060000      1.0000000000
F  4 
   1      22.0128040000      0.0952761624
   2       7.3376010000      0.3155038465
   3       2.4458670000      0.5207217423
   4       0.8152890000      0.4017797893
F  1 
   1       0.2717630000      1.0000000000
F  1 
   1       0.0905880000      1.0000000000

PRASEODYMIUM
S  6 
   1  961538.7552820000      0.0397222973
   2  427350.5579030000     -0.0081195618
   3  189933.5812900000      0.0966940581
   4   84414.9250180000      0.0870283944
   5   37517.7444520000      0.3095338869
   6   16674.5530900000      0.5840381251
S  1 
   1    7410.9124840000      1.0000000000
S  1 
   1    3293.7388820000      1.0000000000
S  1 
   1    1463.8839480000      1.0000000000
S  1 
   1     650.6150880000      1.0000000000
S  1 
   1     289.1622610000      1.0000000000
S  1 
   1     128.5165610000      1.0000000000
S  1 
   1      57.1184710000      1.0000000000
S  1 
   1      25.3859870000      1.0000000000
S  1 
   1      11.2826610000      1.0000000000
S  1 
   1       5.0145160000      1.0000000000
S  1 
   1       2.2286740000      1.0000000000
S  1 
   1       0.9905220000      1.0000000000
S  1 
   1       0.4402320000      1.0000000000
S  1 
   1       0.1956590000      1.0000000000
S  1 
   1       0.0869590000      1.0000000000
S  1 
   1       0.0386490000      1.0000000000
S  1 
   1       0.0171770000      1.0000000000
P  5 
   1   12926.8771060000      0.0083608823
   2    5170.7508420000      0.0144255337
   3    2068.3003370000      0.0718050378
   4     827.3201350000      0.2453156138
   5     330.9280540000      0.7534529406
P  1 
   1     132.3712220000      1.0000000000
P  1 
   1      52.9484890000      1.0000000000
P  1 
   1      21.1793950000      1.0000000000
P  1 
   1       8.4717580000      1.0000000000
P  1 
   1       3.3887030000      1.0000000000
P  1 
   1       1.3554810000      1.0000000000
P  1 
   1       0.5421930000      1.0000000000
P  1 
   1       0.2168770000      1.0000000000
P  1 
   1       0.0867510000      1.0000000000
P  1 
   1       0.0347000000      1.0000000000
P  1 
   1       0.0138800000      1.0000000000
D  4 
   1     877.6091640000      0.0078152140
   2     319.1306050000      0.0466170042
   3     116.0474930000      0.2564452657
   4      42.1990880000      0.7957574689
D  1 
   1      15.3451230000      1.0000000000
D  1 
   1       5.5800450000      1.0000000000
D  1 
   1       2.0291070000      1.0000000000
D  1 
   1       0.7378570000      1.0000000000
D  1 
   1       0.2683120000      1.0000000000
D  1 
   1       0.0975680000      1.0000000000
D  1 
   1       0.0354790000      1.0000000000
D  1 
   1       0.0129020000      1.0000000000
F  4 
   1      20.9298010000      0.1096997934
   2       6.9766000000      0.3348901837
   3       2.3255330000      0.5126237752
   4       0.7751780000      0.3863351070
F  1 
   1       0.2583930000      1.0000000000
F  1 
   1       0.0861310000      1.0000000000

NEODYMIUM
S  6 
   1  994735.7959840000      0.0405700482
   2  442104.7982150000     -0.0083510149
   3  196491.0214290000      0.0980604387
   4   87329.3428570000      0.0872785561
   5   38813.0412700000      0.3105511096
   6   17250.2405640000      0.5817477434
S  1 
   1    7666.7735840000      1.0000000000
S  1 
   1    3407.4549260000      1.0000000000
S  1 
   1    1514.4244120000      1.0000000000
S  1 
   1     673.0775160000      1.0000000000
S  1 
   1     299.1455630000      1.0000000000
S  1 
   1     132.9535830000      1.0000000000
S  1 
   1      59.0904820000      1.0000000000
S  1 
   1      26.2624360000      1.0000000000
S  1 
   1      11.6721940000      1.0000000000
S  1 
   1       5.1876420000      1.0000000000
S  1 
   1       2.3056190000      1.0000000000
S  1 
   1       1.0247190000      1.0000000000
S  1 
   1       0.4554310000      1.0000000000
S  1 
   1       0.2024140000      1.0000000000
S  1 
   1       0.0899620000      1.0000000000
S  1 
   1       0.0399830000      1.0000000000
S  1 
   1       0.0177700000      1.0000000000
P  5 
   1   13410.3010510000      0.0085010909
   2    5364.1204200000      0.0145366822
   3    2145.6481680000      0.0722004522
   4     858.2592670000      0.2455844613
   5     343.3037070000      0.7529221360
P  1 
   1     137.3214830000      1.0000000000
P  1 
   1      54.9285930000      1.0000000000
P  1 
   1      21.9714370000      1.0000000000
P  1 
   1       8.7885750000      1.0000000000
P  1 
   1       3.5154300000      1.0000000000
P  1 
   1       1.4061720000      1.0000000000
P  1 
   1       0.5624690000      1.0000000000
P  1 
   1       0.2249880000      1.0000000000
P  1 
   1       0.0899950000      1.0000000000
P  1 
   1       0.0359980000      1.0000000000
P  1 
   1       0.0143990000      1.0000000000
D  4 
   1     918.9318400000      0.0077681032
   2     334.1570330000      0.0463088728
   3     121.5116480000      0.2553974601
   4      44.1860540000      0.7967541979
D  1 
   1      16.0676560000      1.0000000000
D  1 
   1       5.8427840000      1.0000000000
D  1 
   1       2.1246490000      1.0000000000
D  1 
   1       0.7726000000      1.0000000000
D  1 
   1       0.2809450000      1.0000000000
D  1 
   1       0.1021620000      1.0000000000
D  1 
   1       0.0371500000      1.0000000000
D  1 
   1       0.0135090000      1.0000000000
F  4 
   1      23.0540210000      0.1070735584
   2       7.6846740000      0.3353098851
   3       2.5615580000      0.5162521776
   4       0.8538530000      0.3824521756
F  1 
   1       0.2846180000      1.0000000000
F  1 
   1       0.0948730000      1.0000000000

PROMETHIUM
S  6 
   1  1028523.650946000      0.0414290674
   2  457121.6226430000     -0.0085850454
   3  203165.1656190000      0.0994393387
   4   90295.6291640000      0.0875292377
   5   40131.3907400000      0.3115696355
   6   17836.1736620000      0.5794398958
S  1 
   1    7927.1882940000      1.0000000000
S  1 
   1    3523.1947970000      1.0000000000
S  1 
   1    1565.8643540000      1.0000000000
S  1 
   1     695.9397130000      1.0000000000
S  1 
   1     309.3065390000      1.0000000000
S  1 
   1     137.4695730000      1.0000000000
S  1 
   1      61.0975880000      1.0000000000
S  1 
   1      27.1544840000      1.0000000000
S  1 
   1      12.0686590000      1.0000000000
S  1 
   1       5.3638490000      1.0000000000
S  1 
   1       2.3839330000      1.0000000000
S  1 
   1       1.0595260000      1.0000000000
S  1 
   1       0.4709000000      1.0000000000
S  1 
   1       0.2092890000      1.0000000000
S  1 
   1       0.0930170000      1.0000000000
S  1 
   1       0.0413410000      1.0000000000
S  1 
   1       0.0183740000      1.0000000000
P  5 
   1   13902.5411060000      0.0086434807
   2    5561.0164430000      0.0146512381
   3    2224.4065770000      0.0726059163
   4     889.7626310000      0.2458685698
   5     355.9050520000      0.7523696283
P  1 
   1     142.3620210000      1.0000000000
P  1 
   1      56.9448080000      1.0000000000
P  1 
   1      22.7779230000      1.0000000000
P  1 
   1       9.1111690000      1.0000000000
P  1 
   1       3.6444680000      1.0000000000
P  1 
   1       1.4577870000      1.0000000000
P  1 
   1       0.5831150000      1.0000000000
P  1 
   1       0.2332460000      1.0000000000
P  1 
   1       0.0932980000      1.0000000000
P  1 
   1       0.0373190000      1.0000000000
P  1 
   1       0.0149280000      1.0000000000
D  4 
   1     961.1107520000      0.0077276147
   2     349.4948190000      0.0460276211
   3     127.0890250000      0.2544321617
   4      46.2141910000      0.7976699681
D  1 
   1      16.8051600000      1.0000000000
D  1 
   1       6.1109670000      1.0000000000
D  1 
   1       2.2221700000      1.0000000000
D  1 
   1       0.8080620000      1.0000000000
D  1 
   1       0.2938410000      1.0000000000
D  1 
   1       0.1068510000      1.0000000000
D  1 
   1       0.0388550000      1.0000000000
D  1 
   1       0.0141290000      1.0000000000
F  4 
   1      25.1300980000      0.1050643467
   2       8.3766990000      0.3357843572
   3       2.7922330000      0.5189665069
   4       0.9307440000      0.3793875462
F  1 
   1       0.3102480000      1.0000000000
F  1 
   1       0.1034160000      1.0000000000

SAMARIUM
S  6 
   1  1062932.540176000      0.0422997346
   2  472414.4623000000     -0.0088218632
   3  209961.9832450000      0.1008312094
   4   93316.4369980000      0.0877801497
   5   41473.9719990000      0.3125895683
   6   18432.8764440000      0.5771142711
S  1 
   1    8192.3895310000      1.0000000000
S  1 
   1    3641.0620140000      1.0000000000
S  1 
   1    1618.2497840000      1.0000000000
S  1 
   1     719.2221260000      1.0000000000
S  1 
   1     319.6542780000      1.0000000000
S  1 
   1     142.0685680000      1.0000000000
S  1 
   1      63.1415860000      1.0000000000
S  1 
   1      28.0629270000      1.0000000000
S  1 
   1      12.4724120000      1.0000000000
S  1 
   1       5.5432940000      1.0000000000
S  1 
   1       2.4636860000      1.0000000000
S  1 
   1       1.0949720000      1.0000000000
S  1 
   1       0.4866540000      1.0000000000
S  1 
   1       0.2162910000      1.0000000000
S  1 
   1       0.0961290000      1.0000000000
S  1 
   1       0.0427240000      1.0000000000
S  1 
   1       0.0189880000      1.0000000000
P  5 
   1   14404.1721250000      0.0087880127
   2    5761.6688500000      0.0147690000
   3    2304.6675400000      0.0730202922
   4     921.8670160000      0.2461646427
   5     368.7468060000      0.7517991310
P  1 
   1     147.4987230000      1.0000000000
P  1 
   1      58.9994890000      1.0000000000
P  1 
   1      23.5997960000      1.0000000000
P  1 
   1       9.4399180000      1.0000000000
P  1 
   1       3.7759670000      1.0000000000
P  1 
   1       1.5103870000      1.0000000000
P  1 
   1       0.6041550000      1.0000000000
P  1 
   1       0.2416620000      1.0000000000
P  1 
   1       0.0966650000      1.0000000000
P  1 
   1       0.0386660000      1.0000000000
P  1 
   1       0.0154660000      1.0000000000
D  4 
   1    1004.1583960000      0.0076928666
   2     365.1485080000      0.0457695207
   3     132.7812750000      0.2535329335
   4      48.2841000000      0.7985202215
D  1 
   1      17.5578550000      1.0000000000
D  1 
   1       6.3846740000      1.0000000000
D  1 
   1       2.3217000000      1.0000000000
D  1 
   1       0.8442540000      1.0000000000
D  1 
   1       0.3070020000      1.0000000000
D  1 
   1       0.1116370000      1.0000000000
D  1 
   1       0.0405950000      1.0000000000
D  1 
   1       0.0147620000      1.0000000000
F  4 
   1      27.1800850000      0.1034770459
   2       9.0600280000      0.3362208011
   3       3.0200090000      0.5210237505
   4       1.0066700000      0.3770064573
F  1 
   1       0.3355570000      1.0000000000
F  1 
   1       0.1118520000      1.0000000000

EUROPIUM
S  6 
   1  1097819.871374000      0.0431813583
   2  487919.9428330000     -0.0090614988
   3  216853.3079260000      0.1022351382
   4   96379.2479670000      0.0880307650
   5   42835.2213190000      0.3136108505
   6   19037.8761420000      0.5747720666
S  1 
   1    8461.2782850000      1.0000000000
S  1 
   1    3760.5681270000      1.0000000000
S  1 
   1    1671.3636120000      1.0000000000
S  1 
   1     742.8282720000      1.0000000000
S  1 
   1     330.1458990000      1.0000000000
S  1 
   1     146.7315110000      1.0000000000
S  1 
   1      65.2140050000      1.0000000000
S  1 
   1      28.9840020000      1.0000000000
S  1 
   1      12.8817790000      1.0000000000
S  1 
   1       5.7252350000      1.0000000000
S  1 
   1       2.5445490000      1.0000000000
S  1 
   1       1.1309110000      1.0000000000
S  1 
   1       0.5026270000      1.0000000000
S  1 
   1       0.2233900000      1.0000000000
S  1 
   1       0.0992840000      1.0000000000
S  1 
   1       0.0441260000      1.0000000000
S  1 
   1       0.0196120000      1.0000000000
P  5 
   1   14914.5995620000      0.0089347322
   2    5965.8398250000      0.0148901001
   3    2386.3359300000      0.0734444803
   4     954.5343720000      0.2464749696
   5     381.8137490000      0.7512079243
P  1 
   1     152.7255000000      1.0000000000
P  1 
   1      61.0902000000      1.0000000000
P  1 
   1      24.4360800000      1.0000000000
P  1 
   1       9.7744320000      1.0000000000
P  1 
   1       3.9097730000      1.0000000000
P  1 
   1       1.5639090000      1.0000000000
P  1 
   1       0.6255640000      1.0000000000
P  1 
   1       0.2502250000      1.0000000000
P  1 
   1       0.1000900000      1.0000000000
P  1 
   1       0.0400360000      1.0000000000
P  1 
   1       0.0160140000      1.0000000000
D  4 
   1    1048.0606430000      0.0076637453
   2     381.1129610000      0.0455343118
   3     138.5865310000      0.2527033058
   4      50.3951020000      0.7993023642
D  1 
   1      18.3254920000      1.0000000000
D  1 
   1       6.6638150000      1.0000000000
D  1 
   1       2.4232060000      1.0000000000
D  1 
   1       0.8811660000      1.0000000000
D  1 
   1       0.3204240000      1.0000000000
D  1 
   1       0.1165180000      1.0000000000
D  1 
   1       0.0423700000      1.0000000000
D  1 
   1       0.0154070000      1.0000000000
F  4 
   1      29.2179750000      0.1022110063
   2       9.7393250000      0.3367357225
   3       3.2464420000      0.5226352481
   4       1.0821470000      0.3749679608
F  1 
   1       0.3607160000      1.0000000000
F  1 
   1       0.1202390000      1.0000000000

GADOLIUM
S  6 
   1  1133304.941480000      0.0440748754
   2  503691.0851020000     -0.0093042563
   3  223862.7044900000      0.1036522375
   4   99494.5353290000      0.0882809229
   5   44219.7934790000      0.3146334704
   6   19653.2415460000      0.5724124174
S  1 
   1    8734.7740210000      1.0000000000
S  1 
   1    3882.1217870000      1.0000000000
S  1 
   1    1725.3874610000      1.0000000000
S  1 
   1     766.8388710000      1.0000000000
S  1 
   1     340.8172760000      1.0000000000
S  1 
   1     151.4743450000      1.0000000000
S  1 
   1      67.3219310000      1.0000000000
S  1 
   1      29.9208580000      1.0000000000
S  1 
   1      13.2981590000      1.0000000000
S  1 
   1       5.9102930000      1.0000000000
S  1 
   1       2.6267970000      1.0000000000
S  1 
   1       1.1674650000      1.0000000000
S  1 
   1       0.5188730000      1.0000000000
S  1 
   1       0.2306100000      1.0000000000
S  1 
   1       0.1024940000      1.0000000000
S  1 
   1       0.0455530000      1.0000000000
S  1 
   1       0.0202460000      1.0000000000
P  5 
   1   15432.8043060000      0.0090838178
   2    6173.1217220000      0.0150147061
   3    2469.2486890000      0.0738806319
   4     987.6994760000      0.2468006592
   5     395.0797900000      0.7505935947
P  1 
   1     158.0319160000      1.0000000000
P  1 
   1      63.2127660000      1.0000000000
P  1 
   1      25.2851070000      1.0000000000
P  1 
   1      10.1140430000      1.0000000000
P  1 
   1       4.0456170000      1.0000000000
P  1 
   1       1.6182470000      1.0000000000
P  1 
   1       0.6472990000      1.0000000000
P  1 
   1       0.2589190000      1.0000000000
P  1 
   1       0.1035680000      1.0000000000
P  1 
   1       0.0414270000      1.0000000000
P  1 
   1       0.0165710000      1.0000000000
D  4 
   1    1092.7062230000      0.0076399926
   2     397.3477180000      0.0453240054
   3     144.4900790000      0.2519250577
   4      52.5418470000      0.8000308622
D  1 
   1      19.1061260000      1.0000000000
D  1 
   1       6.9476820000      1.0000000000
D  1 
   1       2.5264300000      1.0000000000
D  1 
   1       0.9187020000      1.0000000000
D  1 
   1       0.3340730000      1.0000000000
D  1 
   1       0.1214810000      1.0000000000
D  1 
   1       0.0441750000      1.0000000000
D  1 
   1       0.0160640000      1.0000000000
F  4 
   1      34.7127000000      0.0889141520
   2      11.5709000000      0.3215879401
   3       3.8569670000      0.5353561974
   4       1.2856560000      0.3797355400
F  1 
   1       0.4285520000      1.0000000000
F  1 
   1       0.1428510000      1.0000000000

TERBIUM
S  6 
   1  1169335.032050000      0.0449802062
   2  519704.4586890000     -0.0095502775
   3  230979.7594170000      0.1050823768
   4  102657.6708520000      0.0885302078
   5   45625.6314900000      0.3156574664
   6   20278.0584400000      0.5700356784
S  1 
   1    9012.4704180000      1.0000000000
S  1 
   1    4005.5424080000      1.0000000000
S  1 
   1    1780.2410700000      1.0000000000
S  1 
   1     791.2182530000      1.0000000000
S  1 
   1     351.6525570000      1.0000000000
S  1 
   1     156.2900250000      1.0000000000
S  1 
   1      69.4622330000      1.0000000000
S  1 
   1      30.8721040000      1.0000000000
S  1 
   1      13.7209350000      1.0000000000
S  1 
   1       6.0981930000      1.0000000000
S  1 
   1       2.7103080000      1.0000000000
S  1 
   1       1.2045810000      1.0000000000
S  1 
   1       0.5353700000      1.0000000000
S  1 
   1       0.2379420000      1.0000000000
S  1 
   1       0.1057520000      1.0000000000
S  1 
   1       0.0470010000      1.0000000000
S  1 
   1       0.0208890000      1.0000000000
P  5 
   1   15962.9363470000      0.0092346753
   2    6385.1745390000      0.0151418819
   3    2554.0698150000      0.0743201995
   4    1021.6279260000      0.2471325958
   5     408.6511700000      0.7499698872
P  1 
   1     163.4604680000      1.0000000000
P  1 
   1      65.3841870000      1.0000000000
P  1 
   1      26.1536750000      1.0000000000
P  1 
   1      10.4614700000      1.0000000000
P  1 
   1       4.1845880000      1.0000000000
P  1 
   1       1.6738350000      1.0000000000
P  1 
   1       0.6695340000      1.0000000000
P  1 
   1       0.2678140000      1.0000000000
P  1 
   1       0.1071250000      1.0000000000
P  1 
   1       0.0428500000      1.0000000000
P  1 
   1       0.0171400000      1.0000000000
D  4 
   1    1138.5148960000      0.0076196509
   2     414.0054170000      0.0451221404
   3     150.5474240000      0.2512053792
   4      54.7445180000      0.8007066781
D  1 
   1      19.9070970000      1.0000000000
D  1 
   1       7.2389450000      1.0000000000
D  1 
   1       2.6323430000      1.0000000000
D  1 
   1       0.9572160000      1.0000000000
D  1 
   1       0.3480780000      1.0000000000
D  1 
   1       0.1265740000      1.0000000000
D  1 
   1       0.0460270000      1.0000000000
D  1 
   1       0.0167370000      1.0000000000
F  4 
   1      32.1811360000      0.1054085242
   2      10.7270450000      0.3444950534
   3       3.5756820000      0.5204710961
   4       1.1918940000      0.3682067467
F  1 
   1       0.3972980000      1.0000000000
F  1 
   1       0.1324330000      1.0000000000

DYSPROSIUM
S  6 
   1  1205955.486947000      0.0458979417
   2  535980.2164210000     -0.0098001590
   3  238213.4295200000      0.1065264980
   4  105872.6353420000      0.0887780539
   5   47054.5045970000      0.3166818717
   6   20913.1131540000      0.5676426587
S  1 
   1    9294.7169570000      1.0000000000
S  1 
   1    4130.9853140000      1.0000000000
S  1 
   1    1835.9934730000      1.0000000000
S  1 
   1     815.9970990000      1.0000000000
S  1 
   1     362.6653770000      1.0000000000
S  1 
   1     161.1846120000      1.0000000000
S  1 
   1      71.6376050000      1.0000000000
S  1 
   1      31.8389360000      1.0000000000
S  1 
   1      14.1506380000      1.0000000000
S  1 
   1       6.2891720000      1.0000000000
S  1 
   1       2.7951880000      1.0000000000
S  1 
   1       1.2423060000      1.0000000000
S  1 
   1       0.5521360000      1.0000000000
S  1 
   1       0.2453940000      1.0000000000
S  1 
   1       0.1090640000      1.0000000000
S  1 
   1       0.0484730000      1.0000000000
S  1 
   1       0.0215430000      1.0000000000
P  5 
   1   16500.5200280000      0.0093879280
   2    6600.2080110000      0.0152725854
   3    2640.0832040000      0.0747718818
   4    1056.0332820000      0.2474802452
   5     422.4133130000      0.7493225441
P  1 
   1     168.9653250000      1.0000000000
P  1 
   1      67.5861300000      1.0000000000
P  1 
   1      27.0344520000      1.0000000000
P  1 
   1      10.8137810000      1.0000000000
P  1 
   1       4.3255120000      1.0000000000
P  1 
   1       1.7302050000      1.0000000000
P  1 
   1       0.6920820000      1.0000000000
P  1 
   1       0.2768330000      1.0000000000
P  1 
   1       0.1107330000      1.0000000000
P  1 
   1       0.0442930000      1.0000000000
P  1 
   1       0.0177170000      1.0000000000
D  4 
   1    1185.0486620000      0.0076044048
   2     430.9267860000      0.0449434374
   3     156.7006500000      0.2505391173
   4      56.9820540000      0.8013281675
D  1 
   1      20.7207470000      1.0000000000
D  1 
   1       7.5348170000      1.0000000000
D  1 
   1       2.7399330000      1.0000000000
D  1 
   1       0.9963390000      1.0000000000
D  1 
   1       0.3623050000      1.0000000000
D  1 
   1       0.1317470000      1.0000000000
D  1 
   1       0.0479080000      1.0000000000
D  1 
   1       0.0174210000      1.0000000000
F  4 
   1      33.8369440000      0.1062577579
   2      11.2789810000      0.3471635192
   3       3.7596600000      0.5199652021
   4       1.2532200000      0.3656446753
F  1 
   1       0.4177400000      1.0000000000
F  1 
   1       0.1392470000      1.0000000000

HOLMIUM
S  6 
   1  1243224.036239000      0.0468285068
   2  552544.0161060000     -0.0100534868
   3  245575.1182690000      0.1079846699
   4  109144.4970090000      0.0890246800
   5   48508.6653370000      0.3177088523
   6   21559.4068170000      0.5652304293
S  1 
   1    9581.9585850000      1.0000000000
S  1 
   1    4258.6482600000      1.0000000000
S  1 
   1    1892.7325600000      1.0000000000
S  1 
   1     841.2144710000      1.0000000000
S  1 
   1     373.8730980000      1.0000000000
S  1 
   1     166.1658210000      1.0000000000
S  1 
   1      73.8514760000      1.0000000000
S  1 
   1      32.8228780000      1.0000000000
S  1 
   1      14.5879460000      1.0000000000
S  1 
   1       6.4835320000      1.0000000000
S  1 
   1       2.8815700000      1.0000000000
S  1 
   1       1.2806980000      1.0000000000
S  1 
   1       0.5691990000      1.0000000000
S  1 
   1       0.2529770000      1.0000000000
S  1 
   1       0.1124340000      1.0000000000
S  1 
   1       0.0499710000      1.0000000000
S  1 
   1       0.0222090000      1.0000000000
P  5 
   1   17047.2980980000      0.0095433539
   2    6818.9192390000      0.0154063994
   3    2727.5676960000      0.0752322530
   4    1091.0270780000      0.2478392999
   5     436.4108310000      0.7486576588
P  1 
   1     174.5643330000      1.0000000000
P  1 
   1      69.8257330000      1.0000000000
P  1 
   1      27.9302930000      1.0000000000
P  1 
   1      11.1721170000      1.0000000000
P  1 
   1       4.4688470000      1.0000000000
P  1 
   1       1.7875390000      1.0000000000
P  1 
   1       0.7150160000      1.0000000000
P  1 
   1       0.2860060000      1.0000000000
P  1 
   1       0.1144020000      1.0000000000
P  1 
   1       0.0457610000      1.0000000000
P  1 
   1       0.0183040000      1.0000000000
D  4 
   1    1232.4390880000      0.0075934172
   2     448.1596690000      0.0447819424
   3     162.9671520000      0.2499251619
   4      59.2607830000      0.8018988139
D  1 
   1      21.5493750000      1.0000000000
D  1 
   1       7.8361370000      1.0000000000
D  1 
   1       2.8495040000      1.0000000000
D  1 
   1       1.0361830000      1.0000000000
D  1 
   1       0.3767940000      1.0000000000
D  1 
   1       0.1370160000      1.0000000000
D  1 
   1       0.0498240000      1.0000000000
D  1 
   1       0.0181180000      1.0000000000
F  4 
   1      35.5734580000      0.1068227395
   2      11.8578190000      0.3493367403
   3       3.9526060000      0.5196567498
   4       1.3175350000      0.3634670930
F  1 
   1       0.4391780000      1.0000000000
F  1 
   1       0.1463930000      1.0000000000

ERBIUM
S  6 
   1  1280982.187936000      0.0477713870
   2  569325.4168600000     -0.0103106888
   3  253033.5186050000      0.1094564524
   4  112459.3416020000      0.0892693241
   5   49981.9296010000      0.3187372795
   6   22214.1909340000      0.5628013149
S  1 
   1    9872.9737480000      1.0000000000
S  1 
   1    4387.9883330000      1.0000000000
S  1 
   1    1950.2170370000      1.0000000000
S  1 
   1     866.7631270000      1.0000000000
S  1 
   1     385.2280570000      1.0000000000
S  1 
   1     171.2124700000      1.0000000000
S  1 
   1      76.0944310000      1.0000000000
S  1 
   1      33.8197470000      1.0000000000
S  1 
   1      15.0309990000      1.0000000000
S  1 
   1       6.6804440000      1.0000000000
S  1 
   1       2.9690860000      1.0000000000
S  1 
   1       1.3195940000      1.0000000000
S  1 
   1       0.5864860000      1.0000000000
S  1 
   1       0.2606610000      1.0000000000
S  1 
   1       0.1158490000      1.0000000000
S  1 
   1       0.0514880000      1.0000000000
S  1 
   1       0.0228840000      1.0000000000
P  5 
   1   17602.8164910000      0.0097010045
   2    7041.1265960000      0.0155434071
   3    2816.4506390000      0.0757018689
   4    1126.5802550000      0.2482106833
   5     450.6321020000      0.7479739729
P  1 
   1     180.2528410000      1.0000000000
P  1 
   1      72.1011360000      1.0000000000
P  1 
   1      28.8404550000      1.0000000000
P  1 
   1      11.5361820000      1.0000000000
P  1 
   1       4.6144730000      1.0000000000
P  1 
   1       1.8457890000      1.0000000000
P  1 
   1       0.7383160000      1.0000000000
P  1 
   1       0.2953260000      1.0000000000
P  1 
   1       0.1181310000      1.0000000000
P  1 
   1       0.0472520000      1.0000000000
P  1 
   1       0.0189010000      1.0000000000
D  4 
   1    1280.6903600000      0.0075864020
   2     465.7055860000      0.0446364351
   3     169.3474860000      0.2493597552
   4      61.5809040000      0.8024223371
D  1 
   1      22.3930560000      1.0000000000
D  1 
   1       8.1429290000      1.0000000000
D  1 
   1       2.9610650000      1.0000000000
D  1 
   1       1.0767510000      1.0000000000
D  1 
   1       0.3915460000      1.0000000000
D  1 
   1       0.1423800000      1.0000000000
D  1 
   1       0.0517750000      1.0000000000
D  1 
   1       0.0188270000      1.0000000000
F  4 
   1      37.3757410000      0.1071974660
   2      12.4585800000      0.3511524804
   3       4.1528600000      0.5194721569
   4       1.3842870000      0.3615878079
F  1 
   1       0.4614290000      1.0000000000
F  1 
   1       0.1538100000      1.0000000000

THULIUM
S  6 
   1  1319284.994791000      0.0487272084
   2  586348.8865740000     -0.0105720332
   3  260599.5051440000      0.1109426850
   4  115822.0022860000      0.0895115359
   5   51476.4454610000      0.3197678523
   6   22878.4202050000      0.5603542147
S  1 
   1   10168.1867580000      1.0000000000
S  1 
   1    4519.1941150000      1.0000000000
S  1 
   1    2008.5307180000      1.0000000000
S  1 
   1     892.6803190000      1.0000000000
S  1 
   1     396.7468080000      1.0000000000
S  1 
   1     176.3319150000      1.0000000000
S  1 
   1      78.3697400000      1.0000000000
S  1 
   1      34.8309960000      1.0000000000
S  1 
   1      15.4804420000      1.0000000000
S  1 
   1       6.8801970000      1.0000000000
S  1 
   1       3.0578650000      1.0000000000
S  1 
   1       1.3590510000      1.0000000000
S  1 
   1       0.6040230000      1.0000000000
S  1 
   1       0.2684550000      1.0000000000
S  1 
   1       0.1193130000      1.0000000000
S  1 
   1       0.0530280000      1.0000000000
S  1 
   1       0.0235680000      1.0000000000
P  5 
   1   18167.9700320000      0.0098608158
   2    7267.1880130000      0.0156833695
   3    2906.8752050000      0.0761794003
   4    1162.7500820000      0.2485916936
   5     465.1000330000      0.7472747963
P  1 
   1     186.0400130000      1.0000000000
P  1 
   1      74.4160050000      1.0000000000
P  1 
   1      29.7664020000      1.0000000000
P  1 
   1      11.9065610000      1.0000000000
P  1 
   1       4.7626240000      1.0000000000
P  1 
   1       1.9050500000      1.0000000000
P  1 
   1       0.7620200000      1.0000000000
P  1 
   1       0.3048080000      1.0000000000
P  1 
   1       0.1219230000      1.0000000000
P  1 
   1       0.0487690000      1.0000000000
P  1 
   1       0.0195080000      1.0000000000
D  4 
   1    1329.8192350000      0.0075830239
   2     483.5706310000      0.0445054663
   3     175.8438660000      0.2488380172
   4      63.9432240000      0.8029034482
D  1 
   1      23.2520810000      1.0000000000
D  1 
   1       8.4553020000      1.0000000000
D  1 
   1       3.0746550000      1.0000000000
D  1 
   1       1.1180570000      1.0000000000
D  1 
   1       0.4065660000      1.0000000000
D  1 
   1       0.1478420000      1.0000000000
D  1 
   1       0.0537610000      1.0000000000
D  1 
   1       0.0195490000      1.0000000000
F  4 
   1      39.2338200000      0.1074447982
   2      13.0779400000      0.3527048091
   3       4.3593130000      0.5193649602
   4       1.4531040000      0.3599427188
F  1 
   1       0.4843680000      1.0000000000
F  1 
   1       0.1614560000      1.0000000000

YTTERBIUM
S  6 
   1  1358076.401925000      0.0496959645
   2  603589.5119670000     -0.0108376169
   3  268262.0053190000      0.1124431010
   4  119227.5579190000      0.0897513516
   5   52990.0257420000      0.3207996474
   6   23551.1225520000      0.5578901152
S  1 
   1   10467.1655790000      1.0000000000
S  1 
   1    4652.0735910000      1.0000000000
S  1 
   1    2067.5882620000      1.0000000000
S  1 
   1     918.9281170000      1.0000000000
S  1 
   1     408.4124960000      1.0000000000
S  1 
   1     181.5166650000      1.0000000000
S  1 
   1      80.6740730000      1.0000000000
S  1 
   1      35.8551440000      1.0000000000
S  1 
   1      15.9356190000      1.0000000000
S  1 
   1       7.0824980000      1.0000000000
S  1 
   1       3.1477770000      1.0000000000
S  1 
   1       1.3990120000      1.0000000000
S  1 
   1       0.6217830000      1.0000000000
S  1 
   1       0.2763480000      1.0000000000
S  1 
   1       0.1228210000      1.0000000000
S  1 
   1       0.0545870000      1.0000000000
S  1 
   1       0.0242610000      1.0000000000
P  5 
   1   18741.9577990000      0.0100228710
   2    7496.7831200000      0.0158264627
   3    2998.7132480000      0.0766658728
   4    1199.4852990000      0.2489842474
   5     479.7941200000      0.7465576446
P  1 
   1     191.9176480000      1.0000000000
P  1 
   1      76.7670590000      1.0000000000
P  1 
   1      30.7068240000      1.0000000000
P  1 
   1      12.2827290000      1.0000000000
P  1 
   1       4.9130920000      1.0000000000
P  1 
   1       1.9652370000      1.0000000000
P  1 
   1       0.7860950000      1.0000000000
P  1 
   1       0.3144380000      1.0000000000
P  1 
   1       0.1257750000      1.0000000000
P  1 
   1       0.0503100000      1.0000000000
P  1 
   1       0.0201240000      1.0000000000
D  4 
   1    1379.8152340000      0.0075831557
   2     501.7509940000      0.0443885329
   3     182.4549070000      0.2483587502
   4      66.3472390000      0.8033434192
D  1 
   1      24.1262690000      1.0000000000
D  1 
   1       8.7731890000      1.0000000000
D  1 
   1       3.1902500000      1.0000000000
D  1 
   1       1.1600910000      1.0000000000
D  1 
   1       0.4218510000      1.0000000000
D  1 
   1       0.1534000000      1.0000000000
D  1 
   1       0.0557820000      1.0000000000
D  1 
   1       0.0202840000      1.0000000000
F  4 
   1      41.1409390000      0.1076071148
   2      13.7136460000      0.3540592739
   3       4.5712150000      0.5193050550
   4       1.5237380000      0.3584834866
F  1 
   1       0.5079130000      1.0000000000
F  1 
   1       0.1693040000      1.0000000000

LUTETIUM
S  6 
   1  1397555.920017000      0.0506790471
   2  621135.9644520000     -0.0111082063
   3  276060.4286450000      0.1139610010
   4  122693.5238420000      0.0899857024
   5   54530.4550410000      0.3218387433
   6   24235.7577960000      0.5554030308
S  1 
   1   10771.4479090000      1.0000000000
S  1 
   1    4787.3101820000      1.0000000000
S  1 
   1    2127.6934140000      1.0000000000
S  1 
   1     945.6415170000      1.0000000000
S  1 
   1     420.2851190000      1.0000000000
S  1 
   1     186.7933860000      1.0000000000
S  1 
   1      83.0192830000      1.0000000000
S  1 
   1      36.8974590000      1.0000000000
S  1 
   1      16.3988710000      1.0000000000
S  1 
   1       7.2883870000      1.0000000000
S  1 
   1       3.2392830000      1.0000000000
S  1 
   1       1.4396810000      1.0000000000
S  1 
   1       0.6398580000      1.0000000000
S  1 
   1       0.2843820000      1.0000000000
S  1 
   1       0.1263920000      1.0000000000
S  1 
   1       0.0561740000      1.0000000000
S  1 
   1       0.0249660000      1.0000000000
P  5 
   1   19323.3677850000      0.0101873752
   2    7729.3471140000      0.0159729337
   3    3091.7388460000      0.0771638277
   4    1236.6955380000      0.2493907341
   5     494.6782150000      0.7458186446
P  1 
   1     197.8712860000      1.0000000000
P  1 
   1      79.1485140000      1.0000000000
P  1 
   1      31.6594060000      1.0000000000
P  1 
   1      12.6637620000      1.0000000000
P  1 
   1       5.0655050000      1.0000000000
P  1 
   1       2.0262020000      1.0000000000
P  1 
   1       0.8104810000      1.0000000000
P  1 
   1       0.3241920000      1.0000000000
P  1 
   1       0.1296770000      1.0000000000
P  1 
   1       0.0518710000      1.0000000000
P  1 
   1       0.0207480000      1.0000000000
D  4 
   1    1430.5278870000      0.0075872819
   2     520.1919590000      0.0442894993
   3     189.1607120000      0.2479224611
   4      68.7857140000      0.8037403229
D  1 
   1      25.0129870000      1.0000000000
D  1 
   1       9.0956320000      1.0000000000
D  1 
   1       3.3075020000      1.0000000000
D  1 
   1       1.2027280000      1.0000000000
D  1 
   1       0.4373560000      1.0000000000
D  1 
   1       0.1590380000      1.0000000000
D  1 
   1       0.0578320000      1.0000000000
D  1 
   1       0.0210300000      1.0000000000
F  4 
   1      46.7781990000      0.0966307921
   2      15.5927330000      0.3413581972
   3       5.1975780000      0.5280448991
   4       1.7325260000      0.3657218238
F  1 
   1       0.5775090000      1.0000000000
F  1 
   1       0.1925030000      1.0000000000
$END
