
 BASIS &quot;aobasis&quot; print
 Ga  S
       58304.000000   0.0000090   0.0000000   0.0000000   0.0000000
        8750.110000   0.0000690   0.0000000   0.0000000   0.0000000
        1993.740000   0.0003380   0.0000000   0.0000000   0.0000000
         561.211000   0.0011640   0.0000000   0.0000000   0.0000000
         169.483000   0.0027600   0.0000000   0.0000000   0.0000000
          50.634300  -0.0303200   0.0000000   0.0000000   0.0000000
          19.755900  -0.2745810   0.0000000   0.0000000   0.0000000
          10.880100  -0.2901780   0.0000000   0.0000000   0.0000000
           3.365730   0.4639660   0.0000000   0.0000000   0.0000000
           1.786390   0.5555760   0.0000000   0.0000000   0.0000000
          15.757000   0.0000000   0.0000000   0.0000000   0.0000000
           7.708400   0.0000000   0.0000000   0.0000000   0.0000000
           3.771000   0.0000000   0.0000000   0.0000000   0.0000000
 Ga  S
          31.627800   1.0000000
 Ga  S
           0.924856   1.0000000
 Ga  S
           0.385052   1.0000000
 Ga  S
           0.197438   1.0000000
 Ga  S
           0.093340   1.0000000
 Ga  S
           0.043042   1.0000000
 Ga  S
           1.844800   1.0000000
 Ga  P
        1291.850000   0.0000370   0.0000000   0.0000000   0.0000000
         304.533000   0.0002530   0.0000000   0.0000000   0.0000000
          65.124000   0.0063340   0.0000000   0.0000000   0.0000000
          17.783600  -0.0784410   0.0000000   0.0000000   0.0000000
           5.959940   0.2364080   0.0000000   0.0000000   0.0000000
           3.164870   0.4114670   0.0000000   0.0000000   0.0000000
           1.638550   0.3513880   0.0000000   0.0000000   0.0000000
          10.592900   0.0000000   0.0000000   0.0000000   0.0000000
           5.567300   0.0000000   0.0000000   0.0000000   0.0000000
           2.926000   0.0000000   0.0000000   0.0000000   0.0000000
 Ga  P
          35.080800   1.0000000
 Ga  P
           0.819048   1.0000000
 Ga  P
           0.340790   1.0000000
 Ga  P
           0.149812   1.0000000
 Ga  P
           0.065302   1.0000000
 Ga  P
           0.028186   1.0000000
 Ga  P
           1.537800   1.0000000
 Ga  D
         937.397000   0.0000670   0.0000000   0.0000000   0.0000000
         284.021000   0.0007100   0.0000000   0.0000000   0.0000000
         111.601000   0.0049490   0.0000000   0.0000000   0.0000000
          51.984400   0.0230450   0.0000000   0.0000000   0.0000000
          25.499100   0.0624300   0.0000000   0.0000000   0.0000000
          12.975700   0.1369690   0.0000000   0.0000000   0.0000000
           6.732800   0.2246600   0.0000000   0.0000000   0.0000000
           3.488290   0.2830560   0.0000000   0.0000000   0.0000000
           1.777810   0.2811840   0.0000000   0.0000000   0.0000000
           9.490200   0.0000000   0.0000000   0.0000000   0.0000000
           5.512000   0.0000000   0.0000000   0.0000000   0.0000000
           3.201500   0.0000000   0.0000000   0.0000000   0.0000000
 Ga  D
           0.882996   1.0000000
 Ga  D
           0.420277   1.0000000
 Ga  D
           0.182175   1.0000000
 Ga  D
           0.073600   1.0000000
 Ga  D
           1.859500   1.0000000
 Ga  F
          15.005500   0.0000000   0.0000000   0.0000000
           6.708000   0.0000000   0.0000000   0.0000000
           2.998700   0.0000000   0.0000000   0.0000000
 Ga  F
           0.612900   1.0000000
 Ga  F
           0.293900   1.0000000
 Ga  F
           0.140900   1.0000000
 Ga  F
           1.340500   1.0000000
 Ga  G
           9.475300   0.0000000   0.0000000
           3.795500   0.0000000   0.0000000
 Ga  G
           0.616400   1.0000000
 Ga  G
           0.281600   1.0000000
 Ga  G
           1.520400   1.0000000
           8.065600   0.0000000
 Ga  H
           0.514100   1.0000000
 Ga  H
           1.731500   1.0000000
 Ga  I
           1.760000   1.0000000
#
# BASIS SET: (16s,13p,13d,3f,2g,1h) -&gt; [7s,6p,5d,3f,2g,1h] matc
 Ge  S
       66248.000000   0.0000130   0.0000000   0.0000000   0.0000000
        9994.240000   0.0000960   0.0000000   0.0000000   0.0000000
        2275.140000   0.0004790   0.0000000   0.0000000   0.0000000
         640.951000   0.0016720   0.0000000   0.0000000   0.0000000
         200.286000   0.0038160   0.0000000   0.0000000   0.0000000
          52.593700  -0.0220560   0.0000000   0.0000000   0.0000000
          20.523600  -0.3135580   0.0000000   0.0000000   0.0000000
          10.887500  -0.2593200   0.0000000   0.0000000   0.0000000
           4.200610   0.3017940   0.0000000   0.0000000   0.0000000
           2.371050   0.5832880   0.0000000   0.0000000   0.0000000
          18.340500   0.0000000   0.0000000   0.0000000   0.0000000
           9.355500   0.0000000   0.0000000   0.0000000   0.0000000
           4.772200   0.0000000   0.0000000   0.0000000   0.0000000
 Ge  S
          32.854000   1.0000000
 Ge  S
           1.238650   1.0000000
 Ge  S
           0.552495   1.0000000
 Ge  S
           0.289367   1.0000000
 Ge  S
           0.132536   1.0000000
 Ge  S
           0.059399   1.0000000
 Ge  S
           2.434300   1.0000000
 Ge  P
        1379.480000   0.0000430   0.0000000   0.0000000   0.0000000
         323.535000   0.0003080   0.0000000   0.0000000   0.0000000
          72.264400   0.0053190   0.0000000   0.0000000   0.0000000
          17.898300  -0.0723920   0.0000000   0.0000000   0.0000000
           6.911500   0.1980710   0.0000000   0.0000000   0.0000000
           3.780670   0.3949700   0.0000000   0.0000000   0.0000000
           1.988100   0.3764380   0.0000000   0.0000000   0.0000000
          11.890500   0.0000000   0.0000000   0.0000000   0.0000000
           6.461800   0.0000000   0.0000000   0.0000000   0.0000000
           3.511600   0.0000000   0.0000000   0.0000000   0.0000000
 Ge  P
          31.334000   1.0000000
 Ge  P
           1.009050   1.0000000
 Ge  P
           0.440505   1.0000000
 Ge  P
           0.201810   1.0000000
 Ge  P
           0.090681   1.0000000
 Ge  P
           0.039748   1.0000000
 Ge  P
           1.908300   1.0000000
 Ge  D
        1096.490000   0.0000590   0.0000000   0.0000000   0.0000000
         332.652000   0.0006190   0.0000000   0.0000000   0.0000000
         130.539000   0.0042520   0.0000000   0.0000000   0.0000000
          60.085500   0.0209790   0.0000000   0.0000000   0.0000000
          29.820300   0.0582370   0.0000000   0.0000000   0.0000000
          15.210300   0.1322000   0.0000000   0.0000000   0.0000000
           7.934610   0.2229070   0.0000000   0.0000000   0.0000000
           4.129930   0.2862040   0.0000000   0.0000000   0.0000000
           2.121650   0.2869280   0.0000000   0.0000000   0.0000000
          11.187800   0.0000000   0.0000000   0.0000000   0.0000000
           6.595300   0.0000000   0.0000000   0.0000000   0.0000000
           3.888000   0.0000000   0.0000000   0.0000000   0.0000000
 Ge  D
           1.067330   1.0000000
 Ge  D
           0.514934   1.0000000
 Ge  D
           0.223160   1.0000000
 Ge  D
           0.092400   1.0000000
 Ge  D
           2.292000   1.0000000
 Ge  F
          16.431700   0.0000000   0.0000000   0.0000000
           7.404200   0.0000000   0.0000000   0.0000000
           3.336400   0.0000000   0.0000000   0.0000000
 Ge  F
           0.677100   1.0000000
 Ge  F
           0.334700   1.0000000
 Ge  F
           0.165500   1.0000000
 Ge  F
           1.503400   1.0000000
 Ge  G
          10.532400   0.0000000   0.0000000
           4.266900   0.0000000   0.0000000
 Ge  G
           0.699800   1.0000000
 Ge  G
           0.322000   1.0000000
 Ge  G
           1.728600   1.0000000
           9.182000   0.0000000
 Ge  H
           0.596600   1.0000000
 Ge  H
           1.954600   1.0000000
 Ge  I
           1.985900   1.0000000
#
# BASIS SET: (16s,13p,13d,3f,2g,1h) -&gt; [7s,6p,5d,3f,2g,1h] matc
 As  S
       72721.400000   0.0000190   0.0000000   0.0000000   0.0000000
       10918.700000   0.0001470   0.0000000   0.0000000   0.0000000
        2483.490000   0.0007310   0.0000000   0.0000000   0.0000000
         700.283000   0.0025770   0.0000000   0.0000000   0.0000000
         220.866000   0.0059010   0.0000000   0.0000000   0.0000000
          54.862400  -0.0108950   0.0000000   0.0000000   0.0000000
          21.412200  -0.3326000   0.0000000   0.0000000   0.0000000
          11.209000  -0.2236930   0.0000000   0.0000000   0.0000000
           4.709030   0.2724230   0.0000000   0.0000000   0.0000000
           2.628020   0.5951570   0.0000000   0.0000000   0.0000000
          20.482300   0.0000000   0.0000000   0.0000000   0.0000000
          10.645300   0.0000000   0.0000000   0.0000000   0.0000000
           5.532700   0.0000000   0.0000000   0.0000000   0.0000000
 As  S
          34.271200   1.0000000
 As  S
           1.377300   1.0000000
 As  S
           0.619687   1.0000000
 As  S
           0.335222   1.0000000
 As  S
           0.158124   1.0000000
 As  S
           0.072326   1.0000000
 As  S
           2.875500   1.0000000
 As  P
        1376.840000   0.0000550   0.0000000   0.0000000   0.0000000
         323.221000   0.0003900   0.0000000   0.0000000   0.0000000
          72.904500   0.0061360   0.0000000   0.0000000   0.0000000
          18.602800  -0.0646780   0.0000000   0.0000000   0.0000000
           7.479220   0.2043790   0.0000000   0.0000000   0.0000000
           4.073270   0.4029820   0.0000000   0.0000000   0.0000000
           2.157420   0.3717230   0.0000000   0.0000000   0.0000000
          12.932100   0.0000000   0.0000000   0.0000000   0.0000000
           7.146700   0.0000000   0.0000000   0.0000000   0.0000000
           3.949500   0.0000000   0.0000000   0.0000000   0.0000000
 As  P
          29.835800   1.0000000
 As  P
           1.114570   1.0000000
 As  P
           0.510021   1.0000000
 As  P
           0.239733   1.0000000
 As  P
           0.110571   1.0000000
 As  P
           0.049600   1.0000000
 As  P
           2.182700   1.0000000
 As  D
        1074.560000   0.0000780   0.0000000   0.0000000   0.0000000
         326.213000   0.0008150   0.0000000   0.0000000   0.0000000
         128.470000   0.0054910   0.0000000   0.0000000   0.0000000
          59.391600   0.0262340   0.0000000   0.0000000   0.0000000
          29.713600   0.0694970   0.0000000   0.0000000   0.0000000
          15.263300   0.1468480   0.0000000   0.0000000   0.0000000
           8.036260   0.2345940   0.0000000   0.0000000   0.0000000
           4.245850   0.2883830   0.0000000   0.0000000   0.0000000
           2.228400   0.2762330   0.0000000   0.0000000   0.0000000
          12.406000   0.0000000   0.0000000   0.0000000   0.0000000
           7.208700   0.0000000   0.0000000   0.0000000   0.0000000
           4.188700   0.0000000   0.0000000   0.0000000   0.0000000
 As  D
           1.149910   1.0000000
 As  D
           0.567315   1.0000000
 As  D
           0.246812   1.0000000
 As  D
           0.104500   1.0000000
 As  D
           2.433900   1.0000000
 As  F
          18.154600   0.0000000   0.0000000   0.0000000
           8.261700   0.0000000   0.0000000   0.0000000
           3.759700   0.0000000   0.0000000   0.0000000
 As  F
           0.769000   1.0000000
 As  F
           0.392800   1.0000000
 As  F
           0.200700   1.0000000
 As  F
           1.710900   1.0000000
 As  G
          11.788400   0.0000000   0.0000000
           4.842800   0.0000000   0.0000000
 As  G
           0.806000   1.0000000
 As  G
           0.378100   1.0000000
 As  G
           1.989500   1.0000000
          10.343000   0.0000000
 As  H
           0.693100   1.0000000
 As  H
           2.210000   1.0000000
 As  I
           2.257100   1.0000000
#
# BASIS SET: (16s,13p,13d,3f,2g,1h) -&gt; [7s,6p,5d,3f,2g,1h] matc
 Se  S
      190762.000000   0.0000100   0.0000000   0.0000000   0.0000000
       28502.400000   0.0000750   0.0000000   0.0000000   0.0000000
        6487.760000   0.0003850   0.0000000   0.0000000   0.0000000
        1840.180000   0.0014970   0.0000000   0.0000000   0.0000000
         601.037000   0.0044470   0.0000000   0.0000000   0.0000000
         211.485000   0.0088430   0.0000000   0.0000000   0.0000000
          22.244900  -0.3405180   0.0000000   0.0000000   0.0000000
          11.102900  -0.2268530   0.0000000   0.0000000   0.0000000
           5.915500   0.2167760   0.0000000   0.0000000   0.0000000
           3.047990   0.6356320   0.0000000   0.0000000   0.0000000
          23.808600   0.0000000   0.0000000   0.0000000   0.0000000
          11.989100   0.0000000   0.0000000   0.0000000   0.0000000
           6.037300   0.0000000   0.0000000   0.0000000   0.0000000
 Se  S
          35.589600   1.0000000
 Se  S
           1.548170   1.0000000
 Se  S
           0.614793   1.0000000
 Se  S
           0.362313   1.0000000
 Se  S
           0.177517   1.0000000
 Se  S
           0.082226   1.0000000
 Se  S
           3.040200   1.0000000
 Se  P
        1292.490000   0.0000790   0.0000000   0.0000000   0.0000000
         305.016000   0.0005380   0.0000000   0.0000000   0.0000000
          71.156300   0.0080750   0.0000000   0.0000000   0.0000000
          20.979500  -0.0709290   0.0000000   0.0000000   0.0000000
           7.940490   0.2144980   0.0000000   0.0000000   0.0000000
           4.315010   0.4146170   0.0000000   0.0000000   0.0000000
           2.285770   0.3654030   0.0000000   0.0000000   0.0000000
          13.626200   0.0000000   0.0000000   0.0000000   0.0000000
           7.637300   0.0000000   0.0000000   0.0000000   0.0000000
           4.280600   0.0000000   0.0000000   0.0000000   0.0000000
 Se  P
          33.559400   1.0000000
 Se  P
           1.186340   1.0000000
 Se  P
           0.560165   1.0000000
 Se  P
           0.263905   1.0000000
 Se  P
           0.121571   1.0000000
 Se  P
           0.054486   1.0000000
 Se  P
           2.399200   1.0000000
 Se  D
        1240.430000   0.0000690   0.0000000   0.0000000   0.0000000
         376.754000   0.0007240   0.0000000   0.0000000   0.0000000
         148.278000   0.0048330   0.0000000   0.0000000   0.0000000
          67.934800   0.0239000   0.0000000   0.0000000   0.0000000
          34.376500   0.0661480   0.0000000   0.0000000   0.0000000
          17.706600   0.1405730   0.0000000   0.0000000   0.0000000
           9.367010   0.2302450   0.0000000   0.0000000   0.0000000
           4.978220   0.2893090   0.0000000   0.0000000   0.0000000
           2.631730   0.2813860   0.0000000   0.0000000   0.0000000
          14.302400   0.0000000   0.0000000   0.0000000   0.0000000
           8.366200   0.0000000   0.0000000   0.0000000   0.0000000
           4.893900   0.0000000   0.0000000   0.0000000   0.0000000
 Se  D
           1.369220   1.0000000
 Se  D
           0.678817   1.0000000
 Se  D
           0.291818   1.0000000
 Se  D
           0.123400   1.0000000
 Se  D
           2.862700   1.0000000
 Se  F
          19.822600   0.0000000   0.0000000   0.0000000
           9.076800   0.0000000   0.0000000   0.0000000
           4.156300   0.0000000   0.0000000   0.0000000
 Se  F
           0.844100   1.0000000
 Se  F
           0.423800   1.0000000
 Se  F
           0.212800   1.0000000
 Se  F
           1.903200   1.0000000
 Se  G
          12.866900   0.0000000   0.0000000
           5.292600   0.0000000   0.0000000
 Se  G
           0.860800   1.0000000
 Se  G
           0.386400   1.0000000
 Se  G
           2.177000   1.0000000
          11.478500   0.0000000
 Se  H
           0.736100   1.0000000
 Se  H
           2.443300   1.0000000
 Se  I
           2.566300   1.0000000
#
# BASIS SET: (16s,13p,13d,3f,2g,1h) -&gt; [7s,6p,5d,3f,2g,1h] matc
 Br  S
      200938.000000   0.0000090   0.0000000   0.0000000   0.0000000
       29988.800000   0.0000670   0.0000000   0.0000000   0.0000000
        6825.560000   0.0003470   0.0000000   0.0000000   0.0000000
        1940.520000   0.0013380   0.0000000   0.0000000   0.0000000
         635.802000   0.0039120   0.0000000   0.0000000   0.0000000
         224.404000   0.0075260   0.0000000   0.0000000   0.0000000
          23.521800  -0.3355150   0.0000000   0.0000000   0.0000000
          11.859500  -0.2547660   0.0000000   0.0000000   0.0000000
           7.406110   0.1758060   0.0000000   0.0000000   0.0000000
           3.581420   0.6294170   0.0000000   0.0000000   0.0000000
          24.619500   0.0000000   0.0000000   0.0000000   0.0000000
          13.131800   0.0000000   0.0000000   0.0000000   0.0000000
           7.004300   0.0000000   0.0000000   0.0000000   0.0000000
 Br  S
          37.633300   1.0000000
 Br  S
           1.833560   1.0000000
 Br  S
           0.803016   1.0000000
 Br  S
           0.462260   1.0000000
 Br  S
           0.219612   1.0000000
 Br  S
           0.099755   1.0000000
 Br  S
           3.736000   1.0000000
 Br  P
        1328.640000   0.0000980   0.0000000   0.0000000   0.0000000
         312.536000   0.0006740   0.0000000   0.0000000   0.0000000
          74.190000   0.0089480   0.0000000   0.0000000   0.0000000
          23.502600  -0.0763880   0.0000000   0.0000000   0.0000000
           8.469130   0.2141130   0.0000000   0.0000000   0.0000000
           4.706870   0.4033530   0.0000000   0.0000000   0.0000000
           2.556820   0.3631400   0.0000000   0.0000000   0.0000000
          14.227300   0.0000000   0.0000000   0.0000000   0.0000000
           8.234300   0.0000000   0.0000000   0.0000000   0.0000000
           4.765700   0.0000000   0.0000000   0.0000000   0.0000000
 Br  P
          37.605800   1.0000000
 Br  P
           1.356470   1.0000000
 Br  P
           0.646820   1.0000000
 Br  P
           0.307888   1.0000000
 Br  P
           0.142507   1.0000000
 Br  P
           0.063702   1.0000000
 Br  P
           2.758200   1.0000000
 Br  D
        1441.580000   0.0000600   0.0000000   0.0000000   0.0000000
         437.691000   0.0006250   0.0000000   0.0000000   0.0000000
         172.153000   0.0041530   0.0000000   0.0000000   0.0000000
          78.212400   0.0210120   0.0000000   0.0000000   0.0000000
          39.608200   0.0628140   0.0000000   0.0000000   0.0000000
          20.344000   0.1358290   0.0000000   0.0000000   0.0000000
          10.739200   0.2291320   0.0000000   0.0000000   0.0000000
           5.707730   0.2936930   0.0000000   0.0000000   0.0000000
           3.021940   0.2863460   0.0000000   0.0000000   0.0000000
          15.962100   0.0000000   0.0000000   0.0000000   0.0000000
           9.428400   0.0000000   0.0000000   0.0000000   0.0000000
           5.569100   0.0000000   0.0000000   0.0000000   0.0000000
 Br  D
           1.576690   1.0000000
 Br  D
           0.784411   1.0000000
 Br  D
           0.335235   1.0000000
 Br  D
           0.142500   1.0000000
 Br  D
           3.289500   1.0000000
 Br  F
          21.820500   0.0000000   0.0000000   0.0000000
          10.114300   0.0000000   0.0000000   0.0000000
           4.688200   0.0000000   0.0000000   0.0000000
 Br  F
           0.958300   1.0000000
 Br  F
           0.497400   1.0000000
 Br  F
           0.258200   1.0000000
 Br  F
           2.173100   1.0000000
 Br  G
          14.217500   0.0000000   0.0000000
           5.926700   0.0000000   0.0000000
 Br  G
           0.972100   1.0000000
 Br  G
           0.439000   1.0000000
 Br  G
           2.470600   1.0000000
          12.704300   0.0000000
 Br  H
           0.831800   1.0000000
 Br  H
           2.733500   1.0000000
 Br  I
           2.881900   1.0000000
#
# BASIS SET: (16s,13p,13d,3f,2g,1h) -&gt; [7s,6p,5d,3f,2g,1h] matc
 Kr  S
      196415.000000   0.0000140   0.0000000   0.0000000   0.0000000
       29445.800000   0.0001120   0.0000000   0.0000000   0.0000000
        6706.760000   0.0005750   0.0000000   0.0000000   0.0000000
        1900.010000   0.0022320   0.0000000   0.0000000   0.0000000
         617.921000   0.0064930   0.0000000   0.0000000   0.0000000
         216.890000   0.0120480   0.0000000   0.0000000   0.0000000
          25.912800  -0.2218010   0.0000000   0.0000000   0.0000000
          16.192400  -0.2604670   0.0000000   0.0000000   0.0000000
          10.115121   0.0080320   0.0000000   0.0000000   0.0000000
           4.457210   0.5683340   0.0000000   0.0000000   0.0000000
          27.682900   0.0000000   0.0000000   0.0000000   0.0000000
          15.627700   0.0000000   0.0000000   0.0000000   0.0000000
           8.822300   0.0000000   0.0000000   0.0000000   0.0000000
 Kr  S
          41.461600   1.0000000
 Kr  S
           2.298900   1.0000000
 Kr  S
           1.112030   1.0000000
 Kr  S
           0.584958   1.0000000
 Kr  S
           0.269540   1.0000000
 Kr  S
           0.120066   1.0000000
 Kr  S
           4.980400   1.0000000
 Kr  P
        1353.100000   0.0001210   0.0000000   0.0000000   0.0000000
         318.380000   0.0008350   0.0000000   0.0000000   0.0000000
          76.739700   0.0100060   0.0000000   0.0000000   0.0000000
          25.771200  -0.0816420   0.0000000   0.0000000   0.0000000
           9.118540   0.2117770   0.0000000   0.0000000   0.0000000
           5.133780   0.4008980   0.0000000   0.0000000   0.0000000
           2.820020   0.3644850   0.0000000   0.0000000   0.0000000
          14.599100   0.0000000   0.0000000   0.0000000   0.0000000
           8.712900   0.0000000   0.0000000   0.0000000   0.0000000
           5.200000   0.0000000   0.0000000   0.0000000   0.0000000
 Kr  P
          41.232600   1.0000000
 Kr  P
           1.510220   1.0000000
 Kr  P
           0.728946   1.0000000
 Kr  P
           0.349723   1.0000000
 Kr  P
           0.163094   1.0000000
 Kr  P
           0.073274   1.0000000
 Kr  P
           3.103400   1.0000000
 Kr  D
        1611.850000   0.0000560   0.0000000   0.0000000   0.0000000
         489.245000   0.0005850   0.0000000   0.0000000   0.0000000
         192.535000   0.0038560   0.0000000   0.0000000   0.0000000
          87.298000   0.0194460   0.0000000   0.0000000   0.0000000
          44.259000   0.0613320   0.0000000   0.0000000   0.0000000
          22.832000   0.1327370   0.0000000   0.0000000   0.0000000
          12.074100   0.2273220   0.0000000   0.0000000   0.0000000
           6.427480   0.2958740   0.0000000   0.0000000   0.0000000
           3.410480   0.2902060   0.0000000   0.0000000   0.0000000
          17.593900   0.0000000   0.0000000   0.0000000   0.0000000
          10.440100   0.0000000   0.0000000   0.0000000   0.0000000
           6.195100   0.0000000   0.0000000   0.0000000   0.0000000
 Kr  D
           1.785600   1.0000000
 Kr  D
           0.890506   1.0000000
 Kr  D
           0.377827   1.0000000
 Kr  D
           0.161300   1.0000000
 Kr  D
           3.676100   1.0000000
 Kr  F
          24.129700   0.0000000   0.0000000   0.0000000
          11.297700   0.0000000   0.0000000   0.0000000
           5.289700   0.0000000   0.0000000   0.0000000
 Kr  F
           1.089300   1.0000000
 Kr  F
           0.590900   1.0000000
 Kr  F
           0.320500   1.0000000
 Kr  F
           2.476700   1.0000000
 Kr  G
          15.690500   0.0000000   0.0000000
           6.621100   0.0000000   0.0000000
 Kr  G
           1.100800   1.0000000
 Kr  G
           0.500600   1.0000000
 Kr  G
           2.794000   1.0000000
          13.989900   0.0000000
 Kr  H
           0.945900   1.0000000
 Kr  H
           3.049300   1.0000000
 Kr  I
           3.217100   1.0000000
#
# BASIS SET: (16s,13p,13d,3f,2g,1h) -&gt; [7s,7p,5d,3f,2g,1h] matc
 In  S
       23226.500000   0.0000060   0.0000000   0.0000000   0.0000000
        3635.540000   0.0000400   0.0000000   0.0000000   0.0000000
         862.584000   0.0001740   0.0000000   0.0000000   0.0000000
         246.693000   0.0004750   0.0000000   0.0000000   0.0000000
          46.384900   0.0077520   0.0000000   0.0000000   0.0000000
          27.036400  -0.0817480   0.0000000   0.0000000   0.0000000
           8.389040  -0.3606080   0.0000000   0.0000000   0.0000000
           5.236470  -0.5234820   0.0000000   0.0000000   0.0000000
           2.869660   0.2712000   0.0000000   0.0000000   0.0000000
           1.538680   0.7659270   0.0000000   0.0000000   0.0000000
           7.191700   0.0000000   0.0000000   0.0000000   0.0000000
           4.241100   0.0000000   0.0000000   0.0000000   0.0000000
           2.501100   0.0000000   0.0000000   0.0000000   0.0000000
 In  S
          16.727200   1.0000000
 In  S
           0.791020   1.0000000
 In  S
           0.311188   1.0000000
 In  S
           0.179114   1.0000000
 In  S
           0.084866   1.0000000
 In  S
           0.039149   1.0000000
 In  S
           1.475000   1.0000000
 In  P
         306.988000   0.0000780   0.0000000   0.0000000   0.0000000
          51.165900   0.0020370   0.0000000   0.0000000   0.0000000
          31.960500  -0.0117730   0.0000000   0.0000000   0.0000000
           8.224510  -0.2358350   0.0000000   0.0000000   0.0000000
           4.452340  -0.0048270   0.0000000   0.0000000   0.0000000
           2.525450   0.4290200   0.0000000   0.0000000   0.0000000
           1.316980   0.5023400   0.0000000   0.0000000   0.0000000
           8.140900   0.0000000   0.0000000   0.0000000   0.0000000
           4.353000   0.0000000   0.0000000   0.0000000   0.0000000
           2.327600   0.0000000   0.0000000   0.0000000   0.0000000
 In  P
          19.908000   1.0000000
 In  P
           0.663314   1.0000000
 In  P
           0.288347   1.0000000
 In  P
           0.130060   1.0000000
 In  P
           0.057600   1.0000000
 In  P
           0.025285   1.0000000
 In  P
           1.244600   1.0000000
 In  D
         608.153000   0.0000090   0.0000000   0.0000000   0.0000000
         185.855000   0.0000780   0.0000000   0.0000000   0.0000000
          74.089700   0.0004030   0.0000000   0.0000000   0.0000000
          30.336800   0.0022870   0.0000000   0.0000000   0.0000000
          12.512200  -0.0144790   0.0000000   0.0000000   0.0000000
           5.221990   0.0375860   0.0000000   0.0000000   0.0000000
           3.241400   0.1876030   0.0000000   0.0000000   0.0000000
           1.844520   0.3128050   0.0000000   0.0000000   0.0000000
           1.013940   0.3213200   0.0000000   0.0000000   0.0000000
           7.999100   0.0000000   0.0000000   0.0000000   0.0000000
           5.002500   0.0000000   0.0000000   0.0000000   0.0000000
           3.128400   0.0000000   0.0000000   0.0000000   0.0000000
 In  D
           0.545483   1.0000000
 In  D
           0.286679   1.0000000
 In  D
           0.144735   1.0000000
 In  D
           0.062700   1.0000000
 In  D
           1.956500   1.0000000
 In  F
          12.362600   0.0000000   0.0000000   0.0000000
           5.406600   0.0000000   0.0000000   0.0000000
           2.364500   0.0000000   0.0000000   0.0000000
 In  F
           0.487100   1.0000000
 In  F
           0.240000   1.0000000
 In  F
           0.118200   1.0000000
 In  F
           1.034100   1.0000000
 In  G
           4.525700   0.0000000   0.0000000
           2.213600   0.0000000   0.0000000
 In  G
           0.487800   1.0000000
 In  G
           0.229400   1.0000000
 In  G
           1.082700   1.0000000
           4.102100   0.0000000
 In  H
           0.421800   1.0000000
 In  H
           1.199900   1.0000000
 In  I
           1.198400   1.0000000
#
# BASIS SET: (16s,13p,13d,3f,2g,1h) -&gt; [7s,7p,5d,3f,2g,1h] matc
 Sn  S
       41524.900000   0.0000060   0.0000000   0.0000000   0.0000000
        6000.750000   0.0000480   0.0000000   0.0000000   0.0000000
        1326.310000   0.0002400   0.0000000   0.0000000   0.0000000
         363.711000   0.0007770   0.0000000   0.0000000   0.0000000
          97.929300   0.0018850   0.0000000   0.0000000   0.0000000
          30.001000  -0.0402990   0.0000000   0.0000000   0.0000000
           9.104330  -0.2212780   0.0000000   0.0000000   0.0000000
           5.571430  -0.5997290   0.0000000   0.0000000   0.0000000
           3.374280   0.2466100   0.0000000   0.0000000   0.0000000
           1.692130   0.7830120   0.0000000   0.0000000   0.0000000
           7.679500   0.0000000   0.0000000   0.0000000   0.0000000
           4.528800   0.0000000   0.0000000   0.0000000   0.0000000
           2.670700   0.0000000   0.0000000   0.0000000   0.0000000
 Sn  S
          18.734900   1.0000000
 Sn  S
           0.875497   1.0000000
 Sn  S
           0.370553   1.0000000
 Sn  S
           0.205247   1.0000000
 Sn  S
           0.099654   1.0000000
 Sn  S
           0.047005   1.0000000
 Sn  S
           1.575000   1.0000000
 Sn  P
         484.073000   0.0000660   0.0000000   0.0000000   0.0000000
         107.979000   0.0004420   0.0000000   0.0000000   0.0000000
          36.026800  -0.0032360   0.0000000   0.0000000   0.0000000
           9.405650  -0.1539330   0.0000000   0.0000000   0.0000000
           5.877910  -0.0758040   0.0000000   0.0000000   0.0000000
           2.925090   0.3723880   0.0000000   0.0000000   0.0000000
           1.549900   0.5203090   0.0000000   0.0000000   0.0000000
           8.685200   0.0000000   0.0000000   0.0000000   0.0000000
           4.879300   0.0000000   0.0000000   0.0000000   0.0000000
           2.741200   0.0000000   0.0000000   0.0000000   0.0000000
 Sn  P
          22.495200   1.0000000
 Sn  P
           0.794091   1.0000000
 Sn  P
           0.364090   1.0000000
 Sn  P
           0.170826   1.0000000
 Sn  P
           0.078038   1.0000000
 Sn  P
           0.034833   1.0000000
 Sn  P
           1.540000   1.0000000
 Sn  D
         664.308000   0.0000100   0.0000000   0.0000000   0.0000000
         207.972000   0.0000880   0.0000000   0.0000000   0.0000000
          81.145400   0.0004880   0.0000000   0.0000000   0.0000000
          33.116400   0.0025780   0.0000000   0.0000000   0.0000000
          13.770700  -0.0126880   0.0000000   0.0000000   0.0000000
           6.205420   0.0342470   0.0000000   0.0000000   0.0000000
           3.640330   0.1897620   0.0000000   0.0000000   0.0000000
           2.064110   0.3204930   0.0000000   0.0000000   0.0000000
           1.140520   0.3274000   0.0000000   0.0000000   0.0000000
           8.822300   0.0000000   0.0000000   0.0000000   0.0000000
           5.519700   0.0000000   0.0000000   0.0000000   0.0000000
           3.453400   0.0000000   0.0000000   0.0000000   0.0000000
 Sn  D
           0.618067   1.0000000
 Sn  D
           0.326252   1.0000000
 Sn  D
           0.165692   1.0000000
 Sn  D
           0.075400   1.0000000
 Sn  D
           2.160600   1.0000000
 Sn  F
          13.301800   0.0000000   0.0000000   0.0000000
           5.829800   0.0000000   0.0000000   0.0000000
           2.555000   0.0000000   0.0000000   0.0000000
 Sn  F
           0.525100   1.0000000
 Sn  F
           0.266300   1.0000000
 Sn  F
           0.135100   1.0000000
 Sn  F
           1.119800   1.0000000
 Sn  G
           5.007900   0.0000000   0.0000000
           2.436800   0.0000000   0.0000000
 Sn  G
           0.532500   1.0000000
 Sn  G
           0.254200   1.0000000
 Sn  G
           1.185700   1.0000000
           4.579700   0.0000000
 Sn  H
           0.468100   1.0000000
 Sn  H
           1.314000   1.0000000
 Sn  I
           1.309300   1.0000000
#
# BASIS SET: (16s,13p,13d,3f,2g,1h) -&gt; [7s,7p,5d,3f,2g,1h] matc
 Sb  S
       33072.900000   0.0000110   0.0000000   0.0000000   0.0000000
        5025.340000   0.0000840   0.0000000   0.0000000   0.0000000
        1152.360000   0.0003940   0.0000000   0.0000000   0.0000000
         324.196000   0.0011820   0.0000000   0.0000000   0.0000000
          85.860700   0.0028700   0.0000000   0.0000000   0.0000000
          27.676000  -0.0696230   0.0000000   0.0000000   0.0000000
          10.486600  -0.3578770   0.0000000   0.0000000   0.0000000
           5.929770  -0.6419650   0.0000000   0.0000000   0.0000000
           3.702900   0.2554680   0.0000000   0.0000000   0.0000000
           1.852980   0.7898580   0.0000000   0.0000000   0.0000000
           8.197200   0.0000000   0.0000000   0.0000000   0.0000000
           5.098400   0.0000000   0.0000000   0.0000000   0.0000000
           3.171000   0.0000000   0.0000000   0.0000000   0.0000000
 Sb  S
          17.289000   1.0000000
 Sb  S
           0.980399   1.0000000
 Sb  S
           0.438749   1.0000000
 Sb  S
           0.245513   1.0000000
 Sb  S
           0.120711   1.0000000
 Sb  S
           0.057452   1.0000000
 Sb  S
           1.972300   1.0000000
 Sb  P
         457.984000   0.0000810   0.0000000   0.0000000   0.0000000
         101.918000   0.0005270   0.0000000   0.0000000   0.0000000
          30.567900  -0.0068360   0.0000000   0.0000000   0.0000000
           9.725570  -0.2305800   0.0000000   0.0000000   0.0000000
           6.076370  -0.0447360   0.0000000   0.0000000   0.0000000
           3.033060   0.4044060   0.0000000   0.0000000   0.0000000
           1.625810   0.5166630   0.0000000   0.0000000   0.0000000
           9.218100   0.0000000   0.0000000   0.0000000   0.0000000
           5.183000   0.0000000   0.0000000   0.0000000   0.0000000
           2.914300   0.0000000   0.0000000   0.0000000   0.0000000
 Sb  P
          19.100200   1.0000000
 Sb  P
           0.850076   1.0000000
 Sb  P
           0.400831   1.0000000
 Sb  P
           0.195061   1.0000000
 Sb  P
           0.092368   1.0000000
 Sb  P
           0.042456   1.0000000
 Sb  P
           1.638600   1.0000000
 Sb  D
         681.410000   0.0000120   0.0000000   0.0000000   0.0000000
         208.479000   0.0001150   0.0000000   0.0000000   0.0000000
          81.448700   0.0006280   0.0000000   0.0000000   0.0000000
          33.636000   0.0030890   0.0000000   0.0000000   0.0000000
          12.967100  -0.0155390   0.0000000   0.0000000   0.0000000
           7.060550   0.0295200   0.0000000   0.0000000   0.0000000
           4.003100   0.1904230   0.0000000   0.0000000   0.0000000
           2.279130   0.3254420   0.0000000   0.0000000   0.0000000
           1.273850   0.3308710   0.0000000   0.0000000   0.0000000
           9.666600   0.0000000   0.0000000   0.0000000   0.0000000
           6.052400   0.0000000   0.0000000   0.0000000   0.0000000
           3.789500   0.0000000   0.0000000   0.0000000   0.0000000
 Sb  D
           0.699731   1.0000000
 Sb  D
           0.373759   1.0000000
 Sb  D
           0.190386   1.0000000
 Sb  D
           0.089200   1.0000000
 Sb  D
           2.372700   1.0000000
 Sb  F
          14.822900   0.0000000   0.0000000   0.0000000
           6.486900   0.0000000   0.0000000   0.0000000
           2.838800   0.0000000   0.0000000   0.0000000
 Sb  F
           0.573100   1.0000000
 Sb  F
           0.301100   1.0000000
 Sb  F
           0.158200   1.0000000
 Sb  F
           1.242300   1.0000000
 Sb  G
           5.334800   0.0000000   0.0000000
           2.644500   0.0000000   0.0000000
 Sb  G
           0.589600   1.0000000
 Sb  G
           0.288500   1.0000000
 Sb  G
           1.310900   1.0000000
           4.965000   0.0000000
 Sb  H
           0.523600   1.0000000
 Sb  H
           1.435200   1.0000000
 Sb  I
           1.430400   1.0000000
#
# BASIS SET: (16s,13p,13d,3f,2g,1h) -&gt; [7s,7p,5d,3f,2g,1h] matc
 Te  S
       40797.200000   0.0000170   0.0000000   0.0000000   0.0000000
        6127.090000   0.0001270   0.0000000   0.0000000   0.0000000
        1389.150000   0.0006160   0.0000000   0.0000000   0.0000000
         387.463000   0.0019490   0.0000000   0.0000000   0.0000000
         113.355000   0.0036970   0.0000000   0.0000000   0.0000000
          28.324600  -0.0634120   0.0000000   0.0000000   0.0000000
          11.061000  -0.3902080   0.0000000   0.0000000   0.0000000
           6.207850  -0.6311370   0.0000000   0.0000000   0.0000000
           3.878480   0.2546080   0.0000000   0.0000000   0.0000000
           1.988180   0.7861460   0.0000000   0.0000000   0.0000000
           9.068200   0.0000000   0.0000000   0.0000000   0.0000000
           5.631900   0.0000000   0.0000000   0.0000000   0.0000000
           3.497700   0.0000000   0.0000000   0.0000000   0.0000000
 Te  S
          17.700300   1.0000000
 Te  S
           1.073560   1.0000000
 Te  S
           0.509322   1.0000000
 Te  S
           0.280125   1.0000000
 Te  S
           0.139101   1.0000000
 Te  S
           0.066151   1.0000000
 Te  S
           2.172300   1.0000000
 Te  P
         516.076000   0.0000930   0.0000000   0.0000000   0.0000000
         118.029000   0.0005840   0.0000000   0.0000000   0.0000000
          30.875400  -0.0052630   0.0000000   0.0000000   0.0000000
          10.482400  -0.2263180   0.0000000   0.0000000   0.0000000
           6.301100  -0.0634930   0.0000000   0.0000000   0.0000000
           3.327900   0.3913600   0.0000000   0.0000000   0.0000000
           1.797930   0.5260480   0.0000000   0.0000000   0.0000000
           9.870000   0.0000000   0.0000000   0.0000000   0.0000000
           5.641200   0.0000000   0.0000000   0.0000000   0.0000000
           3.224300   0.0000000   0.0000000   0.0000000   0.0000000
 Te  P
          19.297700   1.0000000
 Te  P
           0.950129   1.0000000
 Te  P
           0.455578   1.0000000
 Te  P
           0.220873   1.0000000
 Te  P
           0.103608   1.0000000
 Te  P
           0.047116   1.0000000
 Te  P
           1.842800   1.0000000
 Te  D
         688.221000   0.0000160   0.0000000   0.0000000   0.0000000
         207.078000   0.0001570   0.0000000   0.0000000   0.0000000
          80.667800   0.0008380   0.0000000   0.0000000   0.0000000
          34.022400   0.0037600   0.0000000   0.0000000   0.0000000
          13.003300  -0.0175410   0.0000000   0.0000000   0.0000000
           8.119790   0.0293380   0.0000000   0.0000000   0.0000000
           4.429840   0.1858750   0.0000000   0.0000000   0.0000000
           2.535070   0.3281340   0.0000000   0.0000000   0.0000000
           1.428270   0.3350310   0.0000000   0.0000000   0.0000000
          11.182400   0.0000000   0.0000000   0.0000000   0.0000000
           7.002300   0.0000000   0.0000000   0.0000000   0.0000000
           4.384700   0.0000000   0.0000000   0.0000000   0.0000000
 Te  D
           0.793148   1.0000000
 Te  D
           0.431313   1.0000000
 Te  D
           0.229264   1.0000000
 Te  D
           0.106000   1.0000000
 Te  D
           2.745700   1.0000000
 Te  F
          15.867600   0.0000000   0.0000000   0.0000000
           6.972600   0.0000000   0.0000000   0.0000000
           3.063900   0.0000000   0.0000000   0.0000000
 Te  F
           0.614900   1.0000000
 Te  F
           0.319400   1.0000000
 Te  F
           0.165900   1.0000000
 Te  F
           1.346400   1.0000000
 Te  G
           5.734000   0.0000000   0.0000000
           2.828900   0.0000000   0.0000000
 Te  G
           0.612900   1.0000000
 Te  G
           0.290200   1.0000000
 Te  G
           1.395700   1.0000000
           5.375500   0.0000000
 Te  H
           0.537600   1.0000000
 Te  H
           1.537700   1.0000000
 Te  I
           1.580500   1.0000000
#
# BASIS SET: (16s,13p,13d,3f,2g,1h) -&gt; [7s,7p,5d,3f,2g,1h] matc
 I   S
       42976.600000   0.0000130   0.0000000   0.0000000   0.0000000
        6439.010000   0.0000970   0.0000000   0.0000000   0.0000000
        1455.780000   0.0004660   0.0000000   0.0000000   0.0000000
         405.361000   0.0014410   0.0000000   0.0000000   0.0000000
         116.980000   0.0026740   0.0000000   0.0000000   0.0000000
          29.632600  -0.0581210   0.0000000   0.0000000   0.0000000
          11.562000  -0.3622720   0.0000000   0.0000000   0.0000000
           6.595070  -0.6346740   0.0000000   0.0000000   0.0000000
           4.053400   0.2236670   0.0000000   0.0000000   0.0000000
           2.140900   0.7832730   0.0000000   0.0000000   0.0000000
           9.464600   0.0000000   0.0000000   0.0000000   0.0000000
           5.908700   0.0000000   0.0000000   0.0000000   0.0000000
           3.688800   0.0000000   0.0000000   0.0000000   0.0000000
 I   S
          18.510000   1.0000000
 I   S
           1.181640   1.0000000
 I   S
           0.600372   1.0000000
 I   S
           0.319965   1.0000000
 I   S
           0.158769   1.0000000
 I   S
           0.075451   1.0000000
 I   S
           2.302900   1.0000000
 I   P
         569.643000   0.0001150   0.0000000   0.0000000   0.0000000
         131.496000   0.0007170   0.0000000   0.0000000   0.0000000
          32.384300  -0.0020270   0.0000000   0.0000000   0.0000000
          11.238100  -0.1922640   0.0000000   0.0000000   0.0000000
           6.627940  -0.0952150   0.0000000   0.0000000   0.0000000
           3.647800   0.3658080   0.0000000   0.0000000   0.0000000
           1.988530   0.5364310   0.0000000   0.0000000   0.0000000
          10.363500   0.0000000   0.0000000   0.0000000   0.0000000
           6.079500   0.0000000   0.0000000   0.0000000   0.0000000
           3.566400   0.0000000   0.0000000   0.0000000   0.0000000
 I   P
          20.225400   1.0000000
 I   P
           1.063670   1.0000000
 I   P
           0.524303   1.0000000
 I   P
           0.255382   1.0000000
 I   P
           0.119755   1.0000000
 I   P
           0.054199   1.0000000
 I   P
           2.092100   1.0000000
 I   D
         578.808000   0.0000260   0.0000000   0.0000000   0.0000000
         175.853000   0.0002340   0.0000000   0.0000000   0.0000000
          68.829200   0.0011770   0.0000000   0.0000000   0.0000000
          28.735400   0.0054620   0.0000000   0.0000000   0.0000000
          12.316600  -0.0275300   0.0000000   0.0000000   0.0000000
           7.611430   0.0209760   0.0000000   0.0000000   0.0000000
           4.704520   0.1768420   0.0000000   0.0000000   0.0000000
           2.794650   0.3194790   0.0000000   0.0000000   0.0000000
           1.616440   0.3387310   0.0000000   0.0000000   0.0000000
          13.741200   0.0000000   0.0000000   0.0000000   0.0000000
           8.595700   0.0000000   0.0000000   0.0000000   0.0000000
           5.376900   0.0000000   0.0000000   0.0000000   0.0000000
 I   D
           0.914211   1.0000000
 I   D
           0.504730   1.0000000
 I   D
           0.276280   1.0000000
 I   D
           0.139200   1.0000000
 I   D
           3.363500   1.0000000
 I   F
          18.078800   0.0000000   0.0000000   0.0000000
           7.884900   0.0000000   0.0000000   0.0000000
           3.438900   0.0000000   0.0000000   0.0000000
 I   F
           0.673900   1.0000000
 I   F
           0.363100   1.0000000
 I   F
           0.195600   1.0000000
 I   F
           1.499800   1.0000000
 I   G
           6.117200   0.0000000   0.0000000
           3.061800   0.0000000   0.0000000
 I   G
           0.672100   1.0000000
 I   G
           0.322600   1.0000000
 I   G
           1.532500   1.0000000
           5.736500   0.0000000
 I   H
           0.590800   1.0000000
 I   H
           1.672100   1.0000000
 I   I
           1.724600   1.0000000
#
# BASIS SET: (16s,13p,13d,3f,2g,1h) -&gt; [7s,7p,5d,3f,2g,1h] matc
 Xe  S
       48321.700000   0.0000210   0.0000000   0.0000000   0.0000000
        7247.530000   0.0001610   0.0000000   0.0000000   0.0000000
        1647.820000   0.0007770   0.0000000   0.0000000   0.0000000
         463.280000   0.0024510   0.0000000   0.0000000   0.0000000
         141.252000   0.0043270   0.0000000   0.0000000   0.0000000
          30.336400  -0.0520960   0.0000000   0.0000000   0.0000000
          11.839000  -0.4511310   0.0000000   0.0000000   0.0000000
           6.602260  -0.6055000   0.0000000   0.0000000   0.0000000
           4.086110   0.3224700   0.0000000   0.0000000   0.0000000
           2.169890   0.7959590   0.0000000   0.0000000   0.0000000
          10.132700   0.0000000   0.0000000   0.0000000   0.0000000
           6.298700   0.0000000   0.0000000   0.0000000   0.0000000
           3.915400   0.0000000   0.0000000   0.0000000   0.0000000
 Xe  S
          18.951700   1.0000000
 Xe  S
           1.208100   1.0000000
 Xe  S
           0.626552   1.0000000
 Xe  S
           0.329957   1.0000000
 Xe  S
           0.166501   1.0000000
 Xe  S
           0.080513   1.0000000
 Xe  S
           2.433900   1.0000000
 Xe  P
         606.038000   0.0001400   0.0000000   0.0000000   0.0000000
         139.795000   0.0008690   0.0000000   0.0000000   0.0000000
          19.399100   0.0728320   0.0000000   0.0000000   0.0000000
           7.578050  -0.0864450   0.0000000   0.0000000   0.0000000
           3.869830   0.3516930   0.0000000   0.0000000   0.0000000
           2.209280   0.5055770   0.0000000   0.0000000   0.0000000
           1.251880   0.2783450   0.0000000   0.0000000   0.0000000
          10.948800   0.0000000   0.0000000   0.0000000   0.0000000
           5.705500   0.0000000   0.0000000   0.0000000   0.0000000
           2.973200   0.0000000   0.0000000   0.0000000   0.0000000
 Xe  P
          12.127200   1.0000000
 Xe  P
           0.681514   1.0000000
 Xe  P
           0.373010   1.0000000
 Xe  P
           0.198376   1.0000000
 Xe  P
           0.102823   1.0000000
 Xe  P
           0.050949   1.0000000
 Xe  P
           1.549300   1.0000000
 Xe  D
         659.613000   0.0000290   0.0000000   0.0000000   0.0000000
         200.728000   0.0002670   0.0000000   0.0000000   0.0000000
          78.742600   0.0013840   0.0000000   0.0000000   0.0000000
          33.345500   0.0058650   0.0000000   0.0000000   0.0000000
          12.698700  -0.0229860   0.0000000   0.0000000   0.0000000
           7.835500   0.0533760   0.0000000   0.0000000   0.0000000
           4.669490   0.2158860   0.0000000   0.0000000   0.0000000
           2.786950   0.3250900   0.0000000   0.0000000   0.0000000
           1.651640   0.3081500   0.0000000   0.0000000   0.0000000
          15.234200   0.0000000   0.0000000   0.0000000   0.0000000
           9.527600   0.0000000   0.0000000   0.0000000   0.0000000
           5.958600   0.0000000   0.0000000   0.0000000   0.0000000
 Xe  D
           0.963709   1.0000000
 Xe  D
           0.552186   1.0000000
 Xe  D
           0.312530   1.0000000
 Xe  D
           0.144600   1.0000000
 Xe  D
           3.726600   1.0000000
 Xe  F
          20.310700   0.0000000   0.0000000   0.0000000
           8.846000   0.0000000   0.0000000   0.0000000
           3.852800   0.0000000   0.0000000   0.0000000
 Xe  F
           0.741800   1.0000000
 Xe  F
           0.423900   1.0000000
 Xe  F
           0.242300   1.0000000
 Xe  F
           1.678000   1.0000000
 Xe  G
           6.731900   0.0000000   0.0000000
           3.385700   0.0000000   0.0000000
 Xe  G
           0.741800   1.0000000
 Xe  G
           0.359700   1.0000000
 Xe  G
           1.702800   1.0000000
           6.293000   0.0000000
 Xe  H
           0.657500   1.0000000
 Xe  H
           1.841500   1.0000000
 Xe  I
           1.900900   1.0000000
#
# BASIS SET: (16s,13p,12d,3f,2g,1h) -&gt; [7s,7p,5d,3f,2g,1h] matc
 Tl  S
       24779.200000   0.0000020   0.0000000   0.0000000   0.0000000
        4291.590000   0.0000140   0.0000000   0.0000000   0.0000000
        1100.560000   0.0000640   0.0000000   0.0000000   0.0000000
         301.315000   0.0002190   0.0000000   0.0000000   0.0000000
          33.661100   0.0216670   0.0000000   0.0000000   0.0000000
          21.039800  -0.1981520   0.0000000   0.0000000   0.0000000
           8.220490  -0.6242260   0.0000000   0.0000000   0.0000000
           4.896010  -0.6028630   0.0000000   0.0000000   0.0000000
           2.018800   0.5829170   0.0000000   0.0000000   0.0000000
           1.164740   0.6744600   0.0000000   0.0000000   0.0000000
           5.782100   0.0000000   0.0000000   0.0000000   0.0000000
           3.601900   0.0000000   0.0000000   0.0000000   0.0000000
           2.243800   0.0000000   0.0000000   0.0000000   0.0000000
 Tl  S
          13.151800   1.0000000
 Tl  S
           0.640248   1.0000000
 Tl  S
           0.329266   1.0000000
 Tl  S
           0.168509   1.0000000
 Tl  S
           0.083667   1.0000000
 Tl  S
           0.039731   1.0000000
 Tl  S
           1.397700   1.0000000
 Tl  P
         238.816000   0.0000550   0.0000000   0.0000000   0.0000000
          33.718900   0.0031600   0.0000000   0.0000000   0.0000000
          21.073800  -0.0278660   0.0000000   0.0000000   0.0000000
           6.929840  -0.3211460   0.0000000   0.0000000   0.0000000
           4.331120  -0.0566560   0.0000000   0.0000000   0.0000000
           2.149040   0.4499920   0.0000000   0.0000000   0.0000000
           1.156070   0.5213450   0.0000000   0.0000000   0.0000000
          15.050700   0.0000000   0.0000000   0.0000000   0.0000000
           6.303500   0.0000000   0.0000000   0.0000000   0.0000000
           2.640000   0.0000000   0.0000000   0.0000000   0.0000000
 Tl  P
          13.171400   1.0000000
 Tl  P
           0.595519   1.0000000
 Tl  P
           0.268923   1.0000000
 Tl  P
           0.121744   1.0000000
 Tl  P
           0.054137   1.0000000
 Tl  P
           0.023851   1.0000000
 Tl  P
           1.105700   1.0000000
 Tl  D
         359.920000   0.0000040   0.0000000   0.0000000   0.0000000
         141.701000   0.0000280   0.0000000   0.0000000   0.0000000
          51.329800   0.0002060   0.0000000   0.0000000   0.0000000
          10.587500   0.0197440   0.0000000   0.0000000   0.0000000
           6.454360  -0.0905470   0.0000000   0.0000000   0.0000000
           2.405010   0.1826240   0.0000000   0.0000000   0.0000000
           1.447240   0.2889170   0.0000000   0.0000000   0.0000000
           0.869819   0.3047840   0.0000000   0.0000000   0.0000000
           6.447600   0.0000000   0.0000000   0.0000000   0.0000000
           3.545200   0.0000000   0.0000000   0.0000000   0.0000000
           1.949300   0.0000000   0.0000000   0.0000000   0.0000000
 Tl  D
           0.505227   1.0000000
 Tl  D
           0.278303   1.0000000
 Tl  D
           0.143817   1.0000000
 Tl  D
           0.062000   1.0000000
 Tl  D
           1.071800   1.0000000
 Tl  F
           5.225800   0.0000000   0.0000000   0.0000000
           3.039700   0.0000000   0.0000000   0.0000000
           1.768100   0.0000000   0.0000000   0.0000000
 Tl  F
           0.508000   1.0000000
 Tl  F
           0.251800   1.0000000
 Tl  F
           0.124800   1.0000000
 Tl  F
           1.028500   1.0000000
 Tl  G
           3.867700   0.0000000   0.0000000
           2.051400   0.0000000   0.0000000
 Tl  G
           0.512400   1.0000000
 Tl  G
           0.242000   1.0000000
 Tl  G
           1.088000   1.0000000
           3.312200   0.0000000
 Tl  H
           0.458300   1.0000000
 Tl  H
           1.156200   1.0000000
 Tl  I
           1.086900   1.0000000
#
# BASIS SET: (16s,13p,12d,3f,2g,1h) -&gt; [7s,7p,5d,3f,2g,1h] matc
 Pb  S
       24689.500000   0.0000040   0.0000000   0.0000000   0.0000000
        4473.230000   0.0000230   0.0000000   0.0000000   0.0000000
        1061.660000   0.0001140   0.0000000   0.0000000   0.0000000
         279.239000   0.0003680   0.0000000   0.0000000   0.0000000
          34.754200   0.0230860   0.0000000   0.0000000   0.0000000
          21.709700  -0.2044980   0.0000000   0.0000000   0.0000000
           8.473470  -0.6539600   0.0000000   0.0000000   0.0000000
           5.119560  -0.6010240   0.0000000   0.0000000   0.0000000
           2.119960   0.5864660   0.0000000   0.0000000   0.0000000
           1.255290   0.6575120   0.0000000   0.0000000   0.0000000
           6.347500   0.0000000   0.0000000   0.0000000   0.0000000
           3.964500   0.0000000   0.0000000   0.0000000   0.0000000
           2.476100   0.0000000   0.0000000   0.0000000   0.0000000
 Pb  S
          13.563700   1.0000000
 Pb  S
           0.720284   1.0000000
 Pb  S
           0.377802   1.0000000
 Pb  S
           0.197699   1.0000000
 Pb  S
           0.098623   1.0000000
 Pb  S
           0.047037   1.0000000
 Pb  S
           1.546500   1.0000000
 Pb  P
         240.589000   0.0000700   0.0000000   0.0000000   0.0000000
          39.776800   0.0015640   0.0000000   0.0000000   0.0000000
          20.427900  -0.0264930   0.0000000   0.0000000   0.0000000
           7.551900  -0.3274080   0.0000000   0.0000000   0.0000000
           4.720030  -0.1057490   0.0000000   0.0000000   0.0000000
           2.371520   0.4192430   0.0000000   0.0000000   0.0000000
           1.298240   0.5397190   0.0000000   0.0000000   0.0000000
           6.662600   0.0000000   0.0000000   0.0000000   0.0000000
           3.852100   0.0000000   0.0000000   0.0000000   0.0000000
           2.227200   0.0000000   0.0000000   0.0000000   0.0000000
 Pb  P
          12.740500   1.0000000
 Pb  P
           0.681070   1.0000000
 Pb  P
           0.317650   1.0000000
 Pb  P
           0.151398   1.0000000
 Pb  P
           0.070310   1.0000000
 Pb  P
           0.031845   1.0000000
 Pb  P
           1.287700   1.0000000
 Pb  D
         345.372000   0.0000090   0.0000000   0.0000000   0.0000000
         117.644000   0.0000650   0.0000000   0.0000000   0.0000000
          46.165300   0.0003370   0.0000000   0.0000000   0.0000000
          12.561400   0.0114430   0.0000000   0.0000000   0.0000000
           6.710330  -0.0753070   0.0000000   0.0000000   0.0000000
           2.582300   0.1800080   0.0000000   0.0000000   0.0000000
           1.572080   0.2985180   0.0000000   0.0000000   0.0000000
           0.939445   0.3215610   0.0000000   0.0000000   0.0000000
           6.752400   0.0000000   0.0000000   0.0000000   0.0000000
           3.783000   0.0000000   0.0000000   0.0000000   0.0000000
           2.119400   0.0000000   0.0000000   0.0000000   0.0000000
 Pb  D
           0.541633   1.0000000
 Pb  D
           0.300588   1.0000000
 Pb  D
           0.159712   1.0000000
 Pb  D
           0.072600   1.0000000
 Pb  D
           1.187400   1.0000000
 Pb  F
           5.435300   0.0000000   0.0000000   0.0000000
           3.153900   0.0000000   0.0000000   0.0000000
           1.830000   0.0000000   0.0000000   0.0000000
 Pb  F
           0.532900   1.0000000
 Pb  F
           0.267700   1.0000000
 Pb  F
           0.134500   1.0000000
 Pb  F
           1.061900   1.0000000
 Pb  G
           4.077400   0.0000000   0.0000000
           2.158500   0.0000000   0.0000000
 Pb  G
           0.536800   1.0000000
 Pb  G
           0.255000   1.0000000
 Pb  G
           1.142700   1.0000000
           3.565800   0.0000000
 Pb  H
           0.483100   1.0000000
 Pb  H
           1.216900   1.0000000
 Pb  I
           1.151500   1.0000000
#
# BASIS SET: (16s,13p,12d,3f,2g,1h) -&gt; [7s,7p,5d,3f,2g,1h] matc
 Bi  S
       26111.400000   0.0000070   0.0000000   0.0000000   0.0000000
        3868.090000   0.0000520   0.0000000   0.0000000   0.0000000
         869.499000   0.0002450   0.0000000   0.0000000   0.0000000
         238.741000   0.0006630   0.0000000   0.0000000   0.0000000
          36.674500   0.0211220   0.0000000   0.0000000   0.0000000
          22.912900  -0.1819260   0.0000000   0.0000000   0.0000000
           8.948480  -0.5465570   0.0000000   0.0000000   0.0000000
           5.260680  -0.7303930   0.0000000   0.0000000   0.0000000
           3.120890   0.2672950   0.0000000   0.0000000   0.0000000
           1.705560   0.8380310   0.0000000   0.0000000   0.0000000
           6.783900   0.0000000   0.0000000   0.0000000   0.0000000
           4.232300   0.0000000   0.0000000   0.0000000   0.0000000
           2.640500   0.0000000   0.0000000   0.0000000   0.0000000
 Bi  S
          14.318500   1.0000000
 Bi  S
           0.928424   1.0000000
 Bi  S
           0.433707   1.0000000
 Bi  S
           0.238683   1.0000000
 Bi  S
           0.120263   1.0000000
 Bi  S
           0.057755   1.0000000
 Bi  S
           1.647300   1.0000000
 Bi  P
         267.346000   0.0000840   0.0000000   0.0000000   0.0000000
          50.086200   0.0009300   0.0000000   0.0000000   0.0000000
          20.556200  -0.0243210   0.0000000   0.0000000   0.0000000
           8.027280  -0.3326240   0.0000000   0.0000000   0.0000000
           5.017340  -0.1218380   0.0000000   0.0000000   0.0000000
           2.505680   0.4228110   0.0000000   0.0000000   0.0000000
           1.382050   0.5453330   0.0000000   0.0000000   0.0000000
           7.098600   0.0000000   0.0000000   0.0000000   0.0000000
           4.118300   0.0000000   0.0000000   0.0000000   0.0000000
           2.389200   0.0000000   0.0000000   0.0000000   0.0000000
 Bi  P
          12.844100   1.0000000
 Bi  P
           0.733963   1.0000000
 Bi  P
           0.349494   1.0000000
 Bi  P
           0.171219   1.0000000
 Bi  P
           0.082166   1.0000000
 Bi  P
           0.038382   1.0000000
 Bi  P
           1.386100   1.0000000
 Bi  D
         174.915000   0.0000580   0.0000000   0.0000000   0.0000000
          51.930100   0.0004330   0.0000000   0.0000000   0.0000000
          13.685200   0.0103670   0.0000000   0.0000000   0.0000000
           6.887430  -0.0777290   0.0000000   0.0000000   0.0000000
           4.182500   0.0106610   0.0000000   0.0000000   0.0000000
           2.612270   0.2111050   0.0000000   0.0000000   0.0000000
           1.545840   0.3425200   0.0000000   0.0000000   0.0000000
           0.893771   0.3300380   0.0000000   0.0000000   0.0000000
           7.064000   0.0000000   0.0000000   0.0000000   0.0000000
           3.811400   0.0000000   0.0000000   0.0000000   0.0000000
           2.056500   0.0000000   0.0000000   0.0000000   0.0000000
 Bi  D
           0.501899   1.0000000
 Bi  D
           0.272309   1.0000000
 Bi  D
           0.148448   1.0000000
 Bi  D
           0.078800   1.0000000
 Bi  D
           1.109600   1.0000000
 Bi  F
           5.647800   0.0000000   0.0000000   0.0000000
           3.307700   0.0000000   0.0000000   0.0000000
           1.937200   0.0000000   0.0000000   0.0000000
 Bi  F
           0.565400   1.0000000
 Bi  F
           0.293700   1.0000000
 Bi  F
           0.152500   1.0000000
 Bi  F
           1.134600   1.0000000
 Bi  G
           4.369600   0.0000000   0.0000000
           2.313600   0.0000000   0.0000000
 Bi  G
           0.576200   1.0000000
 Bi  G
           0.280200   1.0000000
 Bi  G
           1.224900   1.0000000
           3.836700   0.0000000
 Bi  H
           0.522300   1.0000000
 Bi  H
           1.300200   1.0000000
 Bi  I
           1.228500   1.0000000
#
# BASIS SET: (16s,13p,12d,3f,2g,1h) -&gt; [7s,7p,5d,3f,2g,1h] matc
 Po  S
       24093.400000   0.0000140   0.0000000   0.0000000   0.0000000
        3632.170000   0.0001030   0.0000000   0.0000000   0.0000000
         822.308000   0.0004690   0.0000000   0.0000000   0.0000000
         227.472000   0.0012100   0.0000000   0.0000000   0.0000000
          38.386800   0.0224960   0.0000000   0.0000000   0.0000000
          23.939600  -0.1768370   0.0000000   0.0000000   0.0000000
           9.239310  -0.5346900   0.0000000   0.0000000   0.0000000
           5.575940  -0.7302180   0.0000000   0.0000000   0.0000000
           3.254120   0.2305460   0.0000000   0.0000000   0.0000000
           1.834710   0.8404390   0.0000000   0.0000000   0.0000000
           7.210600   0.0000000   0.0000000   0.0000000   0.0000000
           4.503600   0.0000000   0.0000000   0.0000000   0.0000000
           2.812800   0.0000000   0.0000000   0.0000000   0.0000000
 Po  S
          14.792600   1.0000000
 Po  S
           1.010630   1.0000000
 Po  S
           0.470211   1.0000000
 Po  S
           0.260621   1.0000000
 Po  S
           0.132139   1.0000000
 Po  S
           0.063182   1.0000000
 Po  S
           1.756800   1.0000000
 Po  P
         300.327000   0.0000980   0.0000000   0.0000000   0.0000000
          59.938400   0.0007980   0.0000000   0.0000000   0.0000000
          21.081100  -0.0223260   0.0000000   0.0000000   0.0000000
           8.224090  -0.3464910   0.0000000   0.0000000   0.0000000
           5.136900  -0.1101690   0.0000000   0.0000000   0.0000000
           2.602920   0.4385830   0.0000000   0.0000000   0.0000000
           1.446530   0.5437050   0.0000000   0.0000000   0.0000000
           7.309500   0.0000000   0.0000000   0.0000000   0.0000000
           4.338300   0.0000000   0.0000000   0.0000000   0.0000000
           2.574900   0.0000000   0.0000000   0.0000000   0.0000000
 Po  P
          13.168800   1.0000000
 Po  P
           0.778343   1.0000000
 Po  P
           0.378554   1.0000000
 Po  P
           0.185040   1.0000000
 Po  P
           0.088492   1.0000000
 Po  P
           0.041274   1.0000000
 Po  P
           1.528200   1.0000000
 Po  D
         174.444000   0.0000790   0.0000000   0.0000000   0.0000000
          52.223300   0.0005800   0.0000000   0.0000000   0.0000000
          14.597000   0.0100390   0.0000000   0.0000000   0.0000000
           7.059370  -0.0800950   0.0000000   0.0000000   0.0000000
           4.357070   0.0199620   0.0000000   0.0000000   0.0000000
           2.718440   0.2167420   0.0000000   0.0000000   0.0000000
           1.650110   0.3354280   0.0000000   0.0000000   0.0000000
           0.985852   0.3198530   0.0000000   0.0000000   0.0000000
           7.380800   0.0000000   0.0000000   0.0000000   0.0000000
           4.101800   0.0000000   0.0000000   0.0000000   0.0000000
           2.279500   0.0000000   0.0000000   0.0000000   0.0000000
 Po  D
           0.572536   1.0000000
 Po  D
           0.323631   1.0000000
 Po  D
           0.185222   1.0000000
 Po  D
           0.091500   1.0000000
 Po  D
           1.266800   1.0000000
 Po  F
           5.826900   0.0000000   0.0000000   0.0000000
           3.448400   0.0000000   0.0000000   0.0000000
           2.040700   0.0000000   0.0000000   0.0000000
 Po  F
           0.591200   1.0000000
 Po  F
           0.306300   1.0000000
 Po  F
           0.158700   1.0000000
 Po  F
           1.207700   1.0000000
 Po  G
           4.612600   0.0000000   0.0000000
           2.410700   0.0000000   0.0000000
 Po  G
           0.580000   1.0000000
 Po  G
           0.273800   1.0000000
 Po  G
           1.259900   1.0000000
           4.051800   0.0000000
 Po  H
           0.507000   1.0000000
 Po  H
           1.337000   1.0000000
 Po  I
           1.328100   1.0000000
#
# BASIS SET: (16s,13p,12d,3f,2g,1h) -&gt; [7s,7p,5d,3f,2g,1h] matc
 At  S
       26533.400000   0.0000090   0.0000000   0.0000000   0.0000000
        3957.860000   0.0000710   0.0000000   0.0000000   0.0000000
         892.460000   0.0003240   0.0000000   0.0000000   0.0000000
         245.339000   0.0008230   0.0000000   0.0000000   0.0000000
          39.269400   0.0191060   0.0000000   0.0000000   0.0000000
          24.482000  -0.1706520   0.0000000   0.0000000   0.0000000
           9.545110  -0.5482790   0.0000000   0.0000000   0.0000000
           5.751520  -0.7499610   0.0000000   0.0000000   0.0000000
           3.515890   0.2444150   0.0000000   0.0000000   0.0000000
           1.938010   0.8604720   0.0000000   0.0000000   0.0000000
           7.659500   0.0000000   0.0000000   0.0000000   0.0000000
           4.787200   0.0000000   0.0000000   0.0000000   0.0000000
           2.992000   0.0000000   0.0000000   0.0000000   0.0000000
 At  S
          15.291400   1.0000000
 At  S
           1.075120   1.0000000
 At  S
           0.512582   1.0000000
 At  S
           0.279990   1.0000000
 At  S
           0.142420   1.0000000
 At  S
           0.068295   1.0000000
 At  S
           1.870000   1.0000000
 At  P
         328.975000   0.0001180   0.0000000   0.0000000   0.0000000
          69.372800   0.0008030   0.0000000   0.0000000   0.0000000
          21.679900  -0.0203320   0.0000000   0.0000000   0.0000000
           8.463720  -0.3521700   0.0000000   0.0000000   0.0000000
           5.287630  -0.1046990   0.0000000   0.0000000   0.0000000
           2.727220   0.4428480   0.0000000   0.0000000   0.0000000
           1.536630   0.5407520   0.0000000   0.0000000   0.0000000
           7.817600   0.0000000   0.0000000   0.0000000   0.0000000
           4.650200   0.0000000   0.0000000   0.0000000   0.0000000
           2.766100   0.0000000   0.0000000   0.0000000   0.0000000
 At  P
          13.545100   1.0000000
 At  P
           0.842333   1.0000000
 At  P
           0.422043   1.0000000
 At  P
           0.209057   1.0000000
 At  P
           0.100615   1.0000000
 At  P
           0.046920   1.0000000
 At  P
           1.645300   1.0000000
 At  D
         180.133000   0.0001010   0.0000000   0.0000000   0.0000000
          53.478200   0.0007500   0.0000000   0.0000000   0.0000000
          15.473500   0.0100230   0.0000000   0.0000000   0.0000000
           7.149000  -0.0856100   0.0000000   0.0000000   0.0000000
           4.460470   0.0377150   0.0000000   0.0000000   0.0000000
           2.758810   0.2315430   0.0000000   0.0000000   0.0000000
           1.722110   0.3222190   0.0000000   0.0000000   0.0000000
           1.070740   0.3038550   0.0000000   0.0000000   0.0000000
           7.649600   0.0000000   0.0000000   0.0000000   0.0000000
           4.355700   0.0000000   0.0000000   0.0000000   0.0000000
           2.480100   0.0000000   0.0000000   0.0000000   0.0000000
 At  D
           0.640318   1.0000000
 At  D
           0.366291   1.0000000
 At  D
           0.205139   1.0000000
 At  D
           0.101700   1.0000000
 At  D
           1.412200   1.0000000
 At  F
           6.157500   0.0000000   0.0000000   0.0000000
           3.678900   0.0000000   0.0000000   0.0000000
           2.198000   0.0000000   0.0000000   0.0000000
 At  F
           0.633100   1.0000000
 At  F
           0.343900   1.0000000
 At  F
           0.186800   1.0000000
 At  F
           1.313300   1.0000000
 At  G
           4.940500   0.0000000   0.0000000
           2.587100   0.0000000   0.0000000
 At  G
           0.618400   1.0000000
 At  G
           0.298300   1.0000000
 At  G
           1.354700   1.0000000
           4.333700   0.0000000
 At  H
           0.541900   1.0000000
 At  H
           1.428700   1.0000000
 At  I
           1.429600   1.0000000
#
# BASIS SET: (16s,13p,12d,3f,2g,1h) -&gt; [7s,7p,5d,3f,2g,1h] matc
 Rn  S
       30127.100000   0.0000160   0.0000000   0.0000000   0.0000000
        4530.140000   0.0001220   0.0000000   0.0000000   0.0000000
        1029.790000   0.0005590   0.0000000   0.0000000   0.0000000
         286.391000   0.0014970   0.0000000   0.0000000   0.0000000
          65.269300   0.0045550   0.0000000   0.0000000   0.0000000
          25.228700  -0.1090850   0.0000000   0.0000000   0.0000000
           9.843680  -0.4760410   0.0000000   0.0000000   0.0000000
           6.010840  -0.7241700   0.0000000   0.0000000   0.0000000
           3.182800   0.3018500   0.0000000   0.0000000   0.0000000
           1.923990   0.8301260   0.0000000   0.0000000   0.0000000
           8.070700   0.0000000   0.0000000   0.0000000   0.0000000
           5.044700   0.0000000   0.0000000   0.0000000   0.0000000
           3.153200   0.0000000   0.0000000   0.0000000   0.0000000
 Rn  S
          15.759000   1.0000000
 Rn  S
           1.094160   1.0000000
 Rn  S
           0.538540   1.0000000
 Rn  S
           0.286498   1.0000000
 Rn  S
           0.147443   1.0000000
 Rn  S
           0.072038   1.0000000
 Rn  S
           1.971000   1.0000000
 Rn  P
         355.965000   0.0001420   0.0000000   0.0000000   0.0000000
          77.623300   0.0008820   0.0000000   0.0000000   0.0000000
          22.200800  -0.0189140   0.0000000   0.0000000   0.0000000
           8.670630  -0.3682600   0.0000000   0.0000000   0.0000000
           5.417130  -0.0886670   0.0000000   0.0000000   0.0000000
           2.800050   0.4718560   0.0000000   0.0000000   0.0000000
           1.578070   0.5371120   0.0000000   0.0000000   0.0000000
           8.304000   0.0000000   0.0000000   0.0000000   0.0000000
           4.919600   0.0000000   0.0000000   0.0000000   0.0000000
           2.914600   0.0000000   0.0000000   0.0000000   0.0000000
 Rn  P
          13.873200   1.0000000
 Rn  P
           0.868952   1.0000000
 Rn  P
           0.444799   1.0000000
 Rn  P
           0.222842   1.0000000
 Rn  P
           0.108839   1.0000000
 Rn  P
           0.051491   1.0000000
 Rn  P
           1.726700   1.0000000
 Rn  D
         180.888000   0.0001330   0.0000000   0.0000000   0.0000000
          53.824100   0.0009720   0.0000000   0.0000000   0.0000000
          16.147100   0.0106480   0.0000000   0.0000000   0.0000000
           7.406020  -0.0853360   0.0000000   0.0000000   0.0000000
           4.625870   0.0400760   0.0000000   0.0000000   0.0000000
           2.868040   0.2559490   0.0000000   0.0000000   0.0000000
           1.714520   0.3777430   0.0000000   0.0000000   0.0000000
           1.004020   0.3027090   0.0000000   0.0000000   0.0000000
           7.997900   0.0000000   0.0000000   0.0000000   0.0000000
           4.392100   0.0000000   0.0000000   0.0000000   0.0000000
           2.411900   0.0000000   0.0000000   0.0000000   0.0000000
 Rn  D
           0.591864   1.0000000
 Rn  D
           0.366305   1.0000000
 Rn  D
           0.226536   1.0000000
 Rn  D
           0.122200   1.0000000
 Rn  D
           1.324500   1.0000000
 Rn  F
           6.467800   0.0000000   0.0000000   0.0000000
           3.894100   0.0000000   0.0000000   0.0000000
           2.344600   0.0000000   0.0000000   0.0000000
 Rn  F
           0.666900   1.0000000
 Rn  F
           0.386100   1.0000000
 Rn  F
           0.223500   1.0000000
 Rn  F
           1.411600   1.0000000
 Rn  G
           5.287000   0.0000000   0.0000000
           2.786300   0.0000000   0.0000000
 Rn  G
           0.668200   1.0000000
 Rn  G
           0.328000   1.0000000
 Rn  G
           1.468400   1.0000000
           4.633800   0.0000000
 Rn  H
           0.590100   1.0000000
 Rn  H
           1.536600   1.0000000
 Rn  I
           1.536000   1.0000000
 END

