****
Bi 0
S 8 1.00
913.635086 0.000342
118.855743 0.001554
18.421613 -0.310041
13.587786 1.093828
10.065026 -0.784418
5.702795 -0.691770
1.942086 0.850911
1.009064 0.575190
S 8 1.00
913.635086 -0.000168
118.855743 -0.000707
18.421613 0.139908
13.587786 -0.520330
10.065026 0.416850
5.702795 0.291432
1.942086 -0.539560
1.009064 -0.493629
S 1 1.00
0.404494 1.0
S 1 1.00
0.231190 1.0
S 1 1.00
0.116083 1.0
S 1 1.00
0.055873 1.0
P 8 1.00
201.244574 0.000123
28.745058 0.012658
21.119295 -0.072693
15.570776 0.146729
6.978452 -0.361697
2.376271 0.418936
1.392816 0.488268
0.792104 0.252207
P 8 1.00
201.244574 -0.000059
28.745058 -0.001412
21.119295 0.013902
15.570776 -0.037269
6.978452 0.116776
2.376271 -0.176572
1.392816 -0.181215
0.792104 -0.141304
P 1 1.00
0.425114 1.0
P 1 1.00
0.193378 1.0
P 1 1.00
0.089312 1.0
P 1 1.00
0.040497 1.0
D 6 1.00
145.862483 0.000084
42.951436 0.000585
10.868938 0.035918
8.050661 -0.090223
2.313002 0.334248
1.137326 0.471922
D 1 1.00
0.530640 1.0
D 1 1.00
0.222733 1.0
D 1 1.00
0.07 1.0
F 1 1.00
2.383 1.0
F 1 1.00
0.882 1.0
F 1 1.00
0.3 1.0
G 1 1.00
2.35 1.0
G 1 1.00
0.7 1.0
****

Bi 0
Bi-ECP 5 60
h-ul potential
1
2 1.000000 0.000000
s-ul potential
2
2 13.043090 283.264227
2 8.221682 62.471959
p-ul potential
4
2 10.467777 72.001499
2 9.118901 144.002277
2 6.754791 5.007945
2 6.252592 9.991550
d-ul potential
4
2 8.081474 36.396259
2 7.890595 54.597664
2 4.955556 9.984294
2 4.704559 14.981485
f-ul potential
2
2 4.214546 13.713383
2 4.133400 18.194308
g-ul potential
2
2 6.205709 -10.247443
2 6.227782 -12.955710

