$DATA
THALLIUM
 S 8 
   1  45576498.9005310014      0.0471708019
   2  20716590.4093319997     -0.0301233458
   3  9416632.0042419992      0.0888491497
   4  4280287.2746550003      0.0109988938
   5  1945585.1248430000      0.1421913478
   6  884356.8749290000      0.1333631517
   7  401980.3976950000      0.3186062244
   8  182718.3625890000      0.4659193731
 S 1 
   1   83053.8011770000      1.0000000000
 S 1 
   1   37751.7278080000      1.0000000000
 S 1 
   1   17159.8762760000      1.0000000000
 S 1 
   1    7799.9437620000      1.0000000000
 S 1 
   1    3545.4289830000      1.0000000000
 S 1 
   1    1611.5586280000      1.0000000000
 S 1 
   1     732.5266490000      1.0000000000
 S 1 
   1     332.9666590000      1.0000000000
 S 1 
   1     151.3484810000      1.0000000000
 S 1 
   1      68.7947640000      1.0000000000
 S 1 
   1      31.2703470000      1.0000000000
 S 1 
   1      14.2137940000      1.0000000000
 S 1 
   1       6.4608160000      1.0000000000
 S 1 
   1       2.9367340000      1.0000000000
 S 1 
   1       1.3348790000      1.0000000000
 S 1 
   1       0.6067630000      1.0000000000
 S 1 
   1       0.2758010000      1.0000000000
 S 1 
   1       0.1253640000      1.0000000000
 S 1 
   1       0.0569840000      1.0000000000
 S 1 
   1       0.0259020000      1.0000000000
 S 1 
   1       0.0117740000      1.0000000000
 P 8 
   1  1281324.7221830001      0.0033999661
   2  533885.3009100000      0.0007971496
   3  222452.2087120000      0.0086914645
   4   92688.4202970000      0.0127433002
   5   38620.1751240000      0.0363558123
   6   16091.7396350000      0.0883329629
   7    6704.8915150000      0.2473082246
   8    2793.7047980000      0.7264971609
 P 1 
   1    1164.0436660000      1.0000000000
 P 1 
   1     485.0181940000      1.0000000000
 P 1 
   1     202.0909140000      1.0000000000
 P 1 
   1      84.2045480000      1.0000000000
 P 1 
   1      35.0852280000      1.0000000000
 P 1 
   1      14.6188450000      1.0000000000
 P 1 
   1       6.0911850000      1.0000000000
 P 1 
   1       2.5379940000      1.0000000000
 P 1 
   1       1.0574970000      1.0000000000
 P 1 
   1       0.4406240000      1.0000000000
 P 1 
   1       0.1835930000      1.0000000000
 P 1 
   1       0.0764970000      1.0000000000
 P 1 
   1       0.0318740000      1.0000000000
 D 7 
   1   15060.4928120000      0.0001950719
   2    6024.1971250000      0.0006384657
   3    2409.6788500000      0.0034779724
   4     963.8715400000      0.0187935571
   5     385.5486160000      0.0919795590
   6     154.2194460000      0.3441937205
   7      61.6877790000      0.6775000267
 D 1 
   1      24.6751110000      1.0000000000
 D 1 
   1       9.8700450000      1.0000000000
 D 1 
   1       3.9480180000      1.0000000000
 D 1 
   1       1.5792070000      1.0000000000
 D 1 
   1       0.6316830000      1.0000000000
 D 1 
   1       0.2526730000      1.0000000000
 D 1 
   1       0.1010690000      1.0000000000
 D 1 
   1       0.0404280000      1.0000000000
 F 8 
   1    2566.1766470000      0.0000413539
   2     950.4357950000      0.0003155553
   3     352.0132570000      0.0036156961
   4     130.3752810000      0.0296766552
   5      48.2871410000      0.1651429608
   6      17.8841260000      0.4391204799
   7       6.6237500000      0.4865570389
   8       2.4532410000      0.1922377518
 F 1 
   1       0.9086080000      1.0000000000
 F 1 
   1       0.3365210000      1.0000000000
 F 1 
   1       0.1246380000      1.0000000000

LEAD
 S 8 
   1  46719469.9828549996      0.0478633222
   2  21236122.7194800004     -0.0306474230
   3  9652783.0543089993      0.0900386101
   4  4387628.6610500002      0.0106823933
   5  1994376.6641130000      0.1434639627
   6  906534.8473240000      0.1332449589
   7  412061.2942380000      0.3192681115
   8  187300.5882900000      0.4639975721
 S 1 
   1   85136.6310410000      1.0000000000
 S 1 
   1   38698.4686550000      1.0000000000
 S 1 
   1   17590.2130250000      1.0000000000
 S 1 
   1    7995.5513750000      1.0000000000
 S 1 
   1    3634.3415340000      1.0000000000
 S 1 
   1    1651.9734250000      1.0000000000
 S 1 
   1     750.8970110000      1.0000000000
 S 1 
   1     341.3168230000      1.0000000000
 S 1 
   1     155.1440110000      1.0000000000
 S 1 
   1      70.5200050000      1.0000000000
 S 1 
   1      32.0545480000      1.0000000000
 S 1 
   1      14.5702490000      1.0000000000
 S 1 
   1       6.6228400000      1.0000000000
 S 1 
   1       3.0103820000      1.0000000000
 S 1 
   1       1.3683550000      1.0000000000
 S 1 
   1       0.6219800000      1.0000000000
 S 1 
   1       0.2827180000      1.0000000000
 S 1 
   1       0.1285080000      1.0000000000
 S 1 
   1       0.0584130000      1.0000000000
 S 1 
   1       0.0265510000      1.0000000000
 S 1 
   1       0.0120690000      1.0000000000
 P 8 
   1  1315303.1303520000      0.0034874495
   2  548042.9709800000      0.0008119123
   3  228351.2379080000      0.0088836390
   4   95146.3491280000      0.0129559806
   5   39644.3121370000      0.0368789826
   6   16518.4633900000      0.0890928507
   7    6882.6930790000      0.2482138107
   8    2867.7887830000      0.7248978218
 P 1 
   1    1194.9119930000      1.0000000000
 P 1 
   1     497.8799970000      1.0000000000
 P 1 
   1     207.4499990000      1.0000000000
 P 1 
   1      86.4374990000      1.0000000000
 P 1 
   1      36.0156250000      1.0000000000
 P 1 
   1      15.0065100000      1.0000000000
 P 1 
   1       6.2527130000      1.0000000000
 P 1 
   1       2.6052970000      1.0000000000
 P 1 
   1       1.0855400000      1.0000000000
 P 1 
   1       0.4523080000      1.0000000000
 P 1 
   1       0.1884620000      1.0000000000
 P 1 
   1       0.0785260000      1.0000000000
 P 1 
   1       0.0327190000      1.0000000000
 D 7 
   1   15521.4955010000      0.0001984969
   2    6208.5982000000      0.0006455475
   3    2483.4392800000      0.0034990927
   4     993.3757120000      0.0188308446
   5     397.3502850000      0.0919381417
   6     158.9401140000      0.3441266477
   7      63.5760460000      0.6775753761
 D 1 
   1      25.4304180000      1.0000000000
 D 1 
   1      10.1721670000      1.0000000000
 D 1 
   1       4.0688670000      1.0000000000
 D 1 
   1       1.6275470000      1.0000000000
 D 1 
   1       0.6510190000      1.0000000000
 D 1 
   1       0.2604070000      1.0000000000
 D 1 
   1       0.1041630000      1.0000000000
 D 1 
   1       0.0416650000      1.0000000000
 F 8 
   1    2717.9347930000      0.0000398315
   2    1006.6425160000      0.0003023340
   3     372.8305610000      0.0034622372
   4     138.0853930000      0.0286553904
   5      51.1427380000      0.1620070614
   6      18.9417550000      0.4391177234
   7       7.0154650000      0.4906653812
   8       2.5983200000      0.1889413082
 F 1 
   1       0.9623410000      1.0000000000
 F 1 
   1       0.3564230000      1.0000000000
 F 1 
   1       0.1320080000      1.0000000000

BISMUTH
 S 8 
   1  47874457.7203579992      0.0485735032
   2  21761117.1456170008     -0.0311857884
   3  9891416.8843709994      0.0912562355
   4  4496098.5838050004      0.0103537570
   5  2043681.1744570001      0.1447611673
   6  928945.9883900000      0.1331142852
   7  422248.1765410000      0.3199394101
   8  191930.9893370000      0.4620491439
 S 1 
   1   87241.3587890000      1.0000000000
 S 1 
   1   39655.1630860000      1.0000000000
 S 1 
   1   18025.0741300000      1.0000000000
 S 1 
   1    8193.2155140000      1.0000000000
 S 1 
   1    3724.1888700000      1.0000000000
 S 1 
   1    1692.8131230000      1.0000000000
 S 1 
   1     769.4605100000      1.0000000000
 S 1 
   1     349.7547770000      1.0000000000
 S 1 
   1     158.9794440000      1.0000000000
 S 1 
   1      72.2633840000      1.0000000000
 S 1 
   1      32.8469930000      1.0000000000
 S 1 
   1      14.9304510000      1.0000000000
 S 1 
   1       6.7865690000      1.0000000000
 S 1 
   1       3.0848040000      1.0000000000
 S 1 
   1       1.4021840000      1.0000000000
 S 1 
   1       0.6373560000      1.0000000000
 S 1 
   1       0.2897070000      1.0000000000
 S 1 
   1       0.1316850000      1.0000000000
 S 1 
   1       0.0598570000      1.0000000000
 S 1 
   1       0.0272080000      1.0000000000
 S 1 
   1       0.0123670000      1.0000000000
 P 8 
   1  1349691.8971620000      0.0035763910
   2  562371.6238170000      0.0008268572
   3  234321.5099240000      0.0090783714
   4   97633.9624680000      0.0131704911
   5   40680.8176950000      0.0374057686
   6   16950.3407060000      0.0898541884
   7    7062.6419610000      0.2491180388
   8    2942.7674840000      0.7232933436
 P 1 
   1    1226.1531180000      1.0000000000
 P 1 
   1     510.8971330000      1.0000000000
 P 1 
   1     212.8738050000      1.0000000000
 P 1 
   1      88.6974190000      1.0000000000
 P 1 
   1      36.9572580000      1.0000000000
 P 1 
   1      15.3988570000      1.0000000000
 P 1 
   1       6.4161910000      1.0000000000
 P 1 
   1       2.6734130000      1.0000000000
 P 1 
   1       1.1139220000      1.0000000000
 P 1 
   1       0.4641340000      1.0000000000
 P 1 
   1       0.1933890000      1.0000000000
 P 1 
   1       0.0805790000      1.0000000000
 P 1 
   1       0.0335750000      1.0000000000
 D 7 
   1   15989.5599240000      0.0002020081
   2    6395.8239700000      0.0006528150
   3    2558.3295880000      0.0035212081
   4    1023.3318350000      0.0188719142
   5     409.3327340000      0.0919091715
   6     163.7330940000      0.3440716427
   7      65.4932370000      0.6776313594
 D 1 
   1      26.1972950000      1.0000000000
 D 1 
   1      10.4789180000      1.0000000000
 D 1 
   1       4.1915670000      1.0000000000
 D 1 
   1       1.6766270000      1.0000000000
 D 1 
   1       0.6706510000      1.0000000000
 D 1 
   1       0.2682600000      1.0000000000
 D 1 
   1       0.1073040000      1.0000000000
 D 1 
   1       0.0429220000      1.0000000000
 F 8 
   1    2872.4938300000      0.0000384918
   2    1063.8866040000      0.0002907724
   3     394.0320760000      0.0033255234
   4     145.9378060000      0.0277323984
   5      54.0510390000      0.1591058014
   6      20.0189030000      0.4391057971
   7       7.4144090000      0.4945259914
   8       2.7460770000      0.1857621948
 F 1 
   1       1.0170660000      1.0000000000
 F 1 
   1       0.3766910000      1.0000000000
 F 1 
   1       0.1395150000      1.0000000000

POLONIUM
 S 8 
   1  49045573.2325550020      0.0493021815
   2  22293442.3784339987     -0.0317391137
   3  10133382.8992880005      0.0925033652
   4  4606083.1360400002      0.0100124726
   5  2093674.1527460001      0.1460841987
   6  951670.0694300000      0.1329707448
   7  432577.3042860000      0.3206206685
   8  196626.0474030000      0.4600724097
 S 1 
   1   89375.4760920000      1.0000000000
 S 1 
   1   40625.2164060000      1.0000000000
 S 1 
   1   18466.0074570000      1.0000000000
 S 1 
   1    8393.6397530000      1.0000000000
 S 1 
   1    3815.2907970000      1.0000000000
 S 1 
   1    1734.2230900000      1.0000000000
 S 1 
   1     788.2832230000      1.0000000000
 S 1 
   1     358.3105560000      1.0000000000
 S 1 
   1     162.8684340000      1.0000000000
 S 1 
   1      74.0311070000      1.0000000000
 S 1 
   1      33.6505030000      1.0000000000
 S 1 
   1      15.2956830000      1.0000000000
 S 1 
   1       6.9525830000      1.0000000000
 S 1 
   1       3.1602650000      1.0000000000
 S 1 
   1       1.4364840000      1.0000000000
 S 1 
   1       0.6529470000      1.0000000000
 S 1 
   1       0.2967940000      1.0000000000
 S 1 
   1       0.1349060000      1.0000000000
 S 1 
   1       0.0613210000      1.0000000000
 S 1 
   1       0.0278730000      1.0000000000
 S 1 
   1       0.0126700000      1.0000000000
 P 8 
   1  1384580.4388019999      0.0036669293
   2  576908.5161670001      0.0008419942
   3  240378.5484030000      0.0092759388
   4  100157.7285010000      0.0133870604
   5   41732.3868760000      0.0379367674
   6   17388.4945310000      0.0906174987
   7    7245.2060550000      0.2500214715
   8    3018.8358560000      0.7216825162
 P 1 
   1    1257.8482730000      1.0000000000
 P 1 
   1     524.1034470000      1.0000000000
 P 1 
   1     218.3764360000      1.0000000000
 P 1 
   1      90.9901820000      1.0000000000
 P 1 
   1      37.9125760000      1.0000000000
 P 1 
   1      15.7969070000      1.0000000000
 P 1 
   1       6.5820440000      1.0000000000
 P 1 
   1       2.7425190000      1.0000000000
 P 1 
   1       1.1427160000      1.0000000000
 P 1 
   1       0.4761320000      1.0000000000
 P 1 
   1       0.1983880000      1.0000000000
 P 1 
   1       0.0826620000      1.0000000000
 P 1 
   1       0.0344420000      1.0000000000
 D 7 
   1   16464.6671850000      0.0002056069
   2    6585.8668740000      0.0006602695
   3    2634.3467500000      0.0035443128
   4    1053.7387000000      0.0189167256
   5     421.4954800000      0.0918925474
   6     168.5981920000      0.3440289106
   7      67.4392770000      0.6776678470
 D 1 
   1      26.9757110000      1.0000000000
 D 1 
   1      10.7902840000      1.0000000000
 D 1 
   1       4.3161140000      1.0000000000
 D 1 
   1       1.7264450000      1.0000000000
 D 1 
   1       0.6905780000      1.0000000000
 D 1 
   1       0.2762310000      1.0000000000
 D 1 
   1       0.1104930000      1.0000000000
 D 1 
   1       0.0441970000      1.0000000000
 F 8 
   1    3029.9221300000      0.0000373069
   2    1122.1933820000      0.0002806088
   3     415.6271780000      0.0032030475
   4     153.9359920000      0.0268943150
   5      57.0133300000      0.1564119392
   6      21.1160480000      0.4390889332
   7       7.8207590000      0.4981661997
   8       2.8965770000      0.1826877966
 F 1 
   1       1.0728060000      1.0000000000
 F 1 
   1       0.3973360000      1.0000000000
 F 1 
   1       0.1471610000      1.0000000000

ASTATINE
 S 8 
   1  50231960.3244210035      0.0500500782
   2  22832709.2383730002     -0.0323079942
   3  10378504.1992610004      0.0937811234
   4  4717501.9087549997      0.0096580169
   5  2144319.0494340002      0.1474340171
   6  974690.4770150000      0.1328138376
   7  443041.1259160000      0.3213123142
   8  201382.3299620000      0.4580662385
 S 1 
   1   91537.4227100000      1.0000000000
 S 1 
   1   41607.9194140000      1.0000000000
 S 1 
   1   18912.6906430000      1.0000000000
 S 1 
   1    8596.6775650000      1.0000000000
 S 1 
   1    3907.5807110000      1.0000000000
 S 1 
   1    1776.1730510000      1.0000000000
 S 1 
   1     807.3513870000      1.0000000000
 S 1 
   1     366.9779030000      1.0000000000
 S 1 
   1     166.8081380000      1.0000000000
 S 1 
   1      75.8218810000      1.0000000000
 S 1 
   1      34.4644910000      1.0000000000
 S 1 
   1      15.6656780000      1.0000000000
 S 1 
   1       7.1207630000      1.0000000000
 S 1 
   1       3.2367100000      1.0000000000
 S 1 
   1       1.4712320000      1.0000000000
 S 1 
   1       0.6687420000      1.0000000000
 S 1 
   1       0.3039740000      1.0000000000
 S 1 
   1       0.1381700000      1.0000000000
 S 1 
   1       0.0628040000      1.0000000000
 S 1 
   1       0.0285470000      1.0000000000
 S 1 
   1       0.0129760000      1.0000000000
 P 8 
   1  1419894.3199499999      0.0037590125
   2  591622.6333110000      0.0008573192
   3  246509.4305460000      0.0094762115
   4  102712.2627280000      0.0136055528
   5   42796.7761370000      0.0384716021
   6   17831.9900570000      0.0913823740
   7    7429.9958570000      0.2509235279
   8    3095.8316070000      0.7200662843
 P 1 
   1    1289.9298360000      1.0000000000
 P 1 
   1     537.4707650000      1.0000000000
 P 1 
   1     223.9461520000      1.0000000000
 P 1 
   1      93.3108970000      1.0000000000
 P 1 
   1      38.8795400000      1.0000000000
 P 1 
   1      16.1998080000      1.0000000000
 P 1 
   1       6.7499200000      1.0000000000
 P 1 
   1       2.8124670000      1.0000000000
 P 1 
   1       1.1718610000      1.0000000000
 P 1 
   1       0.4882750000      1.0000000000
 P 1 
   1       0.2034480000      1.0000000000
 P 1 
   1       0.0847700000      1.0000000000
 P 1 
   1       0.0353210000      1.0000000000
 D 7 
   1   16947.0514570000      0.0002092914
   2    6778.8205830000      0.0006678990
   3    2711.5282330000      0.0035683346
   4    1084.6112930000      0.0189648512
   5     433.8445170000      0.0918866024
   6     173.5378070000      0.3439952654
   7      69.4151230000      0.6776888892
 D 1 
   1      27.7660490000      1.0000000000
 D 1 
   1      11.1064200000      1.0000000000
 D 1 
   1       4.4425680000      1.0000000000
 D 1 
   1       1.7770270000      1.0000000000
 D 1 
   1       0.7108110000      1.0000000000
 D 1 
   1       0.2843240000      1.0000000000
 D 1 
   1       0.1137300000      1.0000000000
 D 1 
   1       0.0454920000      1.0000000000
 F 8 
   1    3190.1793690000      0.0000362561
   2    1181.5479140000      0.0002716496
   3     437.6103390000      0.0030929458
   4     162.0779030000      0.0261313662
   5      60.0288530000      0.1539067957
   6      22.2329090000      0.4390718230
   7       8.2344110000      0.5015969258
   8       3.0497820000      0.1797205605
 F 1 
   1       1.1295490000      1.0000000000
 F 1 
   1       0.4183510000      1.0000000000
 F 1 
   1       0.1549450000      1.0000000000

RADON
 S 8 
   1  51426823.3837089986      0.0508178147
   2  23375828.8107770011     -0.0328929589
   3  10625376.7321710009      0.0950904474
   4  4829716.6964410003      0.0092898599
   5  2195325.7711100001      0.1488113434
   6  997875.3505040000      0.1326429723
   7  453579.7047750000      0.3220146751
   8  206172.5930790000      0.4560299622
 S 1 
   1   93714.8150360000      1.0000000000
 S 1 
   1   42597.6431980000      1.0000000000
 S 1 
   1   19362.5650900000      1.0000000000
 S 1 
   1    8801.1659500000      1.0000000000
 S 1 
   1    4000.5299770000      1.0000000000
 S 1 
   1    1818.4227170000      1.0000000000
 S 1 
   1     826.5557800000      1.0000000000
 S 1 
   1     375.7071730000      1.0000000000
 S 1 
   1     170.7759880000      1.0000000000
 S 1 
   1      77.6254490000      1.0000000000
 S 1 
   1      35.2842950000      1.0000000000
 S 1 
   1      16.0383160000      1.0000000000
 S 1 
   1       7.2901440000      1.0000000000
 S 1 
   1       3.3137020000      1.0000000000
 S 1 
   1       1.5062280000      1.0000000000
 S 1 
   1       0.6846490000      1.0000000000
 S 1 
   1       0.3112040000      1.0000000000
 S 1 
   1       0.1414560000      1.0000000000
 S 1 
   1       0.0642980000      1.0000000000
 S 1 
   1       0.0292270000      1.0000000000
 S 1 
   1       0.0132850000      1.0000000000
 P 8 
   1  1455642.358609000      0.0038526883
   2  606517.6494200000      0.0008728352
   3  252715.6872580000      0.0096792714
   4  105298.2030240000      0.0138260212
   5   43874.2512600000      0.0390104001
   6   18280.9380250000      0.0921488899
   7    7617.0575100000      0.2518242250
   8    3173.7739630000      0.7184444700
 P 1 
   1    1322.4058180000      1.0000000000
 P 1 
   1     551.0024240000      1.0000000000
 P 1 
   1     229.5843430000      1.0000000000
 P 1 
   1      95.6601430000      1.0000000000
 P 1 
   1      39.8583930000      1.0000000000
 P 1 
   1      16.6076640000      1.0000000000
 P 1 
   1       6.9198600000      1.0000000000
 P 1 
   1       2.8832750000      1.0000000000
 P 1 
   1       1.2013650000      1.0000000000
 P 1 
   1       0.5005690000      1.0000000000
 P 1 
   1       0.2085700000      1.0000000000
 P 1 
   1       0.0869040000      1.0000000000
 P 1 
   1       0.0362100000      1.0000000000
 D 7 
   1   17436.5685710000      0.0002130645
   2    6974.6274280000      0.0006757116
   3    2789.8509710000      0.0035933012
   4    1115.9403890000      0.0190164410
   5     446.3761550000      0.0918919557
   6     178.5504620000      0.3439725390
   7      71.4201850000      0.6776923729
 D 1 
   1      28.5680740000      1.0000000000
 D 1 
   1      11.4272300000      1.0000000000
 D 1 
   1       4.5708920000      1.0000000000
 D 1 
   1       1.8283570000      1.0000000000
 D 1 
   1       0.7313430000      1.0000000000
 D 1 
   1       0.2925370000      1.0000000000
 D 1 
   1       0.1170150000      1.0000000000
 D 1 
   1       0.0468060000      1.0000000000
 F 8 
   1    3353.2871110000      0.0000353211
   2    1241.9581890000      0.0002637255
   3     459.9845150000      0.0029935526
   4     170.3646350000      0.0254344137
   5      63.0980130000      0.1515708126
   6      23.3696340000      0.4390556930
   7       8.6554200000      0.5048345465
   8       3.2057110000      0.1768590229
 F 1 
   1       1.1873000000      1.0000000000
 F 1 
   1       0.4397410000      1.0000000000
 F 1 
   1       0.1628670000      1.0000000000
$END
