
 BASIS &quot;aobasis&quot; print
 Ga  S
       11929.200000   0.0000640  -0.0000180   0.0000000
        1783.700000   0.0004730  -0.0001230   0.0000000
         378.467000   0.0020550  -0.0006100   0.0000000
          29.662300   0.1202900  -0.0312640   0.0000000
          14.233200  -0.4633920   0.1268690   0.0000000
           2.687390   0.7443840  -0.2578570   0.0000000
           1.150960   0.4505960  -0.2867260   0.0000000
           4.979900   0.0000000   0.0000000   0.0000000
 Ga  S
           0.256164   1.0000000
 Ga  S
           0.122874   1.0000000
 Ga  S
           0.053468   1.0000000
 Ga  S
           0.839100   1.0000000
 Ga  P
         648.311000   0.0001170  -0.0000250   0.0000000
         103.324000   0.0021020  -0.0003130   0.0000000
          21.006600  -0.0810440   0.0140670   0.0000000
           5.034120   0.3714330  -0.0726620   0.0000000
           2.294580   0.5014250  -0.1030720   0.0000000
           1.010780   0.2408060  -0.0491760   0.0000000
           0.326569   0.0184400   0.2253290   0.0000000
           0.117329  -0.0020560   0.5517370   0.0000000
           0.041273   0.0007110   0.3791640   0.0000000
           5.673100   0.0000000   0.0000000   0.0000000
 Ga  P
           0.309500   1.0000000
 Ga  P
           0.045800   1.0000000
 Ga  P
           0.866100   1.0000000
 Ga  D
         197.818000   0.0022080   0.0000000
          61.941700   0.0220230   0.0000000
          24.753300   0.0829150   0.0000000
          10.616300   0.2053990   0.0000000
           4.688310   0.3278350   0.0000000
           2.039040   0.3585750   0.0000000
           0.849124   0.2605990   0.0000000
           2.253400   0.0000000   0.0000000
 Ga  D
           0.320558   1.0000000
 Ga  D
           0.110200   1.0000000
 Ga  D
           0.899800   1.0000000
           5.009000   0.0000000
 Ga  F
           0.301500   1.0000000
 Ga  F
           1.198500   1.0000000
 Ga  G
           1.367100   1.0000000
#
# BASIS SET: (10s,11p,9d,1f) -&gt; [5s,4p,3d,1f] matched with Stut
 Ge  S
       10120.400000   0.0001290  -0.0000420   0.0000000
        1521.460000   0.0009230  -0.0002770   0.0000000
         334.411000   0.0035000  -0.0011730   0.0000000
          33.677800   0.1035450  -0.0299720   0.0000000
          15.169000  -0.4384470   0.1344660   0.0000000
           2.937830   0.7279750  -0.2874370   0.0000000
           1.292340   0.4607490  -0.3234750   0.0000000
           5.467800   0.0000000   0.0000000   0.0000000
 Ge  S
           0.330453   1.0000000
 Ge  S
           0.158780   1.0000000
 Ge  S
           0.068773   1.0000000
 Ge  S
           0.998800   1.0000000
 Ge  P
         587.522000   0.0001760  -0.0000460   0.0000000
          99.901400   0.0027050  -0.0004890   0.0000000
          22.557400  -0.0820230   0.0172840   0.0000000
           5.544210   0.3629990  -0.0870500   0.0000000
           2.568900   0.5016570  -0.1275750   0.0000000
           1.157450   0.2450560  -0.0595750   0.0000000
           0.396752   0.0197680   0.2730540   0.0000000
           0.151667  -0.0020210   0.5634800   0.0000000
           0.056046   0.0007030   0.3184350   0.0000000
           6.828400   0.0000000   0.0000000   0.0000000
 Ge  P
           0.415100   1.0000000
 Ge  P
           0.065000   1.0000000
 Ge  P
           1.184600   1.0000000
 Ge  D
         229.986000   0.0019500   0.0000000
          71.154600   0.0199420   0.0000000
          28.779600   0.0781500   0.0000000
          12.412800   0.2001840   0.0000000
           5.542300   0.3263010   0.0000000
           2.446200   0.3632720   0.0000000
           1.042010   0.2598850   0.0000000
           2.672700   0.0000000   0.0000000
 Ge  D
           0.402906   1.0000000
 Ge  D
           0.144100   1.0000000
 Ge  D
           1.107400   1.0000000
           5.757600   0.0000000
 Ge  F
           0.354400   1.0000000
 Ge  F
           1.414700   1.0000000
 Ge  G
           1.625200   1.0000000
#
# BASIS SET: (10s,11p,9d,1f) -&gt; [5s,4p,3d,1f] matched with Stut
 As  S
        9230.120000   0.0002450  -0.0000870   0.0000000
        1390.340000   0.0017170  -0.0005800   0.0000000
         310.185000   0.0059890  -0.0022160   0.0000000
          38.624200   0.0904660  -0.0285830   0.0000000
          16.288300  -0.4111950   0.1379070   0.0000000
           3.209010   0.7044100  -0.3095720   0.0000000
           1.447920   0.4735570  -0.3564480   0.0000000
           5.985900   0.0000000   0.0000000   0.0000000
 As  S
           0.419217   1.0000000
 As  S
           0.201024   1.0000000
 As  S
           0.086236   1.0000000
 As  S
           1.173200   1.0000000
 As  P
         512.552000   0.0002700  -0.0000780   0.0000000
          89.811500   0.0039760  -0.0008240   0.0000000
          23.947100  -0.0872310   0.0208320   0.0000000
           6.135450   0.3512290  -0.0962290   0.0000000
           2.890980   0.5037530  -0.1468760   0.0000000
           1.327670   0.2524220  -0.0709030   0.0000000
           0.481044   0.0216960   0.2985700   0.0000000
           0.190208  -0.0020470   0.5689430   0.0000000
           0.072008   0.0005820   0.2899240   0.0000000
           8.037700   0.0000000   0.0000000   0.0000000
 As  P
           0.529700   1.0000000
 As  P
           0.085500   1.0000000
 As  P
           1.510800   1.0000000
 As  D
         265.444000   0.0017810   0.0000000
          81.373400   0.0185130   0.0000000
          33.395600   0.0760980   0.0000000
          14.410700   0.1937100   0.0000000
           6.470320   0.3245120   0.0000000
           2.885820   0.3681000   0.0000000
           1.249190   0.2603440   0.0000000
           3.143000   0.0000000   0.0000000
 As  D
           0.490426   1.0000000
 As  D
           0.179800   1.0000000
 As  D
           1.337300   1.0000000
           6.605100   0.0000000
 As  F
           0.423700   1.0000000
 As  F
           1.663500   1.0000000
 As  G
           1.915300   1.0000000
#
# BASIS SET: (10s,11p,9d,1f) -&gt; [5s,4p,3d,1f] matched with Stut
 Se  S
        8991.800000   0.0004210  -0.0001650   0.0000000
        1355.200000   0.0029330  -0.0011040   0.0000000
         303.498000   0.0098700  -0.0040150   0.0000000
          44.387000   0.0808600  -0.0276280   0.0000000
          17.158100  -0.3914900   0.1415820   0.0000000
           3.502620   0.6863270  -0.3316090   0.0000000
           1.615830   0.4855820  -0.3848760   0.0000000
           6.514700   0.0000000   0.0000000   0.0000000
 Se  S
           0.504621   1.0000000
 Se  S
           0.240728   1.0000000
 Se  S
           0.102598   1.0000000
 Se  S
           1.343100   1.0000000
 Se  P
         491.897000   0.0003680  -0.0001150   0.0000000
          89.232800   0.0048720  -0.0011020   0.0000000
          25.506900  -0.0885470   0.0230250   0.0000000
           6.699920   0.3466370  -0.1044220   0.0000000
           3.187720   0.5068780  -0.1640980   0.0000000
           1.483850   0.2515060  -0.0724090   0.0000000
           0.562135   0.0219950   0.3278190   0.0000000
           0.221055  -0.0012350   0.5611980   0.0000000
           0.082252   0.0006100   0.2784910   0.0000000
           9.062000   0.0000000   0.0000000   0.0000000
 Se  P
           0.636400   1.0000000
 Se  P
           0.097800   1.0000000
 Se  P
           1.786100   1.0000000
 Se  D
         301.868000   0.0016370   0.0000000
          92.125400   0.0169670   0.0000000
          37.908100   0.0741760   0.0000000
          16.417100   0.1894830   0.0000000
           7.414960   0.3234940   0.0000000
           3.337380   0.3715420   0.0000000
           1.464380   0.2597780   0.0000000
           3.647700   0.0000000   0.0000000
 Se  D
           0.582516   1.0000000
 Se  D
           0.216200   1.0000000
 Se  D
           1.579300   1.0000000
           7.356800   0.0000000
 Se  F
           0.469600   1.0000000
 Se  F
           1.888200   1.0000000
 Se  G
           2.214500   1.0000000
#
# BASIS SET: (10s,11p,9d,1f) -&gt; [5s,4p,3d,1f] matched with Stut
 Br  S
        9659.390000   0.0003710  -0.0001520   0.0000000
        1455.960000   0.0025710  -0.0010080   0.0000000
         325.914000   0.0084850  -0.0036090   0.0000000
          46.565700   0.0782220  -0.0278720   0.0000000
          18.246900  -0.3971490   0.1513170   0.0000000
           3.802010   0.6858640  -0.3514970   0.0000000
           1.786320   0.4868190  -0.4107030   0.0000000
           7.074200   0.0000000   0.0000000   0.0000000
 Br  S
           0.602714   1.0000000
 Br  S
           0.284014   1.0000000
 Br  S
           0.120271   1.0000000
 Br  S
           1.495400   1.0000000
 Br  P
         492.187000   0.0004720  -0.0001580   0.0000000
          92.364200   0.0054940  -0.0013440   0.0000000
          27.071800  -0.0880300   0.0246160   0.0000000
           7.265390   0.3434850  -0.1125320   0.0000000
           3.484810   0.5102080  -0.1797750   0.0000000
           1.640480   0.2486310  -0.0736610   0.0000000
           0.648570   0.0222010   0.3487340   0.0000000
           0.256407  -0.0004190   0.5579480   0.0000000
           0.095304   0.0006560   0.2664560   0.0000000
          10.164000   0.0000000   0.0000000   0.0000000
 Br  P
           0.766600   1.0000000
 Br  P
           0.118200   1.0000000
 Br  P
           2.105700   1.0000000
 Br  D
         338.996000   0.0015240   0.0000000
         103.217000   0.0156730   0.0000000
          42.363800   0.0724000   0.0000000
          18.435600   0.1863030   0.0000000
           8.372540   0.3238810   0.0000000
           3.802220   0.3745340   0.0000000
           1.686770   0.2574180   0.0000000
           4.155700   0.0000000   0.0000000
 Br  D
           0.677520   1.0000000
 Br  D
           0.255300   1.0000000
 Br  D
           1.832600   1.0000000
           8.313100   0.0000000
 Br  F
           0.560600   1.0000000
 Br  F
           2.182900   1.0000000
 Br  G
           2.536600   1.0000000
#
# BASIS SET: (10s,11p,9d,1f) -&gt; [5s,4p,3d,1f] matched with Stut
 Kr  S
        9707.440000   0.0005970  -0.0002650   0.0000000
        1463.500000   0.0041290  -0.0017680   0.0000000
         327.679000   0.0134570  -0.0062010   0.0000000
          52.425600   0.0750740  -0.0283990   0.0000000
          18.852200  -0.3918980   0.1568790   0.0000000
           4.169280   0.6673520  -0.3648090   0.0000000
           1.992660   0.5062680  -0.4330440   0.0000000
           7.661700   0.0000000   0.0000000   0.0000000
 Kr  S
           0.683695   1.0000000
 Kr  S
           0.324338   1.0000000
 Kr  S
           0.138209   1.0000000
 Kr  S
           1.646000   1.0000000
 Kr  P
         489.457000   0.0006030  -0.0002110   0.0000000
          93.639500   0.0064790  -0.0016870   0.0000000
          28.592100  -0.0892740   0.0263440   0.0000000
           7.898610   0.3394840  -0.1186870   0.0000000
           3.815660   0.5150780  -0.1935790   0.0000000
           1.810830   0.2468760  -0.0744460   0.0000000
           0.741758   0.0218330   0.3647020   0.0000000
           0.295727  -0.0006140   0.5564060   0.0000000
           0.110453   0.0002810   0.2557360   0.0000000
          11.291000   0.0000000   0.0000000   0.0000000
 Kr  P
           0.909400   1.0000000
 Kr  P
           0.141600   1.0000000
 Kr  P
           2.438500   1.0000000
 Kr  D
         377.821000   0.0014340   0.0000000
         114.897000   0.0146290   0.0000000
          46.944000   0.0710960   0.0000000
          20.553600   0.1835580   0.0000000
           9.371370   0.3229310   0.0000000
           4.282900   0.3770300   0.0000000
           1.917840   0.2568870   0.0000000
           4.692000   0.0000000   0.0000000
 Kr  D
           0.776390   1.0000000
 Kr  D
           0.295600   1.0000000
 Kr  D
           2.092000   1.0000000
           9.353200   0.0000000
 Kr  F
           0.674600   1.0000000
 Kr  F
           2.509400   1.0000000
 Kr  G
           2.873500   1.0000000
#
# BASIS SET: (12s,11p,9d,1f) -&gt; [5s,4p,3d,1f] matched with Stut
 In  S
        2378.040000   0.0000920   0.0000280   0.0000000
         360.998000   0.0004790   0.0001990   0.0000000
          45.633500   0.0125760   0.0018350   0.0000000
          28.514900  -0.0884220  -0.0201770   0.0000000
          17.822000   0.2522560   0.0720460   0.0000000
           6.629900  -0.7190570  -0.2449900   0.0000000
           1.709540   0.8596060   0.3932400   0.0000000
           0.798445   0.4740660   0.3284130   0.0000000
           0.043541   0.0017710  -0.2018870   0.0000000
           0.812800   0.0000000   0.0000000   0.0000000
 In  S
           0.204737   1.0000000
 In  S
           0.096677   1.0000000
 In  S
           0.051800   1.0000000
 In  S
           0.508400   1.0000000
 In  P
         266.902000   0.0001080  -0.0000320   0.0000000
          14.731200   0.0736840  -0.0152100   0.0000000
           8.827790  -0.2642980   0.0579220   0.0000000
           2.359530   0.4947510  -0.1300470   0.0000000
           1.175910   0.4936840  -0.1371410   0.0000000
           0.567568   0.1638510  -0.0287310   0.0000000
           0.212940   0.0100830   0.3016610   0.0000000
           0.082807  -0.0002200   0.5566390   0.0000000
           0.032077   0.0001980   0.2912400   0.0000000
           3.312900   0.0000000   0.0000000   0.0000000
 In  P
           0.264000   1.0000000
 In  P
           0.041600   1.0000000
 In  P
           0.679700   1.0000000
 In  D
         117.279000   0.0002810   0.0000000
          32.686500   0.0024780   0.0000000
          13.190600  -0.0124390   0.0000000
           4.018210   0.1400700   0.0000000
           2.149480   0.3303050   0.0000000
           1.091260   0.3753580   0.0000000
           0.531941   0.2582690   0.0000000
           1.346100   0.0000000   0.0000000
 In  D
           0.243687   1.0000000
 In  D
           0.090700   1.0000000
 In  D
           0.621700   1.0000000
           3.357500   0.0000000
 In  F
           0.254900   1.0000000
 In  F
           0.886800   1.0000000
 In  G
           0.960800   1.0000000
#
# BASIS SET: (12s,11p,9d,1f) -&gt; [5s,4p,3d,1f] matched with Stut
 Sn  S
        3672.400000   0.0001170   0.0000430   0.0000000
         558.143000   0.0006870   0.0003070   0.0000000
         114.089000   0.0021300   0.0004960   0.0000000
          31.400600  -0.0376690  -0.0091050   0.0000000
          19.631800   0.1591490   0.0498980   0.0000000
           6.772050  -0.6517540  -0.2498540   0.0000000
           1.833510   0.8376920   0.4440970   0.0000000
           0.877715   0.4884260   0.3520250   0.0000000
           0.051757   0.0018720  -0.1655790   0.0000000
           1.520100   0.0000000   0.0000000   0.0000000
 Sn  S
           0.237396   1.0000000
 Sn  S
           0.112068   1.0000000
 Sn  S
           0.063800   1.0000000
 Sn  S
           0.953900   1.0000000
 Sn  P
         216.970000   0.0002260  -0.0000810   0.0000000
          20.910200   0.0229170  -0.0054570   0.0000000
           8.796110  -0.1971460   0.0530050   0.0000000
           2.567370   0.4679170  -0.1546650   0.0000000
           1.314510   0.4960430  -0.1589400   0.0000000
           0.653591   0.1766100  -0.0497030   0.0000000
           0.272150   0.0128500   0.3271270   0.0000000
           0.110736   0.0001190   0.5670890   0.0000000
           0.044034   0.0001730   0.2642970   0.0000000
           3.897000   0.0000000   0.0000000   0.0000000
 Sn  P
           0.345100   1.0000000
 Sn  P
           0.056800   1.0000000
 Sn  P
           0.880400   1.0000000
 Sn  D
         130.243000   0.0003190   0.0000000
          36.776200   0.0026780   0.0000000
          14.632100  -0.0101090   0.0000000
           4.696950   0.1197680   0.0000000
           2.530780   0.3226000   0.0000000
           1.301740   0.3842380   0.0000000
           0.646575   0.2653580   0.0000000
           1.573900   0.0000000   0.0000000
 Sn  D
           0.302316   1.0000000
 Sn  D
           0.116000   1.0000000
 Sn  D
           0.749800   1.0000000
           3.768200   0.0000000
 Sn  F
           0.282200   1.0000000
 Sn  F
           1.003300   1.0000000
 Sn  G
           1.089600   1.0000000
#
# BASIS SET: (12s,11p,9d,1f) -&gt; [5s,4p,3d,1f] matched with Stut
 Sb  S
        3928.330000   0.0001540   0.0000620   0.0000000
         593.889000   0.0009310   0.0004280   0.0000000
         120.185000   0.0028210   0.0008770   0.0000000
          29.514000  -0.0553190  -0.0157130   0.0000000
          18.442200   0.2433120   0.0830030   0.0000000
           7.475710  -0.7383240  -0.2954330   0.0000000
           1.951360   0.8663100   0.4816030   0.0000000
           0.952258   0.4713110   0.3837680   0.0000000
           0.062628   0.0013620  -0.1674290   0.0000000
           1.747800   0.0000000   0.0000000   0.0000000
 Sb  S
           0.287968   1.0000000
 Sb  S
           0.136396   1.0000000
 Sb  S
           0.076400   1.0000000
 Sb  S
           1.096200   1.0000000
 Sb  P
         210.471000   0.0002640  -0.0001020   0.0000000
          16.141400   0.0799050  -0.0217610   0.0000000
           9.825300  -0.2769490   0.0806610   0.0000000
           2.752670   0.4836600  -0.1746280   0.0000000
           1.421480   0.5006970  -0.1841540   0.0000000
           0.716246   0.1665980  -0.0534720   0.0000000
           0.320205   0.0119690   0.3583120   0.0000000
           0.135088   0.0002790   0.5683580   0.0000000
           0.055130  -0.0000050   0.2383430   0.0000000
           4.652100   0.0000000   0.0000000   0.0000000
 Sb  P
           0.433200   1.0000000
 Sb  P
           0.073720   1.0000000
 Sb  P
           1.085800   1.0000000
 Sb  D
         135.775000   0.0003830   0.0000000
          38.774600   0.0030350   0.0000000
          13.492200  -0.0114660   0.0000000
           5.083270   0.1159020   0.0000000
           2.789580   0.3212690   0.0000000
           1.461590   0.3870740   0.0000000
           0.740845   0.2624240   0.0000000
           1.763700   0.0000000   0.0000000
 Sb  D
           0.353130   1.0000000
 Sb  D
           0.139300   1.0000000
 Sb  D
           0.867200   1.0000000
           4.116600   0.0000000
 Sb  F
           0.324400   1.0000000
 Sb  F
           1.128700   1.0000000
 Sb  G
           1.235300   1.0000000
#
# BASIS SET: (12s,11p,9d,1f) -&gt; [5s,4p,3d,1f] matched with Stut
 Te  S
        5324.980000   0.0002030  -0.0000930   0.0000000
         803.674000   0.0013120  -0.0006440   0.0000000
         175.146000   0.0038220  -0.0016200   0.0000000
          29.618200  -0.0452470   0.0122950   0.0000000
          18.534400   0.2468860  -0.0883860   0.0000000
           7.961500  -0.7501600   0.3181100   0.0000000
           2.065390   0.8794950  -0.5307770   0.0000000
           1.024570   0.4581140  -0.3968780   0.0000000
           0.072019   0.0010900   0.1561030   0.0000000
           1.975200   0.0000000   0.0000000   0.0000000
 Te  S
           0.333843   1.0000000
 Te  S
           0.157811   1.0000000
 Te  S
           0.088400   1.0000000
 Te  S
           1.239000   1.0000000
 Te  P
         193.775000   0.0004000  -0.0001670   0.0000000
          17.550800   0.0686080  -0.0200760   0.0000000
          10.195100  -0.2665700   0.0844810   0.0000000
           2.973770   0.4735330  -0.1888350   0.0000000
           1.556470   0.5102310  -0.2053640   0.0000000
           0.787546   0.1675130  -0.0507390   0.0000000
           0.368473   0.0117410   0.3853020   0.0000000
           0.154273   0.0011710   0.5591880   0.0000000
           0.061905   0.0000750   0.2313120   0.0000000
           4.781100   0.0000000   0.0000000   0.0000000
 Te  P
           0.504300   1.0000000
 Te  P
           0.081500   1.0000000
 Te  P
           1.239500   1.0000000
 Te  D
         142.617000   0.0004610   0.0000000
          41.060500   0.0035350   0.0000000
          13.062200  -0.0118350   0.0000000
           5.725150   0.1059670   0.0000000
           3.133810   0.3189520   0.0000000
           1.656820   0.3923070   0.0000000
           0.851575   0.2640890   0.0000000
           1.979900   0.0000000   0.0000000
 Te  D
           0.412128   1.0000000
 Te  D
           0.165100   1.0000000
 Te  D
           1.002000   1.0000000
           4.476500   0.0000000
 Te  F
           0.349400   1.0000000
 Te  F
           1.243600   1.0000000
 Te  G
           1.388100   1.0000000
#
# BASIS SET: (12s,11p,9d,1f) -&gt; [5s,4p,3d,1f] matched with Stut
 I   S
        5546.500000   0.0001560  -0.0000730   0.0000000
         838.214000   0.0009860  -0.0005080   0.0000000
         182.187000   0.0027920  -0.0011580   0.0000000
          31.212300  -0.0432510   0.0121930   0.0000000
          19.531400   0.2341340  -0.0878540   0.0000000
           8.240990  -0.7509430   0.3382000   0.0000000
           2.194550   0.8829680  -0.5765500   0.0000000
           1.109110   0.4620610  -0.4092980   0.0000000
           0.081061   0.0011020   0.1432310   0.0000000
           2.176700   0.0000000   0.0000000   0.0000000
 I   S
           0.374641   1.0000000
 I   S
           0.177080   1.0000000
 I   S
           0.100100   1.0000000
 I   S
           1.366100   1.0000000
 I   P
         188.988000   0.0005850  -0.0002560   0.0000000
          21.286800   0.0369230  -0.0116820   0.0000000
          10.039600  -0.2353240   0.0831920   0.0000000
           3.451800   0.3414830  -0.1569700   0.0000000
           1.974560   0.5347880  -0.2245180   0.0000000
           1.024200   0.2651410  -0.1144510   0.0000000
           0.449437   0.0257870   0.3753560   0.0000000
           0.186648   0.0005220   0.5751360   0.0000000
           0.073481   0.0006060   0.2459170   0.0000000
           4.953000   0.0000000   0.0000000   0.0000000
 I   P
           0.598100   1.0000000
 I   P
           0.096180   1.0000000
 I   P
           1.424300   1.0000000
 I   D
         132.662000   0.0005720   0.0000000
          37.605400   0.0044020   0.0000000
          10.389100  -0.0409220   0.0000000
           6.490170   0.0996610   0.0000000
           3.454510   0.3226630   0.0000000
           1.844130   0.4003430   0.0000000
           0.962478   0.2683060   0.0000000
           2.277300   0.0000000   0.0000000
 I   D
           0.472853   1.0000000
 I   D
           0.193200   1.0000000
 I   D
           1.101000   1.0000000
           4.867100   0.0000000
 I   F
           0.406400   1.0000000
 I   F
           1.392500   1.0000000
 I   G
           1.544400   1.0000000
#
# BASIS SET: (12s,11p,9d,1f) -&gt; [5s,4p,3d,1f] matched with Stut
 Xe  S
        6456.400000   0.0002500  -0.0001300   0.0000000
         974.061000   0.0016300  -0.0008850   0.0000000
         214.429000   0.0047330  -0.0023580   0.0000000
          31.330800  -0.0336990   0.0072910   0.0000000
          19.613000   0.2439310  -0.0926390   0.0000000
           8.886090  -0.7646530   0.3537950   0.0000000
           2.325080   0.9007940  -0.6158300   0.0000000
           1.184220   0.4415130  -0.4130600   0.0000000
           0.092178   0.0008510   0.1423370   0.0000000
           2.444900   0.0000000   0.0000000   0.0000000
 Xe  S
           0.426854   1.0000000
 Xe  S
           0.201645   1.0000000
 Xe  S
           0.114300   1.0000000
 Xe  S
           1.535200   1.0000000
 Xe  P
         191.170000   0.0007650  -0.0003290   0.0000000
          22.517800   0.0369520  -0.0127810   0.0000000
          10.060400  -0.2806880   0.1082740   0.0000000
           5.557620   0.1427170  -0.0720510   0.0000000
           2.696250   0.6356540  -0.2845800   0.0000000
           1.307640   0.3932570  -0.1852050   0.0000000
           0.530675   0.0410560   0.3583360   0.0000000
           0.222461  -0.0022510   0.5883940   0.0000000
           0.086881   0.0007740   0.2572450   0.0000000
           5.323800   0.0000000   0.0000000   0.0000000
 Xe  P
           0.695300   1.0000000
 Xe  P
           0.113500   1.0000000
 Xe  P
           1.625100   1.0000000
 Xe  D
         142.971000   0.0007360   0.0000000
          41.305700   0.0053720   0.0000000
          10.922200  -0.0288270   0.0000000
           6.824080   0.1199100   0.0000000
           3.666960   0.3324640   0.0000000
           1.982890   0.3892090   0.0000000
           1.053990   0.2483590   0.0000000
           2.520100   0.0000000   0.0000000
 Xe  D
           0.529903   1.0000000
 Xe  D
           0.219200   1.0000000
 Xe  D
           1.254800   1.0000000
           5.615800   0.0000000
 Xe  F
           0.477900   1.0000000
 Xe  F
           1.614800   1.0000000
 Xe  G
           1.753000   1.0000000
#
# BASIS SET: (12s,11p,8d,1f) -&gt; [5s,4p,3d,1f] matched with Stut
 Tl  S
         562.304000   0.0001980  -0.0000840   0.0000000
          35.249800   0.0221110  -0.0071210   0.0000000
          22.033300  -0.1771730   0.0624260   0.0000000
          13.773200   0.5247630  -0.1989080   0.0000000
           6.607030  -0.8455960   0.3623280   0.0000000
           4.130500  -0.1972920   0.0590030   0.0000000
           1.691560   0.9069980  -0.4951260   0.0000000
           0.821021   0.5217240  -0.4018200   0.0000000
           0.053300   0.0011640   0.2582840   0.0000000
           1.308500   0.0000000   0.0000000   0.0000000
 Tl  S
           0.277346   1.0000000
 Tl  S
           0.126773   1.0000000
 Tl  S
           0.057200   1.0000000
 Tl  S
           0.819700   1.0000000
 Tl  P
          18.757400  -0.0166780   0.0026180   0.0000000
          11.733100   0.1512460  -0.0328790   0.0000000
           6.976960  -0.3814160   0.0924060   0.0000000
           1.927440   0.5503950  -0.1666270   0.0000000
           0.980847   0.4895040  -0.1563700   0.0000000
           0.478809   0.1406890  -0.0023450   0.0000000
           0.190857   0.0089600   0.3309880   0.0000000
           0.075106   0.0001670   0.5452360   0.0000000
           0.029554   0.0000910   0.2687240   0.0000000
           1.751900   0.0000000   0.0000000   0.0000000
 Tl  P
           0.293900   1.0000000
 Tl  P
           0.043400   1.0000000
 Tl  P
           0.852000   1.0000000
 Tl  D
          64.997800   0.0001920   0.0000000
          10.573200   0.0213830   0.0000000
           6.612170  -0.0882380   0.0000000
           2.173530   0.2702850   0.0000000
           1.101020   0.4265460   0.0000000
           0.529098   0.3444120   0.0000000
           2.506100   0.0000000   0.0000000
 Tl  D
           0.238660   1.0000000
 Tl  D
           0.090800   1.0000000
 Tl  D
           0.586500   1.0000000
           2.091400   0.0000000
 Tl  F
           0.291800   1.0000000
 Tl  F
           0.777800   1.0000000
 Tl  G
           0.837000   1.0000000
#
# BASIS SET: (12s,11p,8d,1f) -&gt; [5s,4p,3d,1f] matched with Stut
 Pb  S
         544.675000   0.0003190  -0.0001460   0.0000000
          36.512800   0.0242140  -0.0083480   0.0000000
          22.776100  -0.1854660   0.0694480   0.0000000
          14.226200   0.5460900  -0.2207290   0.0000000
           6.895000  -0.8705150   0.4003450   0.0000000
           4.309690  -0.2035780   0.0629640   0.0000000
           1.800850   0.9089240  -0.5315590   0.0000000
           0.890768   0.5320000  -0.4479460   0.0000000
           0.063288   0.0010520   0.2440990   0.0000000
           1.468800   0.0000000   0.0000000   0.0000000
 Pb  S
           0.318968   1.0000000
 Pb  S
           0.148352   1.0000000
 Pb  S
           0.068100   1.0000000
 Pb  S
           0.920000   1.0000000
 Pb  P
          18.648900  -0.0178000   0.0030930   0.0000000
          11.667900   0.1793570  -0.0453160   0.0000000
           7.293490  -0.4167250   0.1173920   0.0000000
           2.028490   0.5595180  -0.2007620   0.0000000
           1.040970   0.4925180  -0.1848820   0.0000000
           0.514190   0.1323700  -0.0054120   0.0000000
           0.228651   0.0080590   0.3698780   0.0000000
           0.095828   0.0007990   0.5468910   0.0000000
           0.039229  -0.0000270   0.2294930   0.0000000
           1.891700   0.0000000   0.0000000   0.0000000
 Pb  P
           0.369600   1.0000000
 Pb  P
           0.058600   1.0000000
 Pb  P
           1.088500   1.0000000
 Pb  D
          61.397000   0.0003250   0.0000000
          12.373500   0.0132110   0.0000000
           6.926860  -0.0727810   0.0000000
           2.330870   0.2697210   0.0000000
           1.210190   0.4265860   0.0000000
           0.600516   0.3381390   0.0000000
           2.685900   0.0000000   0.0000000
 Pb  D
           0.280787   1.0000000
 Pb  D
           0.109300   1.0000000
 Pb  D
           0.666600   1.0000000
           2.204900   0.0000000
 Pb  F
           0.290000   1.0000000
 Pb  F
           0.807800   1.0000000
 Pb  G
           0.914500   1.0000000
#
# BASIS SET: (12s,11p,8d,1f) -&gt; [5s,4p,3d,1f] matched with Stut
 Bi  S
         798.633000   0.0003890  -0.0001910   0.0000000
          95.002300   0.0021040  -0.0008850   0.0000000
          21.252000  -0.1296810   0.0550530   0.0000000
          13.291900   0.6651190  -0.3024060   0.0000000
           8.312100  -0.7740220   0.3964830   0.0000000
           5.194760  -0.4577470   0.1783230   0.0000000
           1.909720   0.9010720  -0.5704930   0.0000000
           0.962271   0.5445340  -0.4792590   0.0000000
           0.073265   0.0010360   0.2315980   0.0000000
           1.618000   0.0000000   0.0000000   0.0000000
 Bi  S
           0.356026   1.0000000
 Bi  S
           0.168327   1.0000000
 Bi  S
           0.078400   1.0000000
 Bi  S
           1.013900   1.0000000
 Bi  P
          19.225900  -0.0161520   0.0027330   0.0000000
          12.037800   0.1760310  -0.0488430   0.0000000
           7.536210  -0.4201030   0.1318400   0.0000000
           2.160840   0.5526740  -0.2252710   0.0000000
           1.130360   0.4995620  -0.2078760   0.0000000
           0.566778   0.1344950  -0.0155850   0.0000000
           0.271608   0.0080460   0.3938490   0.0000000
           0.117769   0.0010310   0.5508800   0.0000000
           0.049304  -0.0001620   0.2111500   0.0000000
           2.197500   0.0000000   0.0000000   0.0000000
 Bi  P
           0.446900   1.0000000
 Bi  P
           0.074300   1.0000000
 Bi  P
           1.243100   1.0000000
 Bi  D
          65.022400   0.0003950   0.0000000
          13.690800   0.0112010   0.0000000
           7.095910  -0.0723170   0.0000000
           2.520900   0.2632860   0.0000000
           1.340660   0.4273250   0.0000000
           0.682558   0.3375340   0.0000000
           2.912200   0.0000000   0.0000000
 Bi  D
           0.327714   1.0000000
 Bi  D
           0.130600   1.0000000
 Bi  D
           0.759000   1.0000000
           2.369700   0.0000000
 Bi  F
           0.316400   1.0000000
 Bi  F
           0.882200   1.0000000
 Bi  G
           1.016300   1.0000000
#
# BASIS SET: (12s,11p,8d,1f) -&gt; [5s,4p,3d,1f] matched with Stut
 Po  S
        2284.760000   0.0002360   0.0001140   0.0000000
         345.774000   0.0011910   0.0006790   0.0000000
          40.920400   0.0268960   0.0074840   0.0000000
          25.577100  -0.1699090  -0.0578310   0.0000000
          15.994200   0.4554490   0.1842770   0.0000000
           6.793830  -0.9748070  -0.4716170   0.0000000
           1.927090   0.9172590   0.6656440   0.0000000
           0.997032   0.5026630   0.4192020   0.0000000
           0.073536   0.0013620  -0.1458700   0.0000000
           1.715700   0.0000000   0.0000000   0.0000000
 Po  S
           0.340350   1.0000000
 Po  S
           0.161724   1.0000000
 Po  S
           0.087500   1.0000000
 Po  S
           1.076200   1.0000000
 Po  P
          19.771400  -0.0144910   0.0021050   0.0000000
          12.392100   0.1732690  -0.0508490   0.0000000
           7.774070  -0.4241670   0.1432890   0.0000000
           2.291310   0.5524090  -0.2470410   0.0000000
           1.205940   0.5120890  -0.2322350   0.0000000
           0.594611   0.1278370   0.0071000   0.0000000
           0.298645   0.0052540   0.4246290   0.0000000
           0.129742   0.0020100   0.5319740   0.0000000
           0.053935  -0.0001320   0.1972940   0.0000000
           2.316600   0.0000000   0.0000000   0.0000000
 Po  P
           0.495300   1.0000000
 Po  P
           0.079700   1.0000000
 Po  P
           1.377200   1.0000000
 Po  D
          67.963600   0.0004990   0.0000000
          14.988300   0.0101500   0.0000000
           7.260740  -0.0719050   0.0000000
           2.710700   0.2594360   0.0000000
           1.463830   0.4323430   0.0000000
           0.755828   0.3375810   0.0000000
           3.097700   0.0000000   0.0000000
 Po  D
           0.367176   1.0000000
 Po  D
           0.148400   1.0000000
 Po  D
           0.839300   1.0000000
           2.492800   0.0000000
 Po  F
           0.325000   1.0000000
 Po  F
           0.933100   1.0000000
 Po  G
           1.115800   1.0000000
#
# BASIS SET: (12s,11p,8d,1f) -&gt; [5s,4p,3d,1f] matched with Stut
 At  S
        2405.310000   0.0001700  -0.0000820   0.0000000
         365.565000   0.0008190  -0.0004930   0.0000000
          41.906200   0.0224870  -0.0054020   0.0000000
          26.202600  -0.1576560   0.0531700   0.0000000
          16.391500   0.4528990  -0.1887440   0.0000000
           7.083410  -0.9917430   0.4997270   0.0000000
           2.033130   0.9225040  -0.7071970   0.0000000
           1.070070   0.5052420  -0.4337520   0.0000000
           0.081833   0.0013480   0.1365100   0.0000000
           1.894900   0.0000000   0.0000000   0.0000000
 At  S
           0.376071   1.0000000
 At  S
           0.179447   1.0000000
 At  S
           0.096600   1.0000000
 At  S
           1.188700   1.0000000
 At  P
          20.297000  -0.0118100   0.0010180   0.0000000
          12.731200   0.1669480  -0.0512500   0.0000000
           8.000340  -0.4251720   0.1534750   0.0000000
           2.447960   0.5371220  -0.2616100   0.0000000
           1.310820   0.5267320  -0.2555450   0.0000000
           0.645865   0.1326450   0.0133140   0.0000000
           0.333758   0.0045660   0.4434770   0.0000000
           0.146166   0.0028370   0.5252820   0.0000000
           0.060871  -0.0000470   0.1879620   0.0000000
           2.502100   0.0000000   0.0000000   0.0000000
 At  P
           0.568600   1.0000000
 At  P
           0.092900   1.0000000
 At  P
           1.561800   1.0000000
 At  D
          70.945400   0.0006200   0.0000000
          16.256000   0.0096710   0.0000000
           7.360320  -0.0734590   0.0000000
           2.923360   0.2525880   0.0000000
           1.599120   0.4379470   0.0000000
           0.834087   0.3400530   0.0000000
           3.282400   0.0000000   0.0000000
 At  D
           0.408141   1.0000000
 At  D
           0.168300   1.0000000
 At  D
           0.922100   1.0000000
           2.704000   0.0000000
 At  F
           0.371900   1.0000000
 At  F
           1.036400   1.0000000
 At  G
           1.229000   1.0000000
#
# BASIS SET: (12s,11p,8d,1f) -&gt; [5s,4p,3d,1f] matched with Stut
 Rn  S
        3407.200000   0.0002290  -0.0001250   0.0000000
         516.483000   0.0012550  -0.0007910   0.0000000
          97.028100   0.0036740  -0.0013530   0.0000000
          26.465500  -0.0885740   0.0328160   0.0000000
          16.563100   0.3733190  -0.1662340   0.0000000
           7.251060  -0.9622370   0.5134720   0.0000000
           2.171930   0.8751670  -0.7293370   0.0000000
           1.180120   0.5520340  -0.4533150   0.0000000
           0.090925   0.0020960   0.1289040   0.0000000
           2.082400   0.0000000   0.0000000   0.0000000
 Rn  S
           0.401495   1.0000000
 Rn  S
           0.194842   1.0000000
 Rn  S
           0.106000   1.0000000
 Rn  S
           1.307100   1.0000000
 Rn  P
          20.723900  -0.0087120  -0.0002330   0.0000000
          12.999600   0.1615290  -0.0514810   0.0000000
           8.173480  -0.4339190   0.1655770   0.0000000
           2.747420   0.4447680  -0.2323410   0.0000000
           1.563900   0.5621850  -0.2874580   0.0000000
           0.811020   0.1912550  -0.0486090   0.0000000
           0.400963   0.0133510   0.4450460   0.0000000
           0.173764   0.0015260   0.5480680   0.0000000
           0.071576  -0.0001560   0.1999230   0.0000000
           2.761200   0.0000000   0.0000000   0.0000000
 Rn  P
           0.646300   1.0000000
 Rn  P
           0.108300   1.0000000
 Rn  P
           1.724800   1.0000000
 Rn  D
          75.431800   0.0007340   0.0000000
          18.017100   0.0088650   0.0000000
           7.351650  -0.0771450   0.0000000
           3.252120   0.2250370   0.0000000
           1.809890   0.4386570   0.0000000
           0.956550   0.3545790   0.0000000
           3.532500   0.0000000   0.0000000
 Rn  D
           0.474750   1.0000000
 Rn  D
           0.196000   1.0000000
 Rn  D
           1.048200   1.0000000
           2.930600   0.0000000
 Rn  F
           0.430300   1.0000000
 Rn  F
           1.153200   1.0000000
 Rn  G
           1.355600   1.0000000
 END

