basis &quot;ao basis&quot; PRINT
H    S       
     12.9783360              0.0196850              0.0087775
      1.9572250              0.1379770             -0.2887070
      0.4435180              0.4781480             -0.3984355
      0.1217030              0.5012400              0.8705288
H    P       
      0.7252310              1.0000000
#
He    S       
     38.7178860              0.0334646              0.0271148
      5.8238320              0.2180280              0.3125505
      1.2515690              0.6557490              0.6533442
      0.3003770              0.7220368             -0.6889981
He    P       
      1.2868950              1.0000000
#
Li    S       
   1469.0129100              0.0007660             -0.0001200              0.0000392
    220.5019380              0.0058920             -0.0009230              0.0003603
     50.2604420              0.0296710             -0.0046890              0.0013696
     14.2401250              0.1091800             -0.0176820              0.0073580
      4.5810400              0.2827890             -0.0489020              0.0099138
      1.5800140              0.4531230             -0.0960090              0.0406520
      0.5640050              0.2747740             -0.1363800             -0.0230096
      0.0734510              0.0097510              0.5751020             -0.6011222
      0.0280500             -0.0031800              0.5176610              0.7976939
Li    P       
      1.5340130              0.0227840              0.1196035
      0.2749020              0.1391070              0.0313428
      0.0736210              0.5003750             -0.1335832
      0.0240300              0.5084740              0.9832945
Li    D       
      0.1239010              1.0000000
#
Be    S       
   2940.4751230              0.0004491              0.0010203              0.0000143
    441.2713010              0.0034730              0.0078479             -0.0000334
    100.5162410              0.0176019              0.0399024              0.0008652
     28.4345940              0.0672493              0.1493562             -0.0029471
      9.1704820              0.1836157              0.4017293              0.0116529
      3.1965160              0.3402067              0.6543443             -0.0652282
      1.1591870              0.2908243              0.3914323              0.0532555
      0.1811290             -0.6324803              0.3637892              0.6823294
      0.0589100             -0.6009077              0.3176841             -0.7260789
Be    P       
      3.6195850              0.0329351              0.1092485
      0.7111150              0.2178506              0.1234676
      0.1951320              0.9082189             -0.3887031
      0.0601900              0.3558017              0.9064935
Be    D       
      0.2380380              1.0000000
#
B    S       
   4570.7476830              0.0004508              0.0010546              0.0000233
    686.0122180              0.0034953              0.0080986              0.0000712
    156.5256040              0.0175954              0.0411141              0.0011311
     44.4772760              0.0674581              0.1527151             -0.0005601
     14.4823690              0.1823201              0.4091263              0.0127284
      5.1318390              0.3450270              0.6508526             -0.0514511
      1.8983110              0.2719713              0.3956074              0.0312047
      0.3329540             -0.6179835              0.3498511              0.7024711
      0.1043170             -0.6220701              0.3240781             -0.7090485
B    P       
      6.0019820              0.0482974              0.0044287
      1.2412030              0.2709274              0.1316134
      0.3364550              0.7311702              0.6148071
      0.0953960              0.6242242             -0.7776056
B    D       
      0.3430560              1.0000000
#
C    S       
   6666.3383990              0.0004421              0.0010536              0.0000276
   1000.2008100              0.0034375              0.0080946              0.0001230
    228.0457850              0.0173040              0.0412105              0.0012536
     64.7229940              0.0670580              0.1537659              0.0006314
     21.0642290              0.1821000              0.4147755              0.0128275
      7.4965050              0.3488045              0.6507235             -0.0454819
      2.7975620              0.2564724              0.3954895              0.0229815
      0.5216050             -0.6099643              0.3405752              0.7138986
      0.1596320             -0.6344543              0.3266618             -0.6982732
C    P       
      9.4408950              0.0526095              0.0241486
      2.0024020              0.2894573              0.2305667
      0.5457100              0.7120733              0.5940865
      0.1517300              0.6374938             -0.7702707
C    D       
      0.5501100              1.0000000
#
N    S       
   9047.2248700              0.0004414              0.0010695              0.0000316
   1357.1837440              0.0034375              0.0082188              0.0001711
    309.3418810              0.0172926              0.0418890              0.0013617
     87.7418790              0.0674312              0.1565875              0.0017463
     28.5638670              0.1830077              0.4223776              0.0127466
     10.2113820              0.3511854              0.6511274             -0.0385273
      3.8385200              0.2414003              0.3918034              0.0141836
      0.7467010             -0.6056451              0.3327757              0.7212210
      0.2248300             -0.6428366              0.3271660             -0.6913663
N    P       
     13.5518350              0.0554329              0.0367243
      2.9173950              0.3022633              0.2945377
      0.7974080              0.7080475              0.5636000
      0.2185300              0.6357930             -0.7708786
N    D       
      0.8171110              1.0000000
#
O    S       
  11721.8002610              0.0004499              0.0010870              0.0000315
   1759.2701930              0.0035044              0.0083504              0.0001537
    400.8615650              0.0176357              0.0425900              0.0013943
    113.7174650              0.0688612              0.1591012              0.0011406
     37.0356880              0.1871980              0.4290484              0.0135312
     13.2720380              0.3571925              0.6495829             -0.0492494
      5.0257720              0.2314899              0.3839678              0.0311013
      1.0131560             -0.6124056              0.3378334              0.7125745
      0.3023460             -0.6353557              0.3243436             -0.6990411
O    P       
     17.7027190              0.0596262              0.0429930
      3.8545920              0.3188396              0.3189577
      1.0461610              0.6992259              0.5518503
      0.2753420              0.6370786             -0.7693366
O    D       
      1.1851820              1.0000000
#
F    S       
  14713.4658800              0.0004577              0.0011042              0.0000321
   2207.5200000              0.0035674              0.0084847              0.0001465
    502.9184670              0.0179574              0.0432887              0.0014437
    142.6335990              0.0702116              0.1617068              0.0007916
     46.4809490              0.1907040              0.4348669              0.0142530
     16.7039350              0.3615088              0.6482409             -0.0571452
      6.3574980              0.2227401              0.3774670              0.0445165
      1.3163100             -0.6161929              0.3404521              0.7072706
      0.3897920             -0.6311667              0.3227837             -0.7030755
F    P       
     22.6753410              0.0621513              0.0498290
      4.9781730              0.3279175              0.3615708
      1.3473170              0.6962607              0.5262355
      0.3471820              0.6354749             -0.7680233
F    D       
      1.6403860              1.0000000
#
Ne    S       
  17884.9101850              0.0004693              0.0011310              0.0000336
   2683.7368020              0.0036554              0.0086837              0.0001506
    611.6679290              0.0183907              0.0442815              0.0015145
    173.5476460              0.0718327              0.1650379              0.0007101
     56.6555540              0.1943305              0.4413273              0.0149122
     20.4256080              0.3652266              0.6468524             -0.0620147
      7.8121450              0.2133851              0.3703299              0.0540434
      1.6534540             -0.6187521              0.3417647              0.7035806
      0.4870340             -0.6284473              0.3218537             -0.7056789
Ne    P       
     28.3977960              0.0638154              0.0549931
      6.2717220              0.3339466              0.3916374
      1.6954650              0.6958376              0.5046835
      0.4318190              0.6326273             -0.7673920
Ne    D       
      2.2026050              1.0000000
#
Na    S       
  31701.7959370              0.0004589             -0.0001122              0.0000170              0.0000061
   4755.2693910              0.0035507             -0.0008685              0.0001307              0.0000451
   1082.0613000              0.0182620             -0.0045133              0.0006878              0.0002407
    306.4173590              0.0716650             -0.0181440              0.0027236              0.0008282
     99.5356390              0.2123500             -0.0580800              0.0089553              0.0023284
     35.4220070              0.4162000             -0.1376500              0.0207830              0.0011629
     13.3007540              0.3730200             -0.1939100              0.0319380             -0.0032874
      4.3922490              0.0625050              0.0858010             -0.0191370              0.0040884
      1.6760950             -0.0062453              0.6044200             -0.1026000              0.0681511
      0.5889330              0.0024337              0.4417200             -0.1989400             -0.0380110
      0.0564030             -0.0004424              0.0130550              0.6559500             -0.4662969
      0.0230710              0.0002419             -0.0056808              0.4311500              0.8811599
Na    P       
    138.1078240              0.0057964             -0.0005815              0.0002535
     32.2418270              0.0415760             -0.0040731              0.0008991
      9.9855660              0.1628700             -0.0167940              0.0062863
      3.4841970              0.3594000             -0.0353270              0.0012067
      1.2310700              0.4499900             -0.0521970              0.0344304
      0.4177240              0.2275100             -0.0168360             -0.0615703
      0.0651340              0.0080825              0.4346100             -0.0949508
      0.0205310             -0.0019629              0.6582200              0.9929583
Na    D       
      0.0973060              1.0000000
#
Mg    S       
  47392.4036270              0.0001497              0.0002444              0.0005142              0.0000007
   7108.3605190              0.0011545              0.0018910              0.0039872              0.0000006
   1618.0820650              0.0060282              0.0097988              0.0205312              0.0000379
    458.4232500              0.0240489              0.0391268              0.0818384             -0.0000450
    149.3075730              0.0775621              0.1225543              0.2489592              0.0006628
     53.5927180              0.1774636              0.2713406              0.5265026             -0.0017180
     20.7010500              0.2635924              0.3444994              0.5380619              0.0050588
      8.3844250              0.0569869              0.0973375              0.2002462             -0.0129833
      2.5421290             -0.5152923             -0.3262984              0.3960764              0.0560850
      0.8787450             -0.5846554             -0.1753251              0.3290279             -0.0227223
      0.1077050              0.4188487             -0.6556444              0.2037978             -0.5902201
      0.0399920              0.3261349             -0.4631313              0.1319109              0.8048484
Mg    P       
    179.9091250              0.0083977              0.0000159              0.0003626
     42.1421370              0.0612302              0.0006692             -0.0036913
     13.1306660              0.2456861             -0.0009558              0.0148251
      4.6282350              0.5594065              0.0065308             -0.0635461
      1.6700850              0.7137703             -0.0316993              0.2618230
      0.5857300              0.3367429              0.0483146             -0.4515170
      0.1311070              0.0037534              0.9525440             -0.2251865
      0.0411220             -0.0022708              0.2987922              0.8201222
Mg    D       
      0.1870090              1.0000000
#
Al    S       
  64150.4067550              0.0001125              0.0002211              0.0004326              0.0000009
   9617.0609780              0.0008672              0.0017111              0.0033587              0.0000039
   2189.0138800              0.0045487              0.0088978              0.0173314              0.0000454
    620.5039340              0.0182010              0.0356853              0.0695887              0.0000400
    202.7012850              0.0599274              0.1138754              0.2154771              0.0007102
     73.1504640              0.1424749              0.2627876              0.4804938             -0.0007168
     28.5501810              0.2361531              0.3726753              0.5598056              0.0041621
     11.7700750              0.1018220              0.1659292              0.2589888             -0.0088968
      3.3000210             -0.4721096             -0.3218698              0.3844171              0.0481503
      1.1730070             -0.6122575             -0.2131085              0.3418643             -0.0025406
      0.1752010              0.4295669             -0.6238041              0.2236099             -0.6086275
      0.0647300              0.3568563             -0.4604923              0.1497811              0.7919281
Al    P       
    258.8016410              0.0064082              0.0002487              0.0001503
     60.8903860              0.0483127              0.0021015              0.0004545
     19.1401210              0.2034747              0.0068795              0.0056835
      6.8810440              0.5052539              0.0203474              0.0033128
      2.5740160              0.7159108              0.0085762              0.0468749
      0.9572060              0.4317558              0.0449671             -0.0275170
      0.2099010             -0.0061277              0.6572768             -0.7513036
      0.0598600             -0.0442989              0.7519480              0.6576815
Al    D       
      0.1890010              1.0000000
#
Si    S       
  78860.3072880              0.0000991              0.0002171              0.0003995              0.0000009
  11820.0460580              0.0007642              0.0016796              0.0031018              0.0000042
   2692.0104900              0.0040075              0.0087346              0.0160018              0.0000447
    763.4029750              0.0160866              0.0351164              0.0644512              0.0000501
    249.6009730              0.0533142              0.1128101              0.2008752              0.0007016
     90.2803520              0.1292155              0.2646636              0.4565223             -0.0004993
     35.2901380              0.2232009              0.3916060              0.5588713              0.0040776
     14.5100570              0.1159764              0.1980668              0.2784674             -0.0080282
      4.0530160             -0.4518657             -0.3130267              0.3853487              0.0486583
      1.4820060             -0.6195726             -0.2273281              0.3530241              0.0031633
      0.2517010              0.4329897             -0.6020265              0.2381960             -0.6227065
      0.0924300              0.3760100             -0.4595970              0.1645560              0.7808823
Si    P       
    315.9012310              0.0061434              0.0009047              0.0001682
     74.4202900              0.0467047              0.0071575              0.0005494
     23.4800910              0.1992442              0.0280355              0.0065556
      8.4880330              0.5020100              0.0745307              0.0047932
      3.2170130              0.7167239              0.0803171              0.0533980
      1.2290050              0.4124547              0.1081012             -0.0448190
      0.2964010             -0.0833469              0.6743250             -0.7288417
      0.0876800             -0.1237332              0.7216344              0.6810752
Si    D       
      0.2750010              1.0000000
#
P    S       
  94840.3522970              0.0000903              0.0002123              0.0003739              0.0000007
  14220.0528220              0.0006961              0.0016431              0.0029044              0.0000033
   3236.0120210              0.0036563              0.0085635              0.0150131              0.0000357
    917.1034070              0.0147291              0.0345177              0.0606502              0.0000402
    299.5011130              0.0492326              0.1119197              0.1907680              0.0005743
    108.1004020              0.1215668              0.2666583              0.4406765             -0.0003222
     42.1801570              0.2153454              0.4052559              0.5557738              0.0035175
     17.2800640              0.1239734              0.2191279              0.2882227             -0.0062685
      4.8580180             -0.4399476             -0.3044556              0.3872015              0.0432504
      1.8180070             -0.6215663             -0.2363104              0.3623276              0.0123272
      0.3372010              0.4337078             -0.5853449              0.2477693             -0.6341328
      0.1232000              0.3909256             -0.4600933              0.1759166              0.7718814
P    P       
    370.5013760              0.0057848              0.0023949              0.0001918
     87.3303240              0.0441803              0.0186114              0.0006565
     27.5901020              0.1903638              0.0771088              0.0077185
     10.0000370              0.4798021              0.1984844              0.0062661
      3.8250140              0.6814277              0.2494494              0.0615566
      1.4940060              0.3442252              0.2135998             -0.0740079
      0.3921010             -0.2577612              0.6523913             -0.7028781
      0.1186000             -0.2868635              0.6487232              0.7046962
P    D       
      0.3730010              1.0000000
#
S    S       
 110799.9156680              0.0000852              0.0002108              0.0003600              0.0000007
  16609.9873580              0.0006573              0.0016310              0.0027956              0.0000030
   3780.9971220              0.0034528              0.0085055              0.0144579              0.0000313
   1070.9991850              0.0139499              0.0343495              0.0585297              0.0000385
    349.7997340              0.0467365              0.1117060              0.1846038              0.0005086
    126.2999040              0.1167386              0.2684125              0.4301473             -0.0001898
     49.2599630              0.2100915              0.4148075              0.5521478              0.0031814
     20.1599850              0.1288332              0.2333153              0.2935182             -0.0051039
      5.7199960             -0.4332767             -0.2969044              0.3889151              0.0386364
      2.1819980             -0.6222677             -0.2414148              0.3686981              0.0189088
      0.4327000              0.4382170             -0.5794147              0.2570932             -0.6325504
      0.1570000              0.3953030             -0.4533934              0.1814987              0.7733002
S    P       
    399.6996960              0.0052902              0.0046924              0.0001408
     94.1899280              0.0401980              0.0360354              0.0002653
     29.7499770              0.1719318              0.1497055              0.0063539
     10.7699920              0.4196701              0.3696351              0.0025955
      4.1189970              0.5675919              0.4543893              0.0559580
      1.6249990              0.1709773              0.2953561             -0.1068158
      0.4726000             -0.4831777              0.5465017             -0.6638563
      0.1407000             -0.4558707              0.4972611              0.7380424
S    D       
      0.4790000              1.0000000
#
Cl    S       
 127902.0122120              0.0000816              0.0002089              0.0003488              0.0000006
  19170.3015960              0.0006297              0.0016166              0.0027098              0.0000028
   4363.0686420              0.0033069              0.0084328              0.0140162              0.0000308
   1236.0194460              0.0133846              0.0340890              0.0568073              0.0000361
    403.6063500              0.0449794              0.1112667              0.1797836              0.0005085
    145.7022920              0.1134006              0.2691907              0.4218503             -0.0001891
     56.8108940              0.2066266              0.4216117              0.5489726              0.0032567
     23.2303650              0.1330020              0.2444865              0.2977992             -0.0050859
      6.6441050             -0.4295803             -0.2898392              0.3903400              0.0397634
      2.5750410             -0.6220971             -0.2447408              0.3736805              0.0203042
      0.5371080              0.4396087             -0.5740761              0.2636631             -0.6341735
      0.1938030              0.3996783             -0.4504687              0.1863150              0.7718768
Cl    P       
    417.6065700              0.0051728              0.0063742              0.0001232
     98.3315470              0.0390665              0.0483531             -0.0001599
     31.0404880              0.1640800              0.1978506              0.0066548
     11.1901760              0.3862016              0.4651623             -0.0022430
      4.2490670              0.4789059              0.5308714              0.0660831
      1.6240260              0.0133633              0.2902387             -0.2137159
      0.5322080             -0.5954879              0.4719264             -0.5882374
      0.1620030             -0.4880961              0.3915649              0.7771010
Cl    D       
      0.6000090              1.0000000
#
Ar    S       
 145703.3803790              0.0000791              0.0002076              0.0003410              0.0000006
  21840.5067090              0.0006104              0.0016058              0.0026477              0.0000024
   4972.1153550              0.0032066              0.0083819              0.0137020              0.0000285
   1408.0326670              0.0130009              0.0339149              0.0555937              0.0000274
    459.7106650              0.0437904              0.1110167              0.1763965              0.0004828
    165.9038490              0.1111969              0.2699116              0.4159240             -0.0002206
     64.6915010              0.2043338              0.4266849              0.5460889              0.0032554
     26.4406130              0.1361197              0.2525623              0.3004713             -0.0049516
      7.6281770             -0.4280584             -0.2838176              0.3915157              0.0399015
      2.9960700             -0.6210096             -0.2470411              0.3775957              0.0222138
      0.6504150              0.4393383             -0.5690653              0.2681703             -0.6373317
      0.2337050              0.4041683             -0.4498168              0.1906084              0.7692121
Ar    P       
    453.7105260              0.0049884              0.0072745              0.0001820
    106.8024780              0.0376753              0.0548514              0.0001298
     33.7307830              0.1570491              0.2233839              0.0093742
     12.1302810              0.3656745              0.5120318              0.0013623
      4.5941070              0.4226520              0.5590935              0.0758700
      1.6780390             -0.0915404              0.2887897             -0.3418965
      0.5909140             -0.6499430              0.4257339             -0.4895893
      0.1852040             -0.4803470              0.3280657              0.7984755
Ar    D       
      0.7380170              1.0000000
end
