****
Tl 0
S 12 1.00
582.14087 0.000193
34.002805 0.031322
22.168783 -0.222873
14.779189 0.499008
6.045480 -0.943045
1.690053 0.750897
1.121790 0.339749
0.744569 0.263925
0.495038 0.058773
0.182377 0.004854
0.085022 -0.001942
0.039509 0.000203
S 12 1.00
582.14087 -0.000084
34.002805 -0.008659
22.168783 0.072330
14.779189 -0.178799
6.045480 0.389625
1.690053 -0.498041
1.121790 -0.020400
0.744569 -0.508178
0.495038 0.231770
0.182377 0.611716
0.085022 0.475565
0.039509 0.081259
S 12 1.00
582.14087 -0.000150
34.002805 -0.019601
22.168783 0.145445
14.779189 -0.344333
6.045480 0.763626
1.690053 -1.414921
1.121790 0.310382
0.744569 -1.732005
0.495038 2.705664
0.182377 0.648767
0.085022 -1.173864
0.039509 -0.215460
S 12 1.00
582.14087 0.000192
34.002805 0.037814
22.168783 -0.242248
14.779189 0.531669
6.045480 -1.178862
1.690053 2.921939
1.121790 1.347663
0.744569 -4.796305
0.495038 -0.176041
0.182377 3.246087
0.085022 -1.308523
0.039509 -0.518422
S 1 1.00
0.085022 1.0
S 1 1.00
0.039509 1.0
P 12 1.00
246.72084 0.000052
32.000789 0.004834
21.085891 -0.036880
14.057261 0.116072
6.555803 -0.342171
2.062086 0.463980
1.133372 0.489115
0.609168 0.213595
0.304795 0.032342
0.131350 0.001500
0.057049 -0.000213
0.024681 -0.000086
P 12 1.00
246.72084 -0.000024
32.000789 -0.000387
21.085891 0.006255
14.057261 -0.026515
6.555803 0.092958
2.062086 -0.159454
1.133372 -0.156809
0.609168 -0.085297
0.304795 0.180554
0.131350 0.456145
0.057049 0.435895
0.024681 0.114879
P 12 1.00
246.72084 -0.000036
32.000789 -0.002063
21.085891 0.017617
14.057261 -0.061535
6.555803 0.203464
2.062086 -0.360089
1.133372 -0.482761
0.609168 0.114775
0.304795 1.060640
0.131350 0.145555
0.057049 -0.710766
0.024681 -0.186808
P 12 1.00
246.72084 0.000037
32.000789 -0.012451
21.085891 0.063372
14.057261 -0.149185
6.555803 0.402220
2.062086 -0.978660
1.133372 -0.763515
0.609168 2.366090
0.304795 -0.512337
0.131350 -1.361532
0.057049 0.791496
0.024681 0.245392
P 1 1.00
0.057049 1.0
P 1 1.00
0.024681 1.0
D 8 1.00
45.028602 0.000375
16.507848 -0.002405
10.747185 0.029978
6.976944 -0.089833
2.043715 0.318959
0.974113 0.456521
0.436007 0.322648
0.176940 0.099885
D 8 1.00
45.028602 -0.000639
16.507848 0.005021
10.747185 -0.039173
6.976944 0.108494
2.043715 -0.497223
0.974113 -0.333461
0.436007 0.398969
0.176940 0.678668
D 8 1.00
45.028602 0.000698
16.507848 -0.005317
10.747185 0.052886
6.976944 -0.158681
2.043715 0.956467
0.974113 -0.249265
0.436007 -1.244859
0.176940 1.170073
D 1 1.00
0.05 1.0
F 1 1.00
1.8 1.0
F 1 1.00
0.75 1.0
F 1 1.00
0.27 1.0
G 1 1.00
1.45 1.0
G 1 1.00
0.5 1.0
****

Tl 0
Tl-ECP 5 60
h-ul potential
1
2 1.000000 0.000000
s-ul potential
2
2 12.167805 281.284663
2 8.294909 62.434251
p-ul potential
4
2 7.151492 4.633408
2 5.172865 9.341756
2 9.891072 72.299253
2 9.003391 144.558037
d-ul potential
4
2 7.130218 35.943039
2 6.926906 53.909593
2 5.417570 10.381939
2 5.138681 15.583822
f-ul potential
4
2 5.626399 15.825488
2 5.548952 21.104021
2 2.874946 2.915127
2 2.821451 3.896903
g-ul potential
4
2 6.679057 -7.494534
2 6.706835 -9.540575
2 7.209284 -7.797992
2 7.070964 -9.259524

