basis spherical nosegment
 I s
 1.690000E+04  4.000000E-05  1.900000E-05  0.000000E+00  0.000000E+00  0.000000E+00  0.000000E+00
 2.541390E+03  2.940000E-04  1.420000E-04  0.000000E+00  0.000000E+00  0.000000E+00  0.000000E+00
 5.744130E+02  1.214000E-03  5.920000E-04  0.000000E+00  0.000000E+00  0.000000E+00  0.000000E+00
 1.509450E+02  2.596000E-03  1.243000E-03  0.000000E+00  0.000000E+00  0.000000E+00  0.000000E+00
 2.916310E+01 -5.362300E-02 -2.272100E-02  0.000000E+00  0.000000E+00  0.000000E+00  0.000000E+00
 1.821960E+01  3.439170E-01  1.577080E-01  0.000000E+00  0.000000E+00  0.000000E+00  0.000000E+00
 1.133650E+01 -3.674270E-01 -2.000920E-01  0.000000E+00  0.000000E+00  0.000000E+00  0.000000E+00
 6.924080E+00 -5.389040E-01 -2.161520E-01  0.000000E+00  0.000000E+00  0.000000E+00  0.000000E+00
 2.509810E+00  7.095670E-01  4.134390E-01  0.000000E+00  0.000000E+00  0.000000E+00  0.000000E+00
 1.351130E+00  6.280610E-01  5.345850E-01  0.000000E+00  0.000000E+00  0.000000E+00  0.000000E+00
 6.163790E-01  9.184200E-02  9.235200E-02  1.000000E+00  0.000000E+00  0.000000E+00  0.000000E+00
 3.834550E-01 -1.224300E-02 -5.884630E-01  0.000000E+00  1.000000E+00  0.000000E+00  0.000000E+00
 1.800560E-01  2.875000E-03 -6.192810E-01  0.000000E+00  0.000000E+00  1.000000E+00  0.000000E+00
 8.232700E-02 -2.890000E-04 -1.513990E-01  0.000000E+00  0.000000E+00  0.000000E+00  1.000000E+00
 I s
 1.282060E+01  1.000000E+00  0.000000E+00  0.000000E+00
 3.851000E+00  0.000000E+00  1.000000E+00  0.000000E+00
 1.156800E+00  0.000000E+00  0.000000E+00  1.000000E+00
 I p
 6.491590E+02  9.500000E-05 -3.200000E-05  0.000000E+00  0.000000E+00  0.000000E+00  0.000000E+00
 1.480870E+02  6.290000E-04 -2.530000E-04  0.000000E+00  0.000000E+00  0.000000E+00  0.000000E+00
 2.010180E+01  4.532400E-02 -1.609800E-02  0.000000E+00  0.000000E+00  0.000000E+00  0.000000E+00
 1.044660E+01 -2.302310E-01  8.991000E-02  0.000000E+00  0.000000E+00  0.000000E+00  0.000000E+00
 6.358830E+00 -4.960000E-03 -1.565500E-02  0.000000E+00  0.000000E+00  0.000000E+00  0.000000E+00
 3.048460E+00  5.139270E-01 -2.077830E-01  0.000000E+00  0.000000E+00  0.000000E+00  0.000000E+00
 1.559500E+00  5.060930E-01 -2.480810E-01  0.000000E+00  0.000000E+00  0.000000E+00  0.000000E+00
 7.689110E-01  1.316590E-01  4.033400E-02  1.000000E+00  0.000000E+00  0.000000E+00  0.000000E+00
 3.548140E-01  6.125000E-03  4.515730E-01  0.000000E+00  1.000000E+00  0.000000E+00  0.000000E+00
 1.547660E-01  1.746000E-03  5.031310E-01  0.000000E+00  0.000000E+00  1.000000E+00  0.000000E+00
 6.469900E-02  9.200000E-05  1.755330E-01  0.000000E+00  0.000000E+00  0.000000E+00  1.000000E+00
 I p
 1.892320E+01  1.000000E+00  0.000000E+00  0.000000E+00
 9.899500E+00  0.000000E+00  1.000000E+00  0.000000E+00
 5.178800E+00  0.000000E+00  0.000000E+00  1.000000E+00
 I d
 5.854450E+02  2.500000E-05  0.000000E+00  0.000000E+00  0.000000E+00
 1.774680E+02  2.310000E-04  0.000000E+00  0.000000E+00  0.000000E+00
 6.921930E+01  1.173000E-03  0.000000E+00  0.000000E+00  0.000000E+00
 2.863920E+01  5.584000E-03  0.000000E+00  0.000000E+00  0.000000E+00
 1.271530E+01 -2.383000E-02  0.000000E+00  0.000000E+00  0.000000E+00
 5.479270E+00  1.168140E-01  0.000000E+00  0.000000E+00  0.000000E+00
 3.354930E+00  2.727310E-01  0.000000E+00  0.000000E+00  0.000000E+00
 1.984230E+00  3.401740E-01  0.000000E+00  0.000000E+00  0.000000E+00
 1.152540E+00  2.686990E-01  0.000000E+00  0.000000E+00  0.000000E+00
 6.510170E-01  1.298090E-01  1.000000E+00  0.000000E+00  0.000000E+00
 3.474450E-01  3.304400E-02  0.000000E+00  1.000000E+00  0.000000E+00
 1.547000E-01  3.067000E-03  0.000000E+00  0.000000E+00  1.000000E+00
 I d
 5.327400E+00  1.000000E+00  0.000000E+00  0.000000E+00
 2.718000E+00  0.000000E+00  1.000000E+00  0.000000E+00
 1.386700E+00  0.000000E+00  0.000000E+00  1.000000E+00
 I f
 5.865000E-01  1.000000E+00  0.000000E+00
 2.494000E-01  0.000000E+00  1.000000E+00
 I f
 9.895900E+00  1.000000E+00  0.000000E+00  0.000000E+00
 3.730500E+00  0.000000E+00  1.000000E+00  0.000000E+00
 1.406300E+00  0.000000E+00  0.000000E+00  1.000000E+00
 I g
 4.730000E-01  1.000000E+00
 I g
 5.036500E+00  1.000000E+00  0.000000E+00
 1.399300E+00  0.000000E+00  1.000000E+00
 I h
 1.450100E+00  1.000000E+00
end

ECP
I  nelec 28 ! # core electrons
I  ul
  2          1.00000000        0.00000000
I  S
  2         40.03337600       49.98964900
  2         17.30057600      281.00655600
  2          8.85172000       61.41673900
I  P
  2         15.72014100       67.41623900
  2         15.20822200      134.80769600
  2          8.29418600       14.56654800
  2          7.75394900       28.96842200
I  D
  2         13.81775100       35.53875600
  2         13.58780500       53.33975900
  2          6.94763000        9.71646600
  2          6.96009900       14.97750000
I  F
  2         18.52295000      -20.17661800
  2         18.25103500      -26.08807700
  2          7.55790100       -0.22043400
  2          7.59740400       -0.22164600
END
