
 BASIS &quot;aobasis&quot; print
 Ga  S
       22928.000000   0.0000290   0.0000000   0.0000000
        3443.370000   0.0002140   0.0000000   0.0000000
         780.714000   0.0009570   0.0000000   0.0000000
         210.631000   0.0025910   0.0000000   0.0000000
          49.628000  -0.0265900   0.0000000   0.0000000
          31.003300   0.2112800   0.0000000   0.0000000
          10.601200  -0.2759270   0.0000000   0.0000000
           3.397340   0.4620430   0.0000000   0.0000000
           1.778820   0.5722390   0.0000000   0.0000000
           4.624100   0.0000000   0.0000000   0.0000000
           2.533800   0.0000000   0.0000000   0.0000000
 Ga  S
          19.368000   1.0000000
 Ga  S
           0.893183   1.0000000
 Ga  S
           0.276680   1.0000000
 Ga  S
           0.121991   1.0000000
 Ga  S
           0.051740   1.0000000
 Ga  S
           1.388400   1.0000000
 Ga  P
         449.184000   0.0001980  -0.0000340   0.0000000   0.0000000
          73.540200   0.0045280  -0.0008270   0.0000000   0.0000000
          32.723100  -0.0178910   0.0034710   0.0000000   0.0000000
          17.987900  -0.0757400   0.0129630   0.0000000   0.0000000
           5.719470   0.2700640  -0.0542150   0.0000000   0.0000000
           2.902300   0.4455350  -0.0831230   0.0000000   0.0000000
           1.438250   0.3306580  -0.0863750   0.0000000   0.0000000
           0.685165   0.0901940   0.0282190   0.0000000   0.0000000
           6.780700   0.0000000   0.0000000   0.0000000   0.0000000
           3.217700   0.0000000   0.0000000   0.0000000   0.0000000
 Ga  P
           0.243465   1.0000000
 Ga  P
           0.092668   1.0000000
 Ga  P
           0.035381   1.0000000
 Ga  P
           1.526900   1.0000000
 Ga  D
         638.279000   0.0001590   0.0000000   0.0000000
         193.563000   0.0016860   0.0000000   0.0000000
          76.749200   0.0117310   0.0000000   0.0000000
          35.978400   0.0416380   0.0000000   0.0000000
          17.265500   0.1068170   0.0000000   0.0000000
           8.608350   0.2028410   0.0000000   0.0000000
           4.322080   0.2834890   0.0000000   0.0000000
           2.143830   0.3024140   0.0000000   0.0000000
           1.038300   0.2434980   0.0000000   0.0000000
           5.499300   0.0000000   0.0000000   0.0000000
           2.521500   0.0000000   0.0000000   0.0000000
 Ga  D
           0.482452   1.0000000
 Ga  D
           0.204248   1.0000000
 Ga  D
           0.080000   1.0000000
 Ga  D
           1.156200   1.0000000
 Ga  F
           9.586700   0.0000000   0.0000000
           3.462300   0.0000000   0.0000000
 Ga  F
           0.481700   1.0000000
 Ga  F
           0.188600   1.0000000
 Ga  F
           1.250400   1.0000000
           6.458300   0.0000000
 Ga  G
           0.413900   1.0000000
 Ga  G
           1.469800   1.0000000
 Ga  H
           1.506500   1.0000000
#
# BASIS SET: (14s,11p,12d,2f,1g) -&gt; [6s,5p,4d,2f,1g] matched wi
 Ge  S
       25151.700000   0.0000420   0.0000000   0.0000000
        3785.380000   0.0003150   0.0000000   0.0000000
         860.478000   0.0014180   0.0000000   0.0000000
         235.982000   0.0038190   0.0000000   0.0000000
          51.646000  -0.0176720   0.0000000   0.0000000
          32.269600   0.2014420   0.0000000   0.0000000
          10.808400  -0.2425770   0.0000000   0.0000000
           3.836550   0.4151180   0.0000000   0.0000000
           2.039240   0.5931230   0.0000000   0.0000000
           4.925700   0.0000000   0.0000000   0.0000000
           2.975000   0.0000000   0.0000000   0.0000000
 Ge  S
          20.161900   1.0000000
 Ge  S
           1.031630   1.0000000
 Ge  S
           0.347090   1.0000000
 Ge  S
           0.155401   1.0000000
 Ge  S
           0.066465   1.0000000
 Ge  S
           1.796900   1.0000000
 Ge  P
         466.318000   0.0002470  -0.0000520   0.0000000   0.0000000
          79.479000   0.0044640  -0.0010010   0.0000000   0.0000000
          31.788800  -0.0209550   0.0051450   0.0000000   0.0000000
          19.412700  -0.0712630   0.0143770   0.0000000   0.0000000
           6.133300   0.2827600  -0.0687950   0.0000000   0.0000000
           3.081410   0.4597000  -0.1082560   0.0000000   0.0000000
           1.516530   0.3195370  -0.1011480   0.0000000   0.0000000
           0.715912   0.0716560   0.0549850   0.0000000   0.0000000
           7.452100   0.0000000   0.0000000   0.0000000   0.0000000
           3.470300   0.0000000   0.0000000   0.0000000   0.0000000
 Ge  P
           0.291143   1.0000000
 Ge  P
           0.119015   1.0000000
 Ge  P
           0.047675   1.0000000
 Ge  P
           1.616000   1.0000000
 Ge  D
         745.717000   0.0001400   0.0000000   0.0000000
         226.111000   0.0014730   0.0000000   0.0000000
          89.135300   0.0102010   0.0000000   0.0000000
          41.772700   0.0391790   0.0000000   0.0000000
          20.091400   0.1019350   0.0000000   0.0000000
          10.088900   0.1993250   0.0000000   0.0000000
           5.108670   0.2831690   0.0000000   0.0000000
           2.562760   0.3068580   0.0000000   0.0000000
           1.260820   0.2452700   0.0000000   0.0000000
           6.271800   0.0000000   0.0000000   0.0000000
           2.961000   0.0000000   0.0000000   0.0000000
 Ge  D
           0.595846   1.0000000
 Ge  D
           0.253835   1.0000000
 Ge  D
           0.102100   1.0000000
 Ge  D
           1.397900   1.0000000
 Ge  F
          10.675000   0.0000000   0.0000000
           3.914700   0.0000000   0.0000000
 Ge  F
           0.551700   1.0000000
 Ge  F
           0.221400   1.0000000
 Ge  F
           1.435600   1.0000000
           7.276400   0.0000000
 Ge  G
           0.478900   1.0000000
 Ge  G
           1.677100   1.0000000
 Ge  H
           1.742300   1.0000000
#
# BASIS SET: (14s,11p,12d,2f,1g) -&gt; [6s,5p,4d,2f,1g] matched wi
 As  S
       82731.900000   0.0000160   0.0000000   0.0000000
       12384.700000   0.0001260   0.0000000   0.0000000
        2814.410000   0.0006280   0.0000000   0.0000000
         792.046000   0.0023020   0.0000000   0.0000000
         246.582000   0.0056700   0.0000000   0.0000000
          32.678800   0.1779680   0.0000000   0.0000000
          10.712000  -0.1810840   0.0000000   0.0000000
           4.064140   0.4402710   0.0000000   0.0000000
           2.126960   0.5914510   0.0000000   0.0000000
           5.449700   0.0000000   0.0000000   0.0000000
           3.404700   0.0000000   0.0000000   0.0000000
 As  S
          20.434300   1.0000000
 As  S
           1.087680   1.0000000
 As  S
           0.411315   1.0000000
 As  S
           0.184986   1.0000000
 As  S
           0.080359   1.0000000
 As  S
           2.127100   1.0000000
 As  P
         457.740000   0.0003210  -0.0000760   0.0000000   0.0000000
          78.058900   0.0056960  -0.0014860   0.0000000   0.0000000
          35.265500  -0.0136450   0.0043200   0.0000000   0.0000000
          22.040000  -0.0803730   0.0182230   0.0000000   0.0000000
           6.564300   0.2936290  -0.0811290   0.0000000   0.0000000
           3.297540   0.4674820  -0.1284090   0.0000000   0.0000000
           1.626600   0.3099600  -0.1108180   0.0000000   0.0000000
           0.757702   0.0602750   0.0889020   0.0000000   0.0000000
           8.182700   0.0000000   0.0000000   0.0000000   0.0000000
           3.780200   0.0000000   0.0000000   0.0000000   0.0000000
 As  P
           0.332590   1.0000000
 As  P
           0.142626   1.0000000
 As  P
           0.059255   1.0000000
 As  P
           1.746300   1.0000000
 As  D
         876.255000   0.0001230   0.0000000   0.0000000
         265.832000   0.0012900   0.0000000   0.0000000
         104.547000   0.0088170   0.0000000   0.0000000
          48.735100   0.0376420   0.0000000   0.0000000
          23.690700   0.0959790   0.0000000   0.0000000
          11.912300   0.1917370   0.0000000   0.0000000
           6.060270   0.2816010   0.0000000   0.0000000
           3.059610   0.3126130   0.0000000   0.0000000
           1.519070   0.2503590   0.0000000   0.0000000
           7.146800   0.0000000   0.0000000   0.0000000
           3.457600   0.0000000   0.0000000   0.0000000
 As  D
           0.724770   1.0000000
 As  D
           0.309087   1.0000000
 As  D
           0.126300   1.0000000
 As  D
           1.672700   1.0000000
 As  F
          11.980600   0.0000000   0.0000000
           4.471300   0.0000000   0.0000000
 As  F
           0.644000   1.0000000
 As  F
           0.265000   1.0000000
 As  F
           1.668700   1.0000000
           8.198600   0.0000000
 As  G
           0.558500   1.0000000
 As  G
           1.926100   1.0000000
 As  H
           1.996100   1.0000000
#
# BASIS SET: (14s,11p,12d,2f,1g) -&gt; [6s,5p,4d,2f,1g] matched wi
 Se  S
       73612.100000   0.0000310   0.0000000   0.0000000
       11056.700000   0.0002410   0.0000000   0.0000000
        2517.520000   0.0011940   0.0000000   0.0000000
         711.783000   0.0042060   0.0000000   0.0000000
         226.628000   0.0092780   0.0000000   0.0000000
          36.413100   0.1596950   0.0000000   0.0000000
          13.306200  -0.2125740   0.0000000   0.0000000
           4.054500   0.4951060   0.0000000   0.0000000
           2.144980   0.5549030   0.0000000   0.0000000
           6.052100   0.0000000   0.0000000   0.0000000
           3.784600   0.0000000   0.0000000   0.0000000
 Se  S
          22.760100   1.0000000
 Se  S
           1.121470   1.0000000
 Se  S
           0.469424   1.0000000
 Se  S
           0.212697   1.0000000
 Se  S
           0.093027   1.0000000
 Se  S
           2.366600   1.0000000
 Se  P
         474.007000   0.0003940  -0.0001010   0.0000000   0.0000000
          83.469100   0.0058600  -0.0017120   0.0000000   0.0000000
          39.004500  -0.0069760   0.0031420   0.0000000   0.0000000
          24.385600  -0.0858220   0.0211090   0.0000000   0.0000000
           7.051330   0.2994180  -0.0907930   0.0000000   0.0000000
           3.553800   0.4725250  -0.1449380   0.0000000   0.0000000
           1.763760   0.3022520  -0.1162720   0.0000000   0.0000000
           0.820556   0.0540210   0.1305990   0.0000000   0.0000000
           9.031200   0.0000000   0.0000000   0.0000000   0.0000000
           4.166400   0.0000000   0.0000000   0.0000000   0.0000000
 Se  P
           0.368106   1.0000000
 Se  P
           0.158398   1.0000000
 Se  P
           0.065642   1.0000000
 Se  P
           1.922100   1.0000000
 Se  D
        1001.070000   0.0001120   0.0000000   0.0000000
         303.646000   0.0011740   0.0000000   0.0000000
         119.305000   0.0079210   0.0000000   0.0000000
          55.113500   0.0360420   0.0000000   0.0000000
          27.055800   0.0929110   0.0000000   0.0000000
          13.626400   0.1882660   0.0000000   0.0000000
           6.962500   0.2813260   0.0000000   0.0000000
           3.538510   0.3159950   0.0000000   0.0000000
           1.773210   0.2520300   0.0000000   0.0000000
           8.049700   0.0000000   0.0000000   0.0000000
           3.963900   0.0000000   0.0000000   0.0000000
 Se  D
           0.853473   1.0000000
 Se  D
           0.363650   1.0000000
 Se  D
           0.150600   1.0000000
 Se  D
           1.952000   1.0000000
 Se  F
          13.163600   0.0000000   0.0000000
           4.960300   0.0000000   0.0000000
 Se  F
           0.710900   1.0000000
 Se  F
           0.284700   1.0000000
 Se  F
           1.869100   1.0000000
           8.999200   0.0000000
 Se  G
           0.581700   1.0000000
 Se  G
           2.122400   1.0000000
 Se  H
           2.293400   1.0000000
#
# BASIS SET: (14s,11p,12d,2f,1g) -&gt; [6s,5p,4d,2f,1g] matched wi
 Br  S
       78967.500000   0.0000280   0.0000000   0.0000000
       11809.700000   0.0002140   0.0000000   0.0000000
        2687.140000   0.0010560   0.0000000   0.0000000
         760.036000   0.0036880   0.0000000   0.0000000
         241.811000   0.0079340   0.0000000   0.0000000
          38.491400   0.1528680   0.0000000   0.0000000
          14.358700  -0.2188500   0.0000000   0.0000000
           4.377370   0.4960050   0.0000000   0.0000000
           2.351820   0.5523410   0.0000000   0.0000000
           6.521500   0.0000000   0.0000000   0.0000000
           4.079000   0.0000000   0.0000000   0.0000000
 Br  S
          24.058600   1.0000000
 Br  S
           1.251050   1.0000000
 Br  S
           0.529468   1.0000000
 Br  S
           0.241896   1.0000000
 Br  S
           0.106486   1.0000000
 Br  S
           2.551300   1.0000000
 Br  P
         503.632000   0.0004640  -0.0001290   0.0000000   0.0000000
          93.002300   0.0054560  -0.0017470   0.0000000   0.0000000
          42.510000  -0.0013070   0.0018620   0.0000000   0.0000000
          26.577800  -0.0887240   0.0234510   0.0000000   0.0000000
           7.580970   0.3001460  -0.0989990   0.0000000   0.0000000
           3.858870   0.4722000  -0.1577990   0.0000000   0.0000000
           1.943090   0.2982910  -0.1232600   0.0000000   0.0000000
           0.924209   0.0537770   0.1538350   0.0000000   0.0000000
           9.951800   0.0000000   0.0000000   0.0000000   0.0000000
           4.647300   0.0000000   0.0000000   0.0000000   0.0000000
 Br  P
           0.417733   1.0000000
 Br  P
           0.180853   1.0000000
 Br  P
           0.075154   1.0000000
 Br  P
           2.170200   1.0000000
 Br  D
        1097.720000   0.0001110   0.0000000   0.0000000
         332.929000   0.0011530   0.0000000   0.0000000
         130.800000   0.0076900   0.0000000   0.0000000
          60.127100   0.0357150   0.0000000   0.0000000
          29.743000   0.0930320   0.0000000   0.0000000
          15.038100   0.1885660   0.0000000   0.0000000
           7.731320   0.2835430   0.0000000   0.0000000
           3.961930   0.3179110   0.0000000   0.0000000
           2.004490   0.2481490   0.0000000   0.0000000
           8.909200   0.0000000   0.0000000   0.0000000
           4.449200   0.0000000   0.0000000   0.0000000
 Br  D
           0.973276   1.0000000
 Br  D
           0.414678   1.0000000
 Br  D
           0.174700   1.0000000
 Br  D
           2.221900   1.0000000
 Br  F
          14.696100   0.0000000   0.0000000
           5.626400   0.0000000   0.0000000
 Br  F
           0.825500   1.0000000
 Br  F
           0.340900   1.0000000
 Br  F
           2.154000   1.0000000
           9.964400   0.0000000
 Br  G
           0.658200   1.0000000
 Br  G
           2.394400   1.0000000
 Br  H
           2.598100   1.0000000
#
# BASIS SET: (14s,11p,12d,2f,1g) -&gt; [6s,5p,4d,2f,1g] matched wi
 Kr  S
       76661.600000   0.0000470   0.0000000   0.0000000
       11509.100000   0.0003580   0.0000000   0.0000000
        2619.790000   0.0017640   0.0000000   0.0000000
         740.044000   0.0060970   0.0000000   0.0000000
         235.341000   0.0126810   0.0000000   0.0000000
          42.383900   0.1378460   0.0000000   0.0000000
          16.573200  -0.2783680   0.0000000   0.0000000
           4.591140   0.5190560   0.0000000   0.0000000
           2.493680   0.5345950   0.0000000   0.0000000
           7.179200   0.0000000   0.0000000   0.0000000
           4.495700   0.0000000   0.0000000   0.0000000
 Kr  S
          26.501400   1.0000000
 Kr  S
           1.351050   1.0000000
 Kr  S
           0.587240   1.0000000
 Kr  S
           0.270818   1.0000000
 Kr  S
           0.120385   1.0000000
 Kr  S
           2.815200   1.0000000
 Kr  P
         546.903000   0.0005220  -0.0001530   0.0000000   0.0000000
         106.998000   0.0047140  -0.0016280   0.0000000   0.0000000
          46.513300   0.0065750  -0.0003650   0.0000000   0.0000000
          29.072200  -0.0943870   0.0264490   0.0000000   0.0000000
           8.147130   0.3012610  -0.1062780   0.0000000   0.0000000
           4.195350   0.4704050  -0.1674120   0.0000000   0.0000000
           2.148220   0.2947310  -0.1298020   0.0000000   0.0000000
           1.052150   0.0550150   0.1675570   0.0000000   0.0000000
          10.991200   0.0000000   0.0000000   0.0000000   0.0000000
           5.181700   0.0000000   0.0000000   0.0000000   0.0000000
 Kr  P
           0.477745   1.0000000
 Kr  P
           0.208168   1.0000000
 Kr  P
           0.086824   1.0000000
 Kr  P
           2.442900   1.0000000
 Kr  D
        1171.060000   0.0001150   0.0000000   0.0000000
         355.351000   0.0011940   0.0000000   0.0000000
         139.684000   0.0078820   0.0000000   0.0000000
          64.021900   0.0367930   0.0000000   0.0000000
          31.834300   0.0962870   0.0000000   0.0000000
          16.142300   0.1925500   0.0000000   0.0000000
           8.334540   0.2869610   0.0000000   0.0000000
           4.299400   0.3181250   0.0000000   0.0000000
           2.195430   0.2409670   0.0000000   0.0000000
           9.710500   0.0000000   0.0000000   0.0000000
           4.875500   0.0000000   0.0000000   0.0000000
 Kr  D
           1.075080   1.0000000
 Kr  D
           0.457500   1.0000000
 Kr  D
           0.196500   1.0000000
 Kr  D
           2.447900   1.0000000
 Kr  F
          16.409700   0.0000000   0.0000000
           6.373500   0.0000000   0.0000000
 Kr  F
           0.959600   1.0000000
 Kr  F
           0.417000   1.0000000
 Kr  F
           2.475500   1.0000000
          10.991700   0.0000000
 Kr  G
           0.750400   1.0000000
 Kr  G
           2.690400   1.0000000
 Kr  H
           2.912200   1.0000000
#
# BASIS SET: (14s,11p,12d,2f,1g) -&gt; [6s,6p,4d,2f,1g] matched wi
 In  S
        8931.840000   0.0000190   0.0000000   0.0000000
        1352.220000   0.0001310   0.0000000   0.0000000
         303.393000   0.0004780   0.0000000   0.0000000
          45.122900   0.0117080   0.0000000   0.0000000
          28.182200  -0.0873300   0.0000000   0.0000000
           6.940580  -0.6284710   0.0000000   0.0000000
           4.333770  -0.1587180   0.0000000   0.0000000
           1.986840   0.6744040   0.0000000   0.0000000
           1.043060   0.6065590   0.0000000   0.0000000
           7.507700   0.0000000   0.0000000   0.0000000
           2.849600   0.0000000   0.0000000   0.0000000
 In  S
          17.604800   1.0000000
 In  S
           0.529252   1.0000000
 In  S
           0.219099   1.0000000
 In  S
           0.098043   1.0000000
 In  S
           0.043144   1.0000000
 In  S
           1.081600   1.0000000
 In  P
         129.233000   0.0002790   0.0000000   0.0000000
          29.628400  -0.0061710   0.0000000   0.0000000
          18.521100   0.0469120   0.0000000   0.0000000
           2.499390   0.4298110   0.0000000   0.0000000
           1.322160   0.4861010   0.0000000   0.0000000
           0.688707   0.2220370   0.0000000   0.0000000
           3.249600   0.0000000   0.0000000   0.0000000
           1.592000   0.0000000   0.0000000   0.0000000
 In  P
           8.285360   1.0000000
 In  P
           0.334016   1.0000000
 In  P
           0.142561   1.0000000
 In  P
           0.061461   1.0000000
 In  P
           0.026401   1.0000000
 In  P
           0.779900   1.0000000
 In  D
         295.492000   0.0000410   0.0000000   0.0000000
          89.436800   0.0003470   0.0000000   0.0000000
          31.994000   0.0022300   0.0000000   0.0000000
          12.342200  -0.0147000   0.0000000   0.0000000
           5.590330   0.0257070   0.0000000   0.0000000
           3.477290   0.1634450   0.0000000   0.0000000
           2.028450   0.2873660   0.0000000   0.0000000
           1.147220   0.3176730   0.0000000   0.0000000
           0.630535   0.2485850   0.0000000   0.0000000
           3.978900   0.0000000   0.0000000   0.0000000
           1.774800   0.0000000   0.0000000   0.0000000
 In  D
           0.334609   1.0000000
 In  D
           0.168408   1.0000000
 In  D
           0.069200   1.0000000
 In  D
           0.791600   1.0000000
 In  F
           8.080400   0.0000000   0.0000000
           2.835300   0.0000000   0.0000000
 In  F
           0.392100   1.0000000
 In  F
           0.156000   1.0000000
 In  F
           0.994800   1.0000000
           3.434200   0.0000000
 In  G
           0.341900   1.0000000
 In  G
           1.013600   1.0000000
 In  H
           1.039300   1.0000000
#
# BASIS SET: (14s,11p,12d,2f,1g) -&gt; [6s,6p,4d,2f,1g] matched wi
 Sn  S
       11606.900000   0.0000290   0.0000000   0.0000000
        1754.800000   0.0002060   0.0000000   0.0000000
         397.178000   0.0008070   0.0000000   0.0000000
          90.299000   0.0024710   0.0000000   0.0000000
          31.489000  -0.0400250   0.0000000   0.0000000
           7.067590  -0.5569830   0.0000000   0.0000000
           4.414900  -0.1699320   0.0000000   0.0000000
           2.163560   0.6510280   0.0000000   0.0000000
           1.142800   0.6316850   0.0000000   0.0000000
           7.882900   0.0000000   0.0000000   0.0000000
           3.099900   0.0000000   0.0000000   0.0000000
 Sn  S
          19.668500   1.0000000
 Sn  S
           0.579540   1.0000000
 Sn  S
           0.260787   1.0000000
 Sn  S
           0.118895   1.0000000
 Sn  S
           0.053142   1.0000000
 Sn  S
           1.219000   1.0000000
 Sn  P
         195.495000   0.0002580   0.0000000   0.0000000
          18.256300   0.0443410   0.0000000   0.0000000
          11.409400  -0.1091420   0.0000000   0.0000000
           2.982060   0.3437430   0.0000000   0.0000000
           1.608430   0.5182710   0.0000000   0.0000000
           0.831767   0.2787060   0.0000000   0.0000000
           3.675500   0.0000000   0.0000000   0.0000000
           1.835400   0.0000000   0.0000000   0.0000000
 Sn  P
           6.905670   1.0000000
 Sn  P
           0.393731   1.0000000
 Sn  P
           0.181801   1.0000000
 Sn  P
           0.081850   1.0000000
 Sn  P
           0.035993   1.0000000
 Sn  P
           0.916600   1.0000000
 Sn  D
         308.502000   0.0000530   0.0000000   0.0000000
          93.684600   0.0004410   0.0000000   0.0000000
          34.292500   0.0025780   0.0000000   0.0000000
          13.717200  -0.0126510   0.0000000   0.0000000
           6.449470   0.0267690   0.0000000   0.0000000
           3.882720   0.1591330   0.0000000   0.0000000
           2.291350   0.2867000   0.0000000   0.0000000
           1.311270   0.3230030   0.0000000   0.0000000
           0.730210   0.2475480   0.0000000   0.0000000
           4.520000   0.0000000   0.0000000   0.0000000
           2.041300   0.0000000   0.0000000   0.0000000
 Sn  D
           0.394411   1.0000000
 Sn  D
           0.203180   1.0000000
 Sn  D
           0.086600   1.0000000
 Sn  D
           0.921800   1.0000000
 Sn  F
           8.749200   0.0000000   0.0000000
           3.094300   0.0000000   0.0000000
 Sn  F
           0.431500   1.0000000
 Sn  F
           0.177200   1.0000000
 Sn  F
           1.094300   1.0000000
           3.767400   0.0000000
 Sn  G
           0.377400   1.0000000
 Sn  G
           1.110500   1.0000000
 Sn  H
           1.160400   1.0000000
#
# BASIS SET: (14s,11p,12d,2f,1g) -&gt; [6s,6p,4d,2f,1g] matched wi
 Sb  S
       12338.800000   0.0000380   0.0000000   0.0000000
        1854.700000   0.0002780   0.0000000   0.0000000
         418.443000   0.0010970   0.0000000   0.0000000
          99.343000   0.0028230   0.0000000   0.0000000
          28.595800  -0.0606100   0.0000000   0.0000000
           8.457140  -0.5477250   0.0000000   0.0000000
           5.284120  -0.3029640   0.0000000   0.0000000
           2.320120   0.6807890   0.0000000   0.0000000
           1.210510   0.6523790   0.0000000   0.0000000
           7.916700   0.0000000   0.0000000   0.0000000
           3.296300   0.0000000   0.0000000   0.0000000
 Sb  S
          17.864800   1.0000000
 Sb  S
           0.570494   1.0000000
 Sb  S
           0.303950   1.0000000
 Sb  S
           0.139318   1.0000000
 Sb  S
           0.063198   1.0000000
 Sb  S
           1.372500   1.0000000
 Sb  P
         162.893000   0.0003750   0.0000000   0.0000000
          30.399600  -0.0047980   0.0000000   0.0000000
          19.000400   0.0547310   0.0000000   0.0000000
           3.016680   0.3453770   0.0000000   0.0000000
           1.862190   0.4048330   0.0000000   0.0000000
           1.103310   0.3259220   0.0000000   0.0000000
           4.287500   0.0000000   0.0000000   0.0000000
           2.329400   0.0000000   0.0000000   0.0000000
 Sb  P
           9.322560   1.0000000
 Sb  P
           0.587279   1.0000000
 Sb  P
           0.251218   1.0000000
 Sb  P
           0.111848   1.0000000
 Sb  P
           0.048512   1.0000000
 Sb  P
           1.265600   1.0000000
 Sb  D
         316.767000   0.0000660   0.0000000   0.0000000
          95.589300   0.0005560   0.0000000   0.0000000
          35.111700   0.0030840   0.0000000   0.0000000
          12.738100  -0.0166890   0.0000000   0.0000000
           7.954750   0.0189370   0.0000000   0.0000000
           4.421470   0.1483900   0.0000000   0.0000000
           2.602820   0.2920600   0.0000000   0.0000000
           1.482240   0.3384820   0.0000000   0.0000000
           0.821858   0.2514990   0.0000000   0.0000000
           4.854700   0.0000000   0.0000000   0.0000000
           2.219700   0.0000000   0.0000000   0.0000000
 Sb  D
           0.442052   1.0000000
 Sb  D
           0.227348   1.0000000
 Sb  D
           0.100800   1.0000000
 Sb  D
           1.015000   1.0000000
 Sb  F
           9.750100   0.0000000   0.0000000
           3.453500   0.0000000   0.0000000
 Sb  F
           0.484900   1.0000000
 Sb  F
           0.204900   1.0000000
 Sb  F
           1.223200   1.0000000
           4.055400   0.0000000
 Sb  G
           0.423400   1.0000000
 Sb  G
           1.224900   1.0000000
 Sb  H
           1.287000   1.0000000
#
# BASIS SET: (14s,11p,12d,2f,1g) -&gt; [6s,6p,4d,2f,1g] matched wi
 Te  S
       15746.300000   0.0000540   0.0000250   0.0000000   0.0000000
        2369.250000   0.0003980   0.0001860   0.0000000   0.0000000
         535.860000   0.0016620   0.0007850   0.0000000   0.0000000
         141.885000   0.0036360   0.0016870   0.0000000   0.0000000
          27.819700  -0.0584270  -0.0231880   0.0000000   0.0000000
          17.387900   0.3665200   0.1576380   0.0000000   0.0000000
          10.865600  -0.3975890  -0.1992000   0.0000000   0.0000000
           6.568850  -0.5191750  -0.1972300   0.0000000   0.0000000
           2.401390   0.6876520   0.3695570   0.0000000   0.0000000
           1.280550   0.6369910   0.5045090   0.0000000   0.0000000
           8.063600   0.0000000   0.0000000   0.0000000   0.0000000
           3.556600   0.0000000   0.0000000   0.0000000   0.0000000
 Te  S
           0.590067   1.0000000
 Te  S
           0.352458   1.0000000
 Te  S
           0.161808   1.0000000
 Te  S
           0.073187   1.0000000
 Te  S
           1.568700   1.0000000
 Te  P
         750.222000   0.0000520   0.0000000   0.0000000
         163.961000   0.0004100   0.0000000   0.0000000
          16.922700   0.0833870   0.0000000   0.0000000
           5.704620  -0.0229320   0.0000000   0.0000000
           2.980220   0.4955480   0.0000000   0.0000000
           1.519700   0.5145220   0.0000000   0.0000000
           4.604600   0.0000000   0.0000000   0.0000000
           2.657400   0.0000000   0.0000000   0.0000000
 Te  P
          10.575500   1.0000000
 Te  P
           0.756049   1.0000000
 Te  P
           0.327968   1.0000000
 Te  P
           0.140585   1.0000000
 Te  P
           0.058096   1.0000000
 Te  P
           1.533600   1.0000000
 Te  D
         325.808000   0.0000820   0.0000000   0.0000000
          98.420600   0.0006950   0.0000000   0.0000000
          36.464800   0.0036810   0.0000000   0.0000000
          12.640600  -0.0179040   0.0000000   0.0000000
           7.893980   0.0335260   0.0000000   0.0000000
           4.365810   0.1871400   0.0000000   0.0000000
           2.525140   0.3230120   0.0000000   0.0000000
           1.432100   0.3336830   0.0000000   0.0000000
           0.794106   0.2130980   0.0000000   0.0000000
           5.201600   0.0000000   0.0000000   0.0000000
           2.281400   0.0000000   0.0000000   0.0000000
 Te  D
           0.428668   1.0000000
 Te  D
           0.235565   1.0000000
 Te  D
           0.115600   1.0000000
 Te  D
           1.000600   1.0000000
 Te  F
          10.410900   0.0000000   0.0000000
           3.709400   0.0000000   0.0000000
 Te  F
           0.518400   1.0000000
 Te  F
           0.213500   1.0000000
 Te  F
           1.321600   1.0000000
           4.333000   0.0000000
 Te  G
           0.429400   1.0000000
 Te  G
           1.309000   1.0000000
 Te  H
           1.441100   1.0000000
#
# BASIS SET: (14s,11p,12d,2f,1g) -&gt; [6s,6p,4d,2f,1g] matched wi
 I   S
       16900.000000   0.0000400   0.0000190   0.0000000   0.0000000
        2541.390000   0.0002940   0.0001420   0.0000000   0.0000000
         574.413000   0.0012140   0.0005920   0.0000000   0.0000000
         150.945000   0.0025960   0.0012430   0.0000000   0.0000000
          29.163100  -0.0536230  -0.0227210   0.0000000   0.0000000
          18.219600   0.3439170   0.1577080   0.0000000   0.0000000
          11.336500  -0.3674270  -0.2000920   0.0000000   0.0000000
           6.924080  -0.5389040  -0.2161520   0.0000000   0.0000000
           2.509810   0.7095670   0.4134390   0.0000000   0.0000000
           1.351130   0.6280610   0.5345850   0.0000000   0.0000000
           8.028600   0.0000000   0.0000000   0.0000000   0.0000000
           3.742300   0.0000000   0.0000000   0.0000000   0.0000000
 I   S
           0.616379   1.0000000
 I   S
           0.383455   1.0000000
 I   S
           0.180056   1.0000000
 I   S
           0.082327   1.0000000
 I   S
           1.744400   1.0000000
 I   P
         649.159000   0.0000950   0.0000000   0.0000000
         148.087000   0.0006290   0.0000000   0.0000000
          20.101800   0.0453240   0.0000000   0.0000000
           6.358830  -0.0049600   0.0000000   0.0000000
           3.048460   0.5139270   0.0000000   0.0000000
           1.559500   0.5060930   0.0000000   0.0000000
           4.880300   0.0000000   0.0000000   0.0000000
           2.837600   0.0000000   0.0000000   0.0000000
 I   P
          10.446600   1.0000000
 I   P
           0.768911   1.0000000
 I   P
           0.354814   1.0000000
 I   P
           0.154766   1.0000000
 I   P
           0.064699   1.0000000
 I   P
           1.650000   1.0000000
 I   D
         585.445000   0.0000250   0.0000000   0.0000000
         177.468000   0.0002310   0.0000000   0.0000000
          69.219300   0.0011730   0.0000000   0.0000000
          28.639200   0.0055840   0.0000000   0.0000000
          12.715300  -0.0238300   0.0000000   0.0000000
           5.479270   0.1168140   0.0000000   0.0000000
           3.354930   0.2727310   0.0000000   0.0000000
           1.984230   0.3401740   0.0000000   0.0000000
           1.152540   0.2686990   0.0000000   0.0000000
           5.418100   0.0000000   0.0000000   0.0000000
           2.757000   0.0000000   0.0000000   0.0000000
 I   D
           0.651017   1.0000000
 I   D
           0.347445   1.0000000
 I   D
           0.154700   1.0000000
 I   D
           1.402900   1.0000000
 I   F
          11.448000   0.0000000   0.0000000
           4.101900   0.0000000   0.0000000
 I   F
           0.586500   1.0000000
 I   F
           0.249400   1.0000000
 I   F
           1.469700   1.0000000
           4.624600   0.0000000
 I   G
           0.473000   1.0000000
 I   G
           1.431300   1.0000000
 I   H
           1.586600   1.0000000
#
# BASIS SET: (14s,11p,12d,2f,1g) -&gt; [6s,6p,4d,2f,1g] matched wi
 Xe  S
       18774.300000   0.0000680   0.0000360   0.0000000   0.0000000
        2824.810000   0.0005010   0.0002620   0.0000000   0.0000000
         640.088000   0.0020970   0.0011090   0.0000000   0.0000000
         172.616000   0.0044930   0.0023480   0.0000000   0.0000000
          29.516900  -0.0471510  -0.0187980   0.0000000   0.0000000
          18.444800   0.3740330   0.1713890   0.0000000   0.0000000
          11.523800  -0.5128260  -0.2682230   0.0000000   0.0000000
           6.618900  -0.4786240  -0.1960550   0.0000000   0.0000000
           2.995520   0.5964710   0.3356460   0.0000000   0.0000000
           1.649370   0.7153980   0.5968280   0.0000000   0.0000000
           9.749700   0.0000000   0.0000000   0.0000000   0.0000000
           4.299500   0.0000000   0.0000000   0.0000000   0.0000000
 Xe  S
           0.860679   1.0000000
 Xe  S
           0.442246   1.0000000
 Xe  S
           0.208182   1.0000000
 Xe  S
           0.094828   1.0000000
 Xe  S
           1.896100   1.0000000
 Xe  P
         613.331000   0.0001380   0.0000000   0.0000000
         141.710000   0.0008530   0.0000000   0.0000000
          20.310600   0.0550240   0.0000000   0.0000000
           6.895130   0.0097460   0.0000000   0.0000000
           3.241660   0.5267970   0.0000000   0.0000000
           1.665350   0.5018320   0.0000000   0.0000000
           5.084800   0.0000000   0.0000000   0.0000000
           2.998200   0.0000000   0.0000000   0.0000000
 Xe  P
          11.033100   1.0000000
 Xe  P
           0.819786   1.0000000
 Xe  P
           0.387304   1.0000000
 Xe  P
           0.171566   1.0000000
 Xe  P
           0.072641   1.0000000
 Xe  P
           1.767800   1.0000000
 Xe  D
         627.684000   0.0000320   0.0000000   0.0000000
         190.613000   0.0002980   0.0000000   0.0000000
          74.315000   0.0015410   0.0000000   0.0000000
          31.440600   0.0064870   0.0000000   0.0000000
          14.565600  -0.0148640   0.0000000   0.0000000
           6.135460   0.1259400   0.0000000   0.0000000
           3.616700   0.2988020   0.0000000   0.0000000
           2.084650   0.3522620   0.0000000   0.0000000
           1.195180   0.2484710   0.0000000   0.0000000
           3.572600   0.0000000   0.0000000   0.0000000
           2.236200   0.0000000   0.0000000   0.0000000
 Xe  D
           0.681848   1.0000000
 Xe  D
           0.380727   1.0000000
 Xe  D
           0.167600   1.0000000
 Xe  D
           1.399700   1.0000000
 Xe  F
          12.652500   0.0000000   0.0000000
           4.553100   0.0000000   0.0000000
 Xe  F
           0.661900   1.0000000
 Xe  F
           0.297900   1.0000000
 Xe  F
           1.638400   1.0000000
           5.079600   0.0000000
 Xe  G
           0.527800   1.0000000
 Xe  G
           1.586700   1.0000000
 Xe  H
           1.760300   1.0000000
#
# BASIS SET: (14s,11p,11d,2f,1g) -&gt; [6s,6p,4d,2f,1g] matched wi
 Tl  S
        9675.550000   0.0000080   0.0000000   0.0000000
        1471.480000   0.0000570   0.0000000   0.0000000
         323.648000   0.0002270   0.0000000   0.0000000
          33.807900   0.0216660   0.0000000   0.0000000
          21.131600  -0.1958970   0.0000000   0.0000000
           8.256110  -0.5716760   0.0000000   0.0000000
           5.100140  -0.6123440   0.0000000   0.0000000
           1.819430   0.7595440   0.0000000   0.0000000
           0.966985   0.6108060   0.0000000   0.0000000
           5.539400   0.0000000   0.0000000   0.0000000
           2.454400   0.0000000   0.0000000   0.0000000
 Tl  S
          13.209100   1.0000000
 Tl  S
           0.466351   1.0000000
 Tl  S
           0.229518   1.0000000
 Tl  S
           0.104071   1.0000000
 Tl  S
           0.046125   1.0000000
 Tl  S
           1.087500   1.0000000
 Tl  P
          42.524000   0.0016050   0.0000000   0.0000000
          21.395700  -0.0231590   0.0000000   0.0000000
          13.373700   0.1117380   0.0000000   0.0000000
           2.042170   0.4750730   0.0000000   0.0000000
           1.114490   0.4863350   0.0000000   0.0000000
           0.598006   0.2051390   0.0000000   0.0000000
           2.713600   0.0000000   0.0000000   0.0000000
           1.373300   0.0000000   0.0000000   0.0000000
 Tl  P
           6.613370   1.0000000
 Tl  P
           0.300337   1.0000000
 Tl  P
           0.129777   1.0000000
 Tl  P
           0.056435   1.0000000
 Tl  P
           0.024493   1.0000000
 Tl  P
           0.695000   1.0000000
 Tl  D
         185.919000   0.0000240   0.0000000   0.0000000
          53.215600   0.0002100   0.0000000   0.0000000
          10.597200   0.0197150   0.0000000   0.0000000
           6.456940  -0.0903940   0.0000000   0.0000000
           2.392340   0.1875640   0.0000000   0.0000000
           1.419450   0.3016200   0.0000000   0.0000000
           0.839093   0.3078830   0.0000000   0.0000000
           0.487330   0.2364080   0.0000000   0.0000000
           2.985300   0.0000000   0.0000000   0.0000000
           1.398500   0.0000000   0.0000000   0.0000000
 Tl  D
           0.276316   1.0000000
 Tl  D
           0.152266   1.0000000
 Tl  D
           0.067700   1.0000000
 Tl  D
           0.655200   1.0000000
 Tl  F
           2.754700   0.0000000   0.0000000
           1.592800   0.0000000   0.0000000
 Tl  F
           0.426300   1.0000000
 Tl  F
           0.169000   1.0000000
 Tl  F
           0.920900   1.0000000
           3.029300   0.0000000
 Tl  G
           0.369300   1.0000000
 Tl  G
           0.988100   1.0000000
 Tl  H
           0.933100   1.0000000
#
# BASIS SET: (14s,11p,11d,2f,1g) -&gt; [6s,6p,4d,2f,1g] matched wi
 Pb  S
        9368.330000   0.0000140   0.0000000   0.0000000
        1366.930000   0.0001030   0.0000000   0.0000000
         299.682000   0.0003790   0.0000000   0.0000000
          34.859700   0.0232740   0.0000000   0.0000000
          21.788900  -0.2034360   0.0000000   0.0000000
           8.512950  -0.6068410   0.0000000   0.0000000
           5.303320  -0.6113920   0.0000000   0.0000000
           1.928160   0.7652270   0.0000000   0.0000000
           1.036010   0.6198080   0.0000000   0.0000000
           5.794700   0.0000000   0.0000000   0.0000000
           2.617500   0.0000000   0.0000000   0.0000000
 Pb  S
          13.620000   1.0000000
 Pb  S
           0.501270   1.0000000
 Pb  S
           0.262519   1.0000000
 Pb  S
           0.122161   1.0000000
 Pb  S
           0.055088   1.0000000
 Pb  S
           1.182400   1.0000000
 Pb  P
          59.090100   0.0007160   0.0000000   0.0000000
          20.919700  -0.0210820   0.0000000   0.0000000
          13.077700   0.1270610   0.0000000   0.0000000
           2.196270   0.4356630   0.0000000   0.0000000
           1.304860   0.4357350   0.0000000   0.0000000
           0.779572   0.2609470   0.0000000   0.0000000
           2.887000   0.0000000   0.0000000   0.0000000
           1.642600   0.0000000   0.0000000   0.0000000
 Pb  P
           6.899100   1.0000000
 Pb  P
           0.424477   1.0000000
 Pb  P
           0.180733   1.0000000
 Pb  P
           0.079737   1.0000000
 Pb  P
           0.034649   1.0000000
 Pb  P
           0.934600   1.0000000
 Pb  D
         174.502000   0.0000430   0.0000000   0.0000000
          51.637900   0.0003300   0.0000000   0.0000000
          12.813500   0.0107550   0.0000000   0.0000000
           6.665400  -0.0750940   0.0000000   0.0000000
           2.589270   0.1806780   0.0000000   0.0000000
           1.561410   0.3056960   0.0000000   0.0000000
           0.931233   0.3147490   0.0000000   0.0000000
           0.548547   0.2316090   0.0000000   0.0000000
           3.176200   0.0000000   0.0000000   0.0000000
           1.525200   0.0000000   0.0000000   0.0000000
 Pb  D
           0.318298   1.0000000
 Pb  D
           0.180251   1.0000000
 Pb  D
           0.083200   1.0000000
 Pb  D
           0.732400   1.0000000
 Pb  F
           3.073500   0.0000000   0.0000000
           1.718100   0.0000000   0.0000000
 Pb  F
           0.441300   1.0000000
 Pb  F
           0.178200   1.0000000
 Pb  F
           0.960500   1.0000000
           3.200500   0.0000000
 Pb  G
           0.388100   1.0000000
 Pb  G
           1.028400   1.0000000
 Pb  H
           1.013800   1.0000000
#
# BASIS SET: (14s,11p,11d,2f,1g) -&gt; [6s,6p,4d,2f,1g] matched wi
 Bi  S
        8131.090000   0.0000290   0.0000140   0.0000000   0.0000000
        1225.770000   0.0002000   0.0000950   0.0000000   0.0000000
         274.672000   0.0006840   0.0003450   0.0000000   0.0000000
          37.616400   0.0202180   0.0082520   0.0000000   0.0000000
          23.480400  -0.1593260  -0.0679190   0.0000000   0.0000000
          14.106500   0.6117260   0.2810650   0.0000000   0.0000000
           8.813050  -0.5446530  -0.2932820   0.0000000   0.0000000
           5.507780  -0.6368840  -0.2634510   0.0000000   0.0000000
           2.039770   0.7716980   0.4777720   0.0000000   0.0000000
           1.094400   0.6383670   0.5285660   0.0000000   0.0000000
           5.754100   0.0000000   0.0000000   0.0000000   0.0000000
           2.729000   0.0000000   0.0000000   0.0000000   0.0000000
 Bi  S
           0.491526   1.0000000
 Bi  S
           0.289903   1.0000000
 Bi  S
           0.138193   1.0000000
 Bi  S
           0.063585   1.0000000
 Bi  S
           1.294300   1.0000000
 Bi  P
          99.591400   0.0003460  -0.0001090   0.0000000   0.0000000
          19.896400  -0.0199760   0.0060230   0.0000000   0.0000000
          12.437600   0.1754460  -0.0575250   0.0000000   0.0000000
           7.774000  -0.3795560   0.1354320   0.0000000   0.0000000
           4.839950  -0.0552620   0.0022100   0.0000000   0.0000000
           2.254780   0.5288840  -0.1991240   0.0000000   0.0000000
           1.180490   0.5213240  -0.2363190   0.0000000   0.0000000
           2.980400   0.0000000   0.0000000   0.0000000   0.0000000
           1.864100   0.0000000   0.0000000   0.0000000   0.0000000
 Bi  P
           0.594224   1.0000000
 Bi  P
           0.257970   1.0000000
 Bi  P
           0.112868   1.0000000
 Bi  P
           0.047885   1.0000000
 Bi  P
           1.165800   1.0000000
 Bi  D
         176.937000   0.0000560   0.0000000   0.0000000
          52.466800   0.0004280   0.0000000   0.0000000
          13.783100   0.0100960   0.0000000   0.0000000
           6.851210  -0.0784360   0.0000000   0.0000000
           4.177870   0.0128150   0.0000000   0.0000000
           2.609190   0.2088140   0.0000000   0.0000000
           1.551660   0.3416310   0.0000000   0.0000000
           0.889902   0.3401010   0.0000000   0.0000000
           3.667300   0.0000000   0.0000000   0.0000000
           1.918400   0.0000000   0.0000000   0.0000000
 Bi  D
           0.485299   1.0000000
 Bi  D
           0.246894   1.0000000
 Bi  D
           0.104400   1.0000000
 Bi  D
           1.003500   1.0000000
 Bi  F
           3.222400   0.0000000   0.0000000
           1.834000   0.0000000   0.0000000
 Bi  F
           0.480300   1.0000000
 Bi  F
           0.200600   1.0000000
 Bi  F
           1.043800   1.0000000
           3.411900   0.0000000
 Bi  G
           0.420300   1.0000000
 Bi  G
           1.102900   1.0000000
 Bi  H
           1.100600   1.0000000
#
# BASIS SET: (14s,11p,11d,2f,1g) -&gt; [6s,6p,4d,2f,1g] matched wi
 Po  S
        8913.290000   0.0000470   0.0000250   0.0000000   0.0000000
        1338.980000   0.0003310   0.0001710   0.0000000   0.0000000
         299.538000   0.0011610   0.0006350   0.0000000   0.0000000
          51.148900   0.0078990   0.0034610   0.0000000   0.0000000
          23.015600  -0.1493470  -0.0670340   0.0000000   0.0000000
          14.376500   0.6382420   0.3079570   0.0000000   0.0000000
           8.982790  -0.6170830  -0.3475240   0.0000000   0.0000000
           5.612920  -0.6051970  -0.2562510   0.0000000   0.0000000
           2.164840   0.7760860   0.5038280   0.0000000   0.0000000
           1.175380   0.6473360   0.5738940   0.0000000   0.0000000
           6.030400   0.0000000   0.0000000   0.0000000   0.0000000
           2.923100   0.0000000   0.0000000   0.0000000   0.0000000
 Po  S
           0.544870   1.0000000
 Po  S
           0.313216   1.0000000
 Po  S
           0.151662   1.0000000
 Po  S
           0.069997   1.0000000
 Po  S
           1.416900   1.0000000
 Po  P
         113.557000   0.0003870  -0.0001330   0.0000000   0.0000000
          20.363900  -0.0182550   0.0056800   0.0000000   0.0000000
          12.727400   0.1747760  -0.0611670   0.0000000   0.0000000
           7.949840  -0.3987030   0.1532440   0.0000000   0.0000000
           4.964770  -0.0318120  -0.0074000   0.0000000   0.0000000
           2.301300   0.5660470  -0.2348380   0.0000000   0.0000000
           1.195450   0.5102220  -0.2548390   0.0000000   0.0000000
           3.154700   0.0000000   0.0000000   0.0000000   0.0000000
           1.974000   0.0000000   0.0000000   0.0000000   0.0000000
 Po  P
           0.592897   1.0000000
 Po  P
           0.273277   1.0000000
 Po  P
           0.120434   1.0000000
 Po  P
           0.051219   1.0000000
 Po  P
           1.235200   1.0000000
 Po  D
         183.447000   0.0000720   0.0000000   0.0000000
          54.113300   0.0005560   0.0000000   0.0000000
          14.975800   0.0092080   0.0000000   0.0000000
           6.923600  -0.0828180   0.0000000   0.0000000
           3.798590   0.0647560   0.0000000   0.0000000
           2.304040   0.3002410   0.0000000   0.0000000
           1.305540   0.3884360   0.0000000   0.0000000
           0.727096   0.2808920   0.0000000   0.0000000
           3.612100   0.0000000   0.0000000   0.0000000
           1.791800   0.0000000   0.0000000   0.0000000
 Po  D
           0.403294   1.0000000
 Po  D
           0.230651   1.0000000
 Po  D
           0.109300   1.0000000
 Po  D
           0.888900   1.0000000
 Po  F
           3.302000   0.0000000   0.0000000
           1.888400   0.0000000   0.0000000
 Po  F
           0.489400   1.0000000
 Po  F
           0.200200   1.0000000
 Po  F
           1.080000   1.0000000
           3.531600   0.0000000
 Po  G
           0.407400   1.0000000
 Po  G
           1.130000   1.0000000
 Po  H
           1.205000   1.0000000
#
# BASIS SET: (14s,11p,11d,2f,1g) -&gt; [6s,6p,4d,2f,1g] matched wi
 At  S
        9090.280000   0.0000350   0.0000190   0.0000000   0.0000000
        1373.070000   0.0002420   0.0001270   0.0000000   0.0000000
         307.950000   0.0008150   0.0004560   0.0000000   0.0000000
          48.017600   0.0084650   0.0036750   0.0000000   0.0000000
          23.909900  -0.1473330  -0.0682060   0.0000000   0.0000000
          14.933400   0.6324150   0.3173990   0.0000000   0.0000000
           9.331710  -0.6164060  -0.3637490   0.0000000   0.0000000
           5.832060  -0.6192580  -0.2725370   0.0000000   0.0000000
           2.287870   0.7851240   0.5344320   0.0000000   0.0000000
           1.249830   0.6561210   0.6128990   0.0000000   0.0000000
           6.150500   0.0000000   0.0000000   0.0000000   0.0000000
           3.085100   0.0000000   0.0000000   0.0000000   0.0000000
 At  S
           0.575368   1.0000000
 At  S
           0.331459   1.0000000
 At  S
           0.163367   1.0000000
 At  S
           0.076210   1.0000000
 At  S
           1.547500   1.0000000
 At  P
         124.602000   0.0004680  -0.0001750   0.0000000   0.0000000
          20.889900  -0.0161240   0.0050450   0.0000000   0.0000000
          13.058500   0.1711960  -0.0633590   0.0000000   0.0000000
           8.160610  -0.4088750   0.1679510   0.0000000   0.0000000
           5.098080  -0.0164070  -0.0150700   0.0000000   0.0000000
           2.378760   0.5881720  -0.2661650   0.0000000   0.0000000
           1.237550   0.5009970  -0.2690180   0.0000000   0.0000000
           3.309300   0.0000000   0.0000000   0.0000000   0.0000000
           2.071500   0.0000000   0.0000000   0.0000000   0.0000000
 At  P
           0.608325   1.0000000
 At  P
           0.289782   1.0000000
 At  P
           0.130004   1.0000000
 At  P
           0.056096   1.0000000
 At  P
           1.296600   1.0000000
 At  D
         183.913000   0.0000970   0.0000000   0.0000000
          54.513300   0.0007290   0.0000000   0.0000000
          15.751600   0.0094680   0.0000000   0.0000000
           7.024370  -0.0900910   0.0000000   0.0000000
           4.386740   0.0564460   0.0000000   0.0000000
           2.561580   0.2838740   0.0000000   0.0000000
           1.508820   0.3664450   0.0000000   0.0000000
           0.892151   0.2844520   0.0000000   0.0000000
           3.919100   0.0000000   0.0000000   0.0000000
           2.049300   0.0000000   0.0000000   0.0000000
 At  D
           0.518170   1.0000000
 At  D
           0.283732   1.0000000
 At  D
           0.127000   1.0000000
 At  D
           1.071600   1.0000000
 At  F
           3.459700   0.0000000   0.0000000
           2.031900   0.0000000   0.0000000
 At  F
           0.538900   1.0000000
 At  F
           0.228700   1.0000000
 At  F
           1.193400   1.0000000
           3.756600   0.0000000
 At  G
           0.436300   1.0000000
 At  G
           1.215100   1.0000000
 At  H
           1.310200   1.0000000
#
# BASIS SET: (14s,11p,11d,2f,1g) -&gt; [6s,6p,4d,2f,1g] matched wi
 Rn  S
       12715.600000   0.0000470   0.0000280   0.0000000   0.0000000
        1913.300000   0.0003380   0.0001950   0.0000000   0.0000000
         429.956000   0.0012800   0.0007690   0.0000000   0.0000000
         100.978000   0.0027820   0.0014970   0.0000000   0.0000000
          24.470800  -0.1004210  -0.0495930   0.0000000   0.0000000
          15.292200   0.5398240   0.2895580   0.0000000   0.0000000
           9.554830  -0.5738560  -0.3680370   0.0000000   0.0000000
           5.966610  -0.6100000  -0.2733570   0.0000000   0.0000000
           2.389390   0.7932530   0.5778810   0.0000000   0.0000000
           1.318800   0.6515970   0.6296850   0.0000000   0.0000000
           6.389600   0.0000000   0.0000000   0.0000000   0.0000000
           3.285700   0.0000000   0.0000000   0.0000000   0.0000000
 Rn  S
           0.625723   1.0000000
 Rn  S
           0.356911   1.0000000
 Rn  S
           0.177530   1.0000000
 Rn  S
           0.083434   1.0000000
 Rn  S
           1.689700   1.0000000
 Rn  P
         131.708000   0.0005850  -0.0002340   0.0000000   0.0000000
          21.401600  -0.0144380   0.0043660   0.0000000   0.0000000
          13.382600   0.1700950  -0.0653500   0.0000000   0.0000000
           8.368800  -0.4225040   0.1823270   0.0000000   0.0000000
           5.229450  -0.0017190  -0.0236720   0.0000000   0.0000000
           2.476850   0.6011580  -0.2899450   0.0000000   0.0000000
           1.301800   0.4927800  -0.2800620   0.0000000   0.0000000
           3.456400   0.0000000   0.0000000   0.0000000   0.0000000
           2.165200   0.0000000   0.0000000   0.0000000   0.0000000
 Rn  P
           0.645710   1.0000000
 Rn  P
           0.312897   1.0000000
 Rn  P
           0.142853   1.0000000
 Rn  P
           0.062556   1.0000000
 Rn  P
           1.356400   1.0000000
 Rn  D
         183.730000   0.0001290   0.0000000   0.0000000
          54.689700   0.0009490   0.0000000   0.0000000
          16.425500   0.0101000   0.0000000   0.0000000
           7.305000  -0.0873090   0.0000000   0.0000000
           4.274770   0.0714520   0.0000000   0.0000000
           2.611420   0.2953780   0.0000000   0.0000000
           1.566740   0.3587310   0.0000000   0.0000000
           0.960979   0.2561200   0.0000000   0.0000000
           4.073500   0.0000000   0.0000000   0.0000000
           2.207900   0.0000000   0.0000000   0.0000000
 Rn  D
           0.596535   1.0000000
 Rn  D
           0.342028   1.0000000
 Rn  D
           0.151600   1.0000000
 Rn  D
           1.196700   1.0000000
 Rn  F
           3.653400   0.0000000   0.0000000
           2.195000   0.0000000   0.0000000
 Rn  F
           0.594000   1.0000000
 Rn  F
           0.268400   1.0000000
 Rn  F
           1.318700   1.0000000
           4.013900   0.0000000
 Rn  G
           0.476300   1.0000000
 Rn  G
           1.315900   1.0000000
 Rn  H
           1.419000   1.0000000
 END

