****
Ag 0
S 11 1.00
838.160662 0.000214
109.458555 0.001084
19.308611 -0.130989
13.204037 0.571746
9.106232 -0.491995
4.970526 -0.540372
1.835859 0.553215
0.994594 0.646880
0.497564 0.193414
0.143907 0.006142
0.063040 -0.000091
S 11 1.00
838.160662 -0.000068
109.458555 -0.000352
19.308611 0.041211
13.204037 -0.186303
9.106232 0.176642
4.970526 0.154520
1.835859 -0.197185
0.994594 -0.347893
0.497564 -0.109197
0.143907 0.470531
0.063040 0.545888
S 11 1.00
838.160662 0.000127
109.458555 0.000880
19.308611 -0.093704
13.204037 0.416815
9.106232 -0.414684
4.970526 -0.284345
1.835859 0.429677
0.994594 1.254508
0.497564 -1.146938
0.143907 -1.263927
0.063040 0.861908
S 11 1.00
838.160662 -0.000231
109.458555 -0.000945
19.308611 0.112334
13.204037 -0.520994
9.106232 0.439412
4.970526 0.802811
1.835859 -2.170460
0.994594 -0.254826
0.497564 2.795686
0.143907 -1.849636
0.063040 -0.266368
S 11 1.00
838.160662 -0.000326
109.458555 -0.002306
19.308611 0.235976
13.204037 -1.076135
9.106232 1.071009
4.970526 1.239201
1.835859 -7.276318
0.994594 9.575752
0.497564 -4.319904
0.143907 -0.785760
0.063040 2.658761
S 1 1.00
0.027580 1.0
P 11 1.00
96.950206 0.000302
23.229137 -0.012566
15.841558 0.063260
7.330230 -0.252545
2.206986 0.410325
1.154411 0.495672
0.572639 0.241368
0.243107 0.030041
0.112978 -0.001507
0.054199 0.001381
0.026186 -0.000539
P 11 1.00
96.950206 -0.000030
23.229137 0.001453
15.841558 -0.009283
7.330230 0.042427
2.206986 -0.082610
1.154411 -0.100286
0.572639 -0.040957
0.243107 0.087680
0.112978 0.208008
0.054199 0.359291
0.026186 0.390282
P 11 1.00
96.950206 -0.000210
23.229137 0.008092
15.841558 -0.042436
7.330230 0.182932
2.206986 -0.414594
1.154411 -0.493137
0.572639 0.402344
0.243107 0.765538
0.112978 0.182791
0.054199 -0.227517
0.026186 -0.337088
P 11 1.00
96.950206 -0.000718
23.229137 0.021957
15.841558 -0.083880
7.330230 0.310944
2.206986 -0.990505
1.154411 -0.280481
0.572639 1.693006
0.243107 -0.381952
0.112978 -1.044722
0.054199 0.232058
0.026186 0.378982
P 11 1.00
96.950206 0.000250
23.229137 -0.013821
15.841558 0.090535
7.330230 -0.475207
2.206986 2.648650
1.154411 -3.103453
0.572639 0.331205
0.243107 2.162799
0.112978 -2.062218
0.054199 0.268963
0.026186 0.272369
P 1 1.00
0.012518 1.0
D 9 1.00
31.079868 0.002342
10.356189 -0.008629
7.101828 -0.013278
3.254679 0.165912
1.585828 0.366072
0.727587 0.385446
0.312953 0.252096
0.122512 0.070979
0.05 0.000940
D 9 1.00
31.079868 -0.003082
10.356189 0.011832
7.101828 0.017948
3.254679 -0.273350
1.585828 -0.542282
0.727587 0.077040
0.312953 0.619399
0.122512 0.286927
0.05 0.016669
D 9 1.00
31.079868 0.002522
10.356189 0.007876
7.101828 -0.079500
3.254679 0.596474
1.585828 0.343070
0.727587 -1.078650
0.312953 0.091169
0.122512 0.678939
0.05 0.097797
D 9 1.00
31.079868 0.001320
10.356189 0.047843
7.101828 -0.210274
3.254679 1.438543
1.585828 -1.261878
0.727587 -0.366394
0.312953 1.289283
0.122512 -0.781645
0.05 -0.225196
F 1 1.00
2.54 1.0
F 1 1.00
0.73 1.0
F 1 1.00
0.2 1.0
G 1 1.00
1.58 1.0
G 1 1.00
0.5 1.0
****

AG 0
AG-ECP 4 28
g-ul potential
1
2 1.000000 0.000000
s-ul potential
2
2 12.567714 255.054771
2 6.997662 36.983393
p-ul potential
4
2 11.316496 60.715705
2 10.958063 121.443889
2 7.111400 10.171866
2 6.773319 20.486564
d-ul potential
4
2 8.928437 29.504938
2 11.102567 44.018736
2 5.543212 5.368333
2 3.928835 7.408375
f-ul potential
2
2 11.012913 -12.623403
2 11.019898 -16.764327

