
b   0
S     1     1.00                 
  308.379       1.0
S     1     1.00                 
  41.3204       1.0
S     1     1.00                 
  14.1735       1.0
S     1     1.00                 
  3.16147       1.0
P     1     1.00                 
  41.3671       1.0
P     1     1.00                 
  10.4871       1.0
P     1     1.00                 
  2.10990       1.0
D     1     1.00                 
  16.7245       1.0
D     1     1.00                 
  3.53814       1.0
F     1     1.00                 
  3.64315       1.0
****
c   0
S     1     1.00                 
  508.680       1.0
S     1     1.00                 
  129.992       1.0
S     1     1.00                 
  39.0277       1.0
S     1     1.00                 
  2.91729       1.0
P     1     1.00                 
  60.8644       1.0
P     1     1.00                 
  15.2456       1.0
P     1     1.00                 
  3.04957       1.0
D     1     1.00                 
  24.4061       1.0
D     1     1.00                 
  5.73815       1.0
F     1     1.00                 
  6.49013       1.0
****
n   0
S     1     1.00                 
  592.590       1.0
S     1     1.00                 
  130.932       1.0
S     1     1.00                 
  34.5954       1.0
S     1     1.00                 
  3.85282       1.0
P     1     1.00                 
  85.5760       1.0
P     1     1.00                 
  20.1106       1.0
P     1     1.00                 
  4.31526       1.0
D     1     1.00                 
  33.8157       1.0
D     1     1.00                 
  7.88434       1.0
F     1     1.00                 
  9.55407       1.0
****
o   0
S     1     1.00                 
  666.403       1.0
S     1     1.00                 
  171.983       1.0
S     1     1.00                 
  41.6001       1.0
S     1     1.00                 
  5.17918       1.0
P     1     1.00                 
  133.237       1.0
P     1     1.00                 
  26.1479       1.0
P     1     1.00                 
  6.63424       1.0
D     1     1.00                 
  40.8836       1.0
D     1     1.00                 
  10.5342       1.0
F     1     1.00                 
  13.3713       1.0
****
f   0
S     1     1.00                 
  910.044       1.0
S     1     1.00                 
  200.702       1.0
S     1     1.00                 
  53.9590       1.0
S     1     1.00                 
  6.60525       1.0
P     1     1.00                 
  126.918       1.0
P     1     1.00                 
  28.8828       1.0
P     1     1.00                 
  8.17801       1.0
D     1     1.00                 
  52.1748       1.0
D     1     1.00                 
  15.3585       1.0
F     1     1.00                 
  17.9929       1.0
****
ne   0
S     1     1.00
 1431.36   1.0
S     1     1.00
 301.948   1.0
S     1     1.00
 71.1568   1.0
S     1     1.00
 8.47961   1.0
P     1     1.00
 200.589   1.0
P     1     1.00
 40.201    1.0
P     1     1.00
 12.0357   1.0
D     1     1.00
 62.5225   1.0
D     1     1.00
 13.4802   1.0
F     1     1.00
 22.9212   1.0
****
al   0
S     1     1.00
 702.337   1.0
S     1     1.00
 155.579   1.0
S     1     1.00
 75.0619   1.0
S     1     1.00
 25.662    1.0
P     1     1.00
 134.69    1.0
P     1     1.00
 40.1557   1.0
P     1     1.00
 19.9213   1.0
P     1     1.00
 3.33634   1.0
D     1     1.00
 76.517    1.0
D     1     1.00
 20.3074   1.0
D     1     1.00
 6.43073   1.0
F     1     1.00
 11.9177   1.0
F     1     1.00
 1.34118   1.0
G     1     1.00
 3.72168   1.0
****
si   0
S     1     1.00
 599.849   1.0
S     1     1.00
 149.551   1.0
S     1     1.00
 49.5116   1.0
S     1     1.00
 19.6692   1.0
P     1     1.00
 250.067   1.0
P     1     1.00
 47.9889   1.0
P     1     1.00
 21.9856   1.0
P     1     1.00
 6.11363   1.0
D     1     1.00
 80.3511   1.0
D     1     1.00
 18.0005   1.0
D     1     1.00
 2.98837   1.0
F     1     1.00
 15.906    1.0
F     1     1.00
 2.14796   1.0
G     1     1.00
 4.74908   1.0
****
p   0
S     1     1.00
 677.614   1.0
S     1     1.00
 150.587   1.0
S     1     1.00
 64.4339   1.0
S     1     1.00
 22.5568   1.0
P     1     1.00
 249.581   1.0
P     1     1.00
 61.3622   1.0
P     1     1.00
 25.7646   1.0
P     1     1.00
 7.12043   1.0
D     1     1.00
 94.8478   1.0
D     1     1.00
 19.712    1.0
D     1     1.00
 3.93124   1.0
F     1     1.00
 20.117    1.0
F     1     1.00
 5.63919   1.0
G     1     1.00
 5.99807   1.0
****
s   0
S     1     1.00
 657.004   1.0
S     1     1.00
 188.727   1.0
S     1     1.00
 60.922    1.0
S     1     1.00
 25.3326   1.0
P     1     1.00
 247.745   1.0
P     1     1.00
 54.5658   1.0
P     1     1.00
 25.8472   1.0
P     1     1.00
 8.09249   1.0
D     1     1.00
 103.662   1.0
D     1     1.00
 25.5738   1.0
D     1     1.00
 4.36993   1.0
F     1     1.00
 23.1035   1.0
F     1     1.00
 2.99783   1.0
G     1     1.00
 7.16518   1.0
****
cl   0
S     1     1.00
 880.076   1.0
S     1     1.00
 206.875   1.0
S     1     1.00
 78.4715   1.0
S     1     1.00
 28.2263   1.0
P     1     1.00
 282.576   1.0
P     1     1.00
 60.7191   1.0
P     1     1.00
 31.3588   1.0
P     1     1.00
 9.14555   1.0
D     1     1.00
 122.466   1.0
D     1     1.00
 19.7301   1.0
D     1     1.00
 8.94002   1.0
F     1     1.00
 28.5454   1.0
F     1     1.00
 8.25152   1.0
G     1     1.00
 8.61204   1.0
****
ar   0
S     1     1.00
 807.788   1.0
S     1     1.00
 254.226   1.0
S     1     1.00
 65.3679   1.0
S     1     1.00
 27.7121   1.0
P     1     1.00
 300.678   1.0
P     1     1.00
 91.598    1.0
P     1     1.00
 37.0423   1.0
P     1     1.00
 11.0188   1.0
D     1     1.00
 153.291   1.0
D     1     1.00
 20.7698   1.0
D     1     1.00
 4.82945   1.0
F     1     1.00
 32.855    1.0
F     1     1.00
 9.69233   1.0
G     1     1.00
 10.0342   1.0
****
