****
Zn 0
S 11 1.00
2023.620438 0.000165
282.206063 0.000945
64.604877 -0.019911
44.244480 0.066613
11.652893 -0.418820
2.726238 0.622682
1.306650 0.507945
0.898463 0.002881
0.616172 0.096940
0.182976 0.000846
0.079060 0.000374
S 11 1.00
2023.620438 -0.000044
282.206063 -0.000191
64.604877 0.003825
44.244480 -0.014587
11.652893 0.106264
2.726238 -0.202300
1.306650 -0.151370
0.898463 -0.161557
0.616172 0.029854
0.182976 0.445709
0.079060 0.541147
S 11 1.00
2023.620438 -0.000146
282.206063 -0.000185
64.604877 0.002947
44.244480 -0.027853
11.652893 0.298214
2.726238 -1.005077
1.306650 0.557768
0.898463 -1.668182
0.616172 1.990416
0.182976 0.766631
0.079060 -0.738187
S 11 1.00
2023.620438 -0.000281
282.206063 0.000830
64.604877 -0.018384
44.244480 -0.003114
11.652893 0.404725
2.726238 -2.040528
1.306650 1.743733
0.898463 -1.125692
0.616172 2.094460
0.182976 -1.915006
0.079060 0.032500
S 11 1.00
2023.620438 -0.000725
282.206063 0.006137
64.604877 -0.125286
44.244480 0.156374
11.652893 0.392639
2.726238 -3.845390
1.306650 6.996094
0.898463 -1.373949
0.616172 -2.845970
0.182976 -0.620427
0.079060 2.650569
S 1 1.00
0.034802 1.0
P 11 1.00
403.818588 0.000204
64.176475 0.005356
30.257287 -0.018566
17.085393 -0.071820
5.072053 0.298075
2.460390 0.471915
1.143355 0.313121
0.478263 0.058056
0.198150 -0.001532
0.078607 0.001627
0.02902 -0.000560
P 11 1.00
403.818588 -0.000034
64.176475 -0.000997
30.257287 0.003742
17.085393 0.011784
5.072053 -0.058740
2.460390 -0.089612
1.143355 -0.070023
0.478263 0.052224
0.198150 0.304223
0.078607 0.539772
0.02902 0.264263
P 11 1.00
403.818588 -0.000125
64.176475 -0.004588
30.257287 0.020028
17.085393 0.042308
5.072053 -0.315601
2.460390 -0.356586
1.143355 0.138540
0.478263 0.712877
0.198150 0.384766
0.078607 -0.458815
0.02902 -0.318827
P 11 1.00
403.818588 -0.000164
64.176475 -0.008631
30.257287 0.043922
17.085393 0.052907
5.072053 -0.723627
2.460390 -0.261835
1.143355 1.111305
0.478263 0.232461
0.198150 -1.210216
0.078607 0.329539
0.02902 0.457427
P 11 1.00
403.818588 0.000058
64.176475 0.015764
30.257287 -0.095290
17.085393 -0.007020
5.072053 1.422164
2.460390 -1.236607
1.143355 -0.908559
0.478263 2.146541
0.198150 -1.326568
0.078607 -0.213471
0.02902 0.653986
P 1 1.00
0.009675 1.0
D 9 1.00
164.778639 0.002440
51.464398 0.023674
20.431422 0.089304
8.711643 0.215895
3.808711 0.330852
1.624968 0.346820
0.655957 0.261453
0.238003 0.100639
0.09 0.004364
D 9 1.00
164.778639 -0.003372
51.464398 -0.032756
20.431422 -0.127536
8.711643 -0.318286
3.808711 -0.360914
1.624968 0.100438
0.655957 0.539374
0.238003 0.309520
0.09 0.028313
D 9 1.00
164.778639 0.003504
51.464398 0.035029
20.431422 0.139421
8.711643 0.377057
3.808711 0.085028
1.624968 -0.699514
0.655957 -0.093282
0.238003 0.639935
0.09 0.254914
D 9 1.00
164.778639 -0.004699
51.464398 -0.047510
20.431422 -0.199676
8.711643 -0.542445
3.808711 0.526336
1.624968 0.613426
0.655957 -1.024146
0.238003 0.215222
0.09 0.593348
F 1 1.00
6.460 1.0
F 1 1.00
1.743 1.0
F 1 1.00
0.47 1.0
G 1 1.00
5.078 1.0
G 1 1.00
1.37 1.0
****

ZN 0
ZN-ECP  4  10
g-ul potential
1
2 1.000000 0.000000
s-ul potential
2
2 34.174001 399.986399
2 14.456371 85.489750
p-ul potential
4
2 39.888683 92.381077
2 39.655017 184.771176
2 15.290546 23.002541
2 14.903524 46.057427
d-ul potential
4
2 43.708296 -13.690734
2 43.698536 -20.543980
2 15.150718 -1.316154
2 15.282441 -1.838715
f-ul potential
2
2 8.160014 -0.370360
2 12.228422 -1.062943
