
b    0
S     1     1.00                 
  562.590       1.0
S     1     1.00                 
  75.1804       1.0
S     1     1.00                 
  17.6344       1.0
S     1     1.00                 
  5.78407       1.0
P     1     1.00                 
  159.983       1.0
P     1     1.00                 
  83.0330       1.0
P     1     1.00                 
  19.7059       1.0
P     1     1.00                 
  5.79140       1.0
D     1     1.00                 
  50.4872       1.0
D     1     1.00                 
  21.4342       1.0
D     1     1.00                 
  5.90246       1.0
F     1     1.00                 
  15.6076       1.0
F     1     1.00                 
  6.54276       1.0
G     1     1.00                 
  4.13943       1.0
****
c    0
S     1     1.00                 
  944.918       1.0
S     1     1.00                 
  70.5017       1.0
S     1     1.00                 
  27.9213       1.0
S     1     1.00                 
  6.19107       1.0
P     1     1.00                 
  200.147       1.0
P     1     1.00                 
  93.4590       1.0
P     1     1.00                 
  27.8690       1.0
P     1     1.00                 
  6.54549       1.0
D     1     1.00                 
  54.7128       1.0
D     1     1.00                 
  25.2257       1.0
D     1     1.00                 
  3.29223       1.0
F     1     1.00                 
  21.9219       1.0
F     1     1.00                 
  10.2631       1.0
G     1     1.00                 
  7.39205       1.0
****
n    0
S     1     1.00                 
  927.787       1.0
S     1     1.00                 
  101.890       1.0
S     1     1.00                 
  40.7825       1.0
S     1     1.00                 
  7.50497       1.0
P     1     1.00                 
  280.702       1.0
P     1     1.00                 
  129.631       1.0
P     1     1.00                 
  36.2049       1.0
P     1     1.00                 
  9.08466       1.0
D     1     1.00                 
  98.4186       1.0
D     1     1.00                 
  39.5811       1.0
D     1     1.00                 
  9.14883       1.0
F     1     1.00                 
  31.3497       1.0
F     1     1.00                 
  14.6463       1.0
G     1     1.00                 
  10.7654       1.0
****
o    0
S     1     1.00                 
  1360.95       1.0
S     1     1.00                 
  149.952       1.0
S     1     1.00                 
  44.3906       1.0
S     1     1.00                 
  7.97237       1.0
P     1     1.00                 
  351.427       1.0
P     1     1.00                 
  147.053       1.0
P     1     1.00                 
  45.7078       1.0
P     1     1.00                 
  12.0992       1.0
D     1     1.00                 
  80.6501       1.0
D     1     1.00                 
  35.0853       1.0
D     1     1.00                 
  14.8091       1.0
F     1     1.00                 
  40.5353       1.0
F     1     1.00                 
  18.4997       1.0
 G     1     1.00                
  15.2068       1.0
****
f    0
S     1     1.00                 
  2403.04       1.0
S     1     1.00                 
  199.319       1.0
S     1     1.00                 
  59.5466       1.0
S     1     1.00                 
  10.5292       1.0
P     1     1.00                 
  405.736       1.0
P     1     1.00                 
  172.920       1.0
P     1     1.00                 
  62.6788       1.0
P     1     1.00                 
  13.8606       1.0
D     1     1.00                 
  107.666       1.0
D     1     1.00                 
  56.8439       1.0
D     1     1.00                 
  16.4713       1.0
F     1     1.00                 
  52.8086       1.0
F     1     1.00                 
  23.8725       1.0
G     1     1.00                 
  20.4005       1.0
****
ne    0
S     1     1.00                 
  2084.28       1.0
S     1     1.00                 
  330.007       1.0
S     1     1.00                 
  76.0755       1.0
S     1     1.00                 
  13.6186       1.0
P     1     1.00                 
  411.225       1.0
P     1     1.00                 
  163.791       1.0
P     1     1.00                 
  51.7701       1.0
P     1     1.00                 
  15.5684       1.0
D     1     1.00                 
  136.340       1.0
D     1     1.00                 
  71.9263       1.0
D     1     1.00                 
  15.4681       1.0
F     1     1.00                 
  61.7418       1.0
F     1     1.00                 
  26.0985       1.0
G     1     1.00                 
  26.4171       1.0
****
al    0
S     1     1.00
 692.847   1.0
S     1     1.00
 168.119   1.0
S     1     1.00
 58.0437   1.0
S     1     1.00
 22.7118   1.0
P     1     1.00
 401.394   1.0
P     1     1.00
 30.0031   1.0
P     1     1.00
 14.9635   1.0
P     1     1.00
 3.50328   1.0
D     1     1.00
 99.0865   1.0
D     1     1.00
 25.1171   1.0
D     1     1.00
 8.00000   1.0
F     1     1.00
 20.6507   1.0
F     1     1.00
 4.91054   1.0
F     1     1.00
 2.06173   1.0
G     1     1.00
 11.5400   1.0
G     1     1.00
 3.81699   1.0
G     1     1.00
 1.09103   1.0
H     1     1.00
 3.87549   1.0
H     1     1.00
 1.79623   1.0
****
si    0
S     1     1.00
 906.029   1.0
S     1     1.00
 163.206   1.0
S     1     1.00
 50.4526   1.0
S     1     1.00
 15.6417   1.0
P     1     1.00
 454.254   1.0
P     1     1.00
 36.1693   1.0
P     1     1.00
 18.0463   1.0
P     1     1.00
 4.14619   1.0
D     1     1.00
 122.871   1.0
D     1     1.00
 21.2466   1.0
D     1     1.00
 1.45854   1.0
F     1     1.00
 26.6987   1.0
F     1     1.00
 5.94363   1.0
F     1     1.00
 1.15268   1.0
G     1     1.00
 14.438    1.0
G     1     1.00
 4.78512   1.0
G     1     1.00
 1.33908   1.0
H     1     1.00
 4.73856   1.0
H     1     1.00
 2.21211   1.0
****
p    0
S     1     1.00
 1059.6    1.0
S     1     1.00
 204.747   1.0
S     1     1.00
 52.5158   1.0
S     1     1.00
 20.4263   1.0
P     1     1.00
 371.851   1.0
P     1     1.00
 31.2387   1.0
P     1     1.00
 18        1.0
P     1     1.00
 9.10067   1.0
D     1     1.00
 106.652   1.0
D     1     1.00
 19.5339   1.0
D     1     1.00
 1.8       1.0
F     1     1.00
 34.2326   1.0
F     1     1.00
 7.2       1.0
F     1     1.00
 3.32299   1.0
G     1     1.00
 17.7952   1.0
G     1     1.00
 5.98651   1.0
G     1     1.00
 1.75975   1.0
H     1     1.00
 5.80836   1.0
H     1     1.00
 2.63713   1.0
****
s    0
S     1     1.00
 1200.35   1.0
S     1     1.00
 216.83    1.0
S     1     1.00
 67.0796   1.0
S     1     1.00
 21.8972   1.0
P     1     1.00
 414.136   1.0
P     1     1.00
 39.5416   1.0
P     1     1.00
 22.0000   1.0
P     1     1.00
 8.72208   1.0
D     1     1.00
 120.211   1.0
D     1     1.00
 22.6502   1.0
D     1     1.00
 2.42301   1.0
F     1     1.00
 40.2243   1.0
F     1     1.00
 7.85385   1.0
F     1     1.00
 3.43135   1.0
G     1     1.00
 21.4007   1.0
G     1     1.00
 7.20421   1.0
G     1     1.00
 2.02737   1.0
H     1     1.00
 6.89854   1.0
H     1     1.00
 3.15299   1.0
****
cl    0
S     1     1.00
 1321.77   1.0
S     1     1.00
 237.662   1.0
S     1     1.00
 78.1835   1.0
S     1     1.00
 24.1958   1.0
P     1     1.00
 504.908   1.0
P     1     1.00
 46.3595   1.0
P     1     1.00
 25.0000   1.0
P     1     1.00
 10.1592   1.0
D     1     1.00
 225.176   1.0
D     1     1.00
 35.1896   1.0
D     1     1.00
 2.83118   1.0
F     1     1.00
 48.1427   1.0
F     1     1.00
 9.51182   1.0
F     1     1.00
 4.07741   1.0
G     1     1.00
 25.5945   1.0
G     1     1.00
 8.80478   1.0
G     1     1.00
 2.57312   1.0
H     1     1.00
 8.25366   1.0
H     1     1.00
 3.75287   1.0
****
ar    0
S     1     1.00
 2258.46   1.0
S     1     1.00
 261.088   1.0
S     1     1.00
 81.7107   1.0
S     1     1.00
 25.2405   1.0
P     1     1.00
 533.923   1.0
P     1     1.00
 55.1987   1.0
P     1     1.00
 29.6716   1.0
P     1     1.00
 5.72941   1.0
D     1     1.00
 152.342   1.0
D     1     1.00
 33.0292   1.0
D     1     1.00
 3.33395   1.0
F     1     1.00
 57.3941   1.0
F     1     1.00
 12.0707   1.0
F     1     1.00
 5.61636   1.0
G     1     1.00
 30.131    1.0
G     1     1.00
 10.4864   1.0
G     1     1.00
 3.0065    1.0
H     1     1.00
 9.77402   1.0
H     1     1.00
 4.4247    1.0
****
