basis &quot;Co_m6-31G&quot; CARTESIAN
  Co   S
     66148.990000000      0.00175979
      9933.077000000      0.01348162
      2262.816000000      0.06649342
       637.915400000      0.23079390
       204.412200000      0.47929190
        69.825380000      0.35140970
  Co  SP
      1378.841000000      0.00237628      0.00397149
       328.269400000      0.03167450      0.03108174
       106.094600000      0.12628880      0.13574390
        39.832750000     -0.02584552      0.34768270
        16.186220000     -0.61834910      0.46263400
         6.667788000     -0.45670080      0.20516320
  Co  SP
        54.523550000     -0.00399300     -0.00729077
        18.297830000      0.07409663     -0.02926027
         7.867348000      0.25420000      0.06564150
         3.340534000     -0.29216570      0.40006520
         1.393756000     -0.73187030      0.49502360
         0.551326000     -0.20407840      0.17582400
  Co  SP
         2.151947000      0.05379843     -0.21654960
         0.811063000      0.27599710      0.12404880
         0.121017000     -1.12969200      0.97240640
  Co  SP
         0.043037000      1.00000000      1.00000000
  Co   D
        21.3342776067     0.1068275301
         5.5768194304     0.4266878706
         1.5985127182     0.6698677042
  Co   D
         0.3995329086     1.00000000
end
