 $DATA
OXYGEN
 S 12
   1   36120.6397268736      0.0000474630
   2    5413.8412505244      0.0003661616
   3    1232.1914276079      0.0019422902
   4     348.9112588503      0.0080182609
   5     113.6888260778      0.0292150858
   6      40.8253120574      0.0837812315
   7      15.6997591621      0.2381515912
   8       6.3470520684      0.3052735764
   9       2.5233160573     -2.2760472586
  10       0.9933408224      2.8444209743
  11       0.3816471925     -0.7734121113
  12       0.1409903227     -0.8478688061
 S 11
   1   36120.6397268736     -0.0000575715
   2    5413.8412505244     -0.0004561854
   3    1232.1914276079     -0.0023226972
   4     348.9112588503     -0.0100655581
   5     113.6888260778     -0.0336863732
   6      40.8253120574     -0.1039505395
   7      15.6997591621     -0.2389001460
   8       6.3470520684     -0.4136661737
   9       2.5233160573      1.7737045696
  10       0.9933408224     -0.6098116431
  11       0.3816471925     -0.8906113709
 S 10
   1   36120.6397268736     -0.0000701523
   2    5413.8412505244     -0.0005506875
   3    1232.1914276079     -0.0028351355
   4     348.9112588503     -0.0119995156
   5     113.6888260778     -0.0401411313
   6      40.8253120574     -0.1166020454
   7      15.6997591621     -0.2441901310
   8       6.3470520684     -0.3732753416
   9       2.5233160573      0.6722943628
  10       0.9933408224      0.6301932484
 S 9
   1   36120.6397268736      0.0001742035
   2    5413.8412505244      0.0013510423
   3    1232.1914276079      0.0070366117
   4     348.9112588503      0.0287238761
   5     113.6888260778      0.0946993816
   6      40.8253120574      0.2399638196
   7      15.6997591621      0.4062009411
   8       6.3470520684      0.3181341885
   9       2.5233160573      0.0587438913
 P 8
   1     113.6888260778     -0.0018537723
   2      40.8253120574     -0.0174425365
   3      15.6997591621     -0.0335689679
   4       6.3470520684     -0.3148417412
   5       2.5233160573     -0.1703705582
   6       0.9933408224      1.1319732046
   7       0.3816471925     -0.6896145271
   8       0.1409903227     -0.6523051627
 P 7
   1     113.6888260778     -0.0029954601
   2      40.8253120574     -0.0194669060
   3      15.6997591621     -0.0517481422
   4       6.3470520684     -0.3418109311
   5       2.5233160573     -0.4501567325
   6       0.9933408224      0.9264933039
   7       0.3816471925      0.3311766962
 P 6
   1     113.6888260778      0.0043308722
   2      40.8253120574      0.0196938443
   3      15.6997591621      0.0691943918
   4       6.3470520684      0.3032807924
   5       2.5233160573      0.6317200996
   6       0.9933408224      0.0969371613
 D 4
   1       6.3470520684     -0.1409351508
   2       2.5233160573     -0.6418873358
   3       0.9933408224      0.4437639625
   4       0.3816471925      0.7008478169
 D 3
   1       6.3470520684      0.1077344220
   2       2.5233160573      0.5762714245
   3       0.9933408224      0.4398161342
 F 2
   1       2.5233160573      0.4898974717
   2       0.9933408224      0.6182348455
 $END