! BASIS=&quot;aug-cc-pVTZ-J&quot;
H   0
S   8  1.00
    66145.0000            0.4137D-06  
     9950.0000            0.3097D-05  
     1496.0000            0.00004256  
      225.0000            0.0003665   
       33.8700            0.004709    
        5.0950            0.03745     
        1.1590            0.1536      
        0.3258            0.2868      
S   1  1.00
        5.09500           1.00000000
S   1  1.00
        1.15900           1.00000000
S   1  1.00
        0.32580           1.00000000
S   1  1.00
        0.10270           1.00000000
S   1  1.00
        0.02526           1.00000000
P   1  1.00
        1.40700           1.00000000
P   1  1.00
        0.38800           1.00000000
P   1  1.00
        0.10200           1.00000000
D   1  1.00
        1.05700           1.00000000  
****
C   0
S  13  1.00
 16289729.0               0.4196D-07  
  2442668.0               0.3147D-06  
   366281.0               0.4349D-05  
    54924.0               0.00003761  
     8236.0000            0.0004893   
     1235.0000            0.004143    
      280.8000            0.02103     
       79.2700            0.08187     
       25.5900            0.2345      
        8.9970            0.4340      
        3.3190            0.3446      
        0.9059            0.04465     
        0.3643           -0.01577     
S   1  1.00
       79.27000           1.00000000
S   1  1.00
       25.59000           1.00000000
S   1  1.00
        8.99700           1.00000000
S   1  1.00
        3.31900           1.00000000
S   1  1.00
        0.90590           1.00000000
S   1  1.00
        0.36430           1.00000000
S   1  1.00
        0.12850           1.00000000
S   1  1.00
        0.04402           1.00000000
P   4  1.00
       18.7100            0.00964100
        4.1330            0.05747000
        1.2000            0.19090000
        0.3827            0.29730000
P   1  1.00
        1.20000           1.00000000
P   1  1.00
        0.38270           1.00000000
P   1  1.00
        0.12090           1.00000000
P   1  1.00
        0.03569           1.00000000
D   1  1.00
        1.097             1.00000000
D   1  1.00
        0.318             1.00000000
D   1  1.00
        0.100             1.00000000
F   1  1.00           
        0.761             1.00000000  
****
N   0
S  13  1.00
 22610777.0               0.4127D-07
  3389636.0               0.3096D-06
   508148.0               0.4282D-05
    76177.0               0.00003702
    11420.0000            0.0004820 
     1712.0000            0.004081  
      389.3000            0.02073   
      110.0000            0.08078   
       35.5700            0.2329    
       12.5400            0.4335    
        4.6440            0.3464    
        1.2930            0.04417   
        0.5118           -0.01177   
S   1  1.00
      110.0000            1.00000000                                                
S   1  1.00
       35.5700            1.00000000                                                
S   1  1.00
       12.5400            1.00000000                                                
S   1  1.00
        4.6440            1.00000000                                                
S   1  1.00
        1.2930            1.00000000
S   1  1.00
        0.5118            1.00000000
S   1  1.00
        0.1787            1.00000000
S   1  1.00
        0.0576            1.00000000
P   4  1.00
       26.6300            0.01039000
        5.9480            0.06324000
        1.7420            0.20550000
        0.5550            0.30680000
P   1  1.00
        1.7420            1.00000000
P   1  1.00
        0.5550            1.00000000
P   1  1.00
        0.1725            1.00000000
P   1  1.00
        0.0491            1.00000000
D   1  1.00
        1.654             1.00000000
D   1  1.00
        0.469             1.00000000
D   1  1.00
        0.151             1.00000000
F   1  1.00                 
        1.093             1.00000000  
****
O   0
S  13  1.00
 30307833.  0             0.4018D-07  
  4545186.0               0.3012D-06  
   681629.0               0.4163D-05  
   102222.0               0.00003599  
    15330.00000           0.0004683   
     2299.00000           0.003965    
      522.40000           0.02020     
      147.30000           0.07923     
       47.55000           0.2305      
       16.76000           0.4332      
        6.20700           0.3495      
        1.75200           0.04488     
        0.68820          -0.01119     
S   1  1.00
      147.30000           1.00000000 
S   1  1.00
       47.55000           1.00000000 
S   1  1.00
       16.76000           1.00000000 
S   1  1.00
        6.20700           1.00000000 
S   1  1.00
        1.75200           1.00000000 
S   1  1.00
        0.68820           1.00000000 
S   1  1.00
        0.23840           1.00000000 
S   1  1.00
        0.07376           1.00000000
P   4  1.00
       34.46000           0.01193000
        7.74900           0.07277000
        2.28000           0.22880000  
        0.71560           0.33740000  
P   1  1.00
        2.28000           1.00000000
P   1  1.00
        0.71560           1.00000000
P   1  1.00
        0.21400           1.00000000
P   1  1.00
        0.05974           1.00000000
D   1  1.00
        2.314             1.00000000
D   1  1.00
        0.645             1.00000000
D   1  1.00
        0.214             1.00000000
F   1  1.00                  
        1.428             1.00000000  
****
F   0
S  13  1.00
 38624049.0               0.4002D-07  
  5789645.0               0.3000D-06  
   867853.0               0.4152D-05  
   130088.0               0.00003589  
    19500.0               0.0004675   
     2923.0               0.003959    
      664.5               0.02016     
      187.5               0.07907     
       60.62              0.2303      
       21.42              0.4331      
        7.95              0.3493      
        2.257             0.04507     
        0.8815           -0.01112     
S   1  1.00
      187.5               1.00000000    
S   1  1.00
       60.62              1.00000000    
S   1  1.00
       21.42              1.00000000    
S   1  1.00
        7.95              1.00000000    
S   1  1.00
        2.257             1.00000000    
S   1  1.00
        0.8815            1.00000000    
S   1  1.00
        0.3041            1.00000000    
S   1  1.00
        0.09158           1.00000000  
P   4  1.00
       43.88000           0.01602000  
        9.92600           0.10050000  
        2.93000           0.30270000
        0.91320           0.47140300
P   1  1.00
        2.93000           1.00000000  
P   1  1.00
        0.91320           1.00000000  
P   1  1.00
        0.26720           1.00000000  
P   1  1.00
        0.07361           1.0000000   
D   1  1.00
        3.107             1.00000000  
D   1  1.00
        0.855             1.00000000  
D   1  1.00
        0.292             1.00000000  
F   1  1.00                  
        1.917             1.00000000
****
S   0
S  17  1.00
 742396769.0              0.4264D-08 
 111230523.0              0.3185D-07 
 16665252.0               0.4429D-06 
  2496892.0               0.3819D-05 
   374100.0000            0.00004994 
    56050.0000            0.0004247  
    12760.0000            0.002203   
     3615.0000            0.009197   
     1183.0000            0.03211    
      428.8000            0.09468    
      167.8000            0.2236     
       69.4700            0.3744     
       29.8400            0.3291     
       12.7200            0.08477    
        5.2440            0.0003640  
        2.2190            0.001773   
        0.7767           -0.0008605  
S  17  1.00
 742396769.0             -0.1178D-08  
 111230523.0             -0.8783D-08  
 16665252.0              -0.1224D-06  
  2496892.0              -0.1053D-05  
   374100.0000           -0.00001380  
    56050.0000           -0.0001172   
    12760.0000           -0.0006101   
     3615.0000           -0.002554    
     1183.0000           -0.009080    
      428.8000           -0.02770     
      167.8000           -0.07195     
       69.4700           -0.1464      
       29.8400           -0.1949      
       12.7200            0.007788    
        5.2440            0.5167      
        2.2190            0.5411      
        0.7767            0.07188     
S   1  1.00
       29.8400            1.00000000  
S   1  1.00
       12.7200            1.00000000  
S   1  1.00
        5.2440            1.00000000  
S   1  1.00
        2.2190            1.00000000  
S   1  1.00
        0.7767            1.00000000  
S   1  1.00
        0.3490            1.00000000  
S   1  1.00
        0.1322            1.00000000  
S   1  1.00
        0.0497            1.00000000  
P   7  1.00
      574.4000            0.002426  
      135.8000            0.01930   
       43.1900            0.08869   
       15.8700            0.2550    
        6.2080            0.4348    
        2.4830            0.3543    
        0.8688            0.06134   
P   7  1.00
      574.4000           -0.0005919   
      135.8000           -0.004707    
       43.1900           -0.02222     
       15.8700           -0.06525     
        6.2080           -0.1186      
        2.4830           -0.09134     
        0.8688            0.2150      
P   1  1.00
        2.4830            1.00000000  
P   1  1.00
        0.8688            1.00000000  
P   1  1.00
        0.3229            1.00000000  
P   1  1.00
        0.1098            1.00000000  
P   1  1.00
        0.0351            1.00000000  
D   1  1.00
       23.1142            1.00000000  
D   1  1.00
        7.5918            1.00000000  
D   1  1.00
        2.4935            1.00000000  
D   1  1.00
        0.2690            1.00000000    
D   1  1.00
        0.8190            1.00000000  
D   1  1.00
        0.1010            1.00000000  
F   1  1.00                  
        0.5570            1.00000000  
****
