
 BASIS &quot;aobasis&quot; print
 Hf  S
        26.5042000   0.0320170  -0.0092200  -0.0051870   0.0266200
        16.5840000  -0.2583380   0.0766750   0.0780690  -0.0510920
        10.3831000   0.7419580  -0.2256410  -0.2633410  -0.0133860
         6.4955000  -0.5972460   0.1855680   0.1631730  -0.2493960
         3.4643100  -0.4674330   0.1565490   0.4121450   1.1377230
         0.9862000   0.7814380  -0.3114170  -0.9279190  -3.2919740
         0.4578280   0.5337560  -0.3945230  -0.3552850   3.0952960
         0.1321180   0.0363800   0.2034830   2.5901110   0.5233810
         0.0669670  -0.0136480   0.6862960  -1.2877130  -2.9817690
 Hf  S
         0.0290100   1.0000000
 Hf  S
         1.2925000   1.0000000
 Hf  S
         0.8085000   1.0000000
 Hf  P
        15.2724000  -0.0249160   0.0066140   0.0094170   0.0190460
         9.5703500   0.1349670  -0.0369260  -0.0530870  -0.1039530
         5.0361800  -0.3145280   0.0887770   0.1282870   0.2510270
         1.1521500   0.4766040  -0.1514170  -0.2170080  -0.5289630
         0.5624010   0.4841910  -0.2041520  -0.3251220  -0.8006570
         0.2742040   0.1844940  -0.0401350  -0.0046510   1.6510980
         0.1205050   0.0186390   0.3663260   0.7343430   0.1195080
         0.0528120   0.0015040   0.5626960   0.3849980  -0.9590230
 Hf  P
         0.0228910   1.0000000
 Hf  P
         1.6107000   1.0000000
 Hf  P
         0.5841000   1.0000000
 Hf  D
        11.9756000  -0.0014780   0.0012390  -0.0031330
         7.4799800   0.0187080  -0.0202160   0.0334770
         4.6738300  -0.0580870   0.0669450  -0.1038090
         1.1750300   0.1823340  -0.2392560   0.4716820
         0.5283500   0.3486640  -0.4736770   0.5191890
         0.2277570   0.3933500  -0.0843030  -1.0917460
         0.0941690   0.2772230   0.6333300   0.0084120
 Hf  D
         0.0366310   1.0000000
 Hf  D
         1.9912000   1.0000000
 Hf  D
         0.5380000   1.0000000
 Hf  F
         1.2099000   1.0000000
 Hf  F
         0.5106000   1.0000000
 Hf  F
         0.1605000   1.0000000
 Hf  G
         1.1923000   1.0000000
 Hf  G
         0.3579000   1.0000000
 Ta  S
        27.1236000   0.0310530  -0.0090380  -0.0036940   0.0199390
        16.9695000  -0.2562460   0.0776200   0.0741990  -0.0119830
        10.6228000   0.7537040  -0.2351160  -0.2667320  -0.1263190
         6.6449300  -0.6221810   0.1985680   0.1638740  -0.1072520
         3.5948000  -0.4709360   0.1643530   0.4542910   1.0858150
         1.0504400   0.7957440  -0.3367730  -1.0387690  -3.3698120
         0.4928350   0.5320760  -0.3948460  -0.2840230   3.2164070
         0.1487360   0.0359520   0.2230040   2.4631730   0.3284360
         0.0722280  -0.0130440   0.6886390  -1.1724650  -2.7861580
 Ta  S
         0.0309970   1.0000000
 Ta  S
         1.3959000   1.0000000
 Ta  S
         0.8735000   1.0000000
 Ta  P
        15.5273000  -0.0247840   0.0068180   0.0100470   0.0206680
         9.7259300   0.1412710  -0.0402940  -0.0601510  -0.1177830
         5.2380300  -0.3273280   0.0966590   0.1452770   0.2832870
         1.2270200   0.4834390  -0.1633710  -0.2448290  -0.6451770
         0.6053810   0.4839520  -0.2142180  -0.3637170  -0.6698480
         0.2963140   0.1812620  -0.0232540   0.0650640   1.6952860
         0.1305110   0.0183560   0.3814550   0.7639420  -0.0513130
         0.0571160   0.0014010   0.5524390   0.3237320  -0.8985720
 Ta  P
         0.0246790   1.0000000
 Ta  P
         1.7118000   1.0000000
 Ta  P
         0.6692000   1.0000000
 Ta  D
        12.1917000  -0.0017560   0.0014680  -0.0034800
         7.6161300   0.0229090  -0.0248100   0.0408190
         4.7595400  -0.0715900   0.0829610  -0.1314870
         1.2759000   0.1997750  -0.2725710   0.5878110
         0.5929460   0.3628730  -0.4890720   0.4024980
         0.2642870   0.3846300  -0.0016350  -1.1685840
         0.1124950   0.2504110   0.6453820   0.1607410
 Ta  D
         0.0447800   1.0000000
 Ta  D
         2.1877000   1.0000000
 Ta  D
         0.6285000   1.0000000
 Ta  F
         1.3546000   1.0000000
 Ta  F
         0.6142000   1.0000000
 Ta  F
         0.2086000   1.0000000
 Ta  G
         1.4250000   1.0000000
 Ta  G
         0.4780000   1.0000000
 W   S
        28.3881000   0.0286980  -0.0084840  -0.0018080   0.0138380
        17.7568000  -0.2410370   0.0745440   0.0639220   0.0202260
        11.1120000   0.7152180  -0.2285180  -0.2421830  -0.2093720
         6.9493400  -0.5713300   0.1874400   0.1239880  -0.0130360
         3.8150600  -0.5072560   0.1806120   0.5003090   1.0461320
         1.1124900   0.8128760  -0.3615620  -1.1225650  -3.4415170
         0.5254010   0.5252410  -0.3873630  -0.1993080   3.3512290
         0.1615290   0.0346380   0.2480770   2.3607790   0.1364630
         0.0764090  -0.0129350   0.6828620  -1.1023500  -2.6080750
 W   S
         0.0326700   1.0000000
 W   S
         1.4974000   1.0000000
 W   S
         0.9373000   1.0000000
 W   P
        16.5554000  -0.0252630   0.0071290   0.0109680   0.0221780
        10.3744000   0.1409610  -0.0411130  -0.0640750  -0.1230550
         5.5219000  -0.3299160   0.0996190   0.1564780   0.2995730
         1.2890200   0.5017200  -0.1760570  -0.2790200  -0.7580510
         0.6355960   0.4805660  -0.2167410  -0.3897030  -0.4980530
         0.3096450   0.1689050  -0.0011430   0.1566280   1.7176990
         0.1370120   0.0157270   0.3928970   0.7687580  -0.2467290
         0.0599380   0.0014690   0.5406250   0.2655370  -0.8204790
 W   P
         0.0258750   1.0000000
 W   P
         1.8438000   1.0000000
 W   P
         0.7286000   1.0000000
 W   D
        13.6383000  -0.0026060   0.0025740   0.0068120
         8.5173400   0.0290880  -0.0333260  -0.0594810
         5.3232800  -0.0831780   0.1006620   0.1659640
         1.3931900   0.2105050  -0.3117890  -0.7073810
         0.6543070   0.3794490  -0.5101020  -0.2548900
         0.2943900   0.3825380   0.1043210   1.2651180
         0.1257220   0.2279060   0.6647930  -0.4506990
 W   D
         0.0497170   1.0000000
 W   D
         2.4258000   1.0000000
 W   D
         0.7093000   1.0000000
 W   F
         1.5127000   1.0000000
 W   F
         0.7181000   1.0000000
 W   F
         0.2560000   1.0000000
 W   G
         1.6843000   1.0000000
 W   G
         0.6205000   1.0000000
 Re  S
        30.4120000   0.0229870  -0.0072090   0.0008190  -0.0059360
        19.0142000  -0.1976360   0.0645740   0.0437380  -0.0062770
        11.8921000   0.5813760  -0.1963520  -0.1772190   0.0754730
         7.4336100  -0.3840040   0.1354270   0.0197240   0.0512310
         4.1811300  -0.6002800   0.2175540   0.5658650  -0.5040200
         1.1685700   0.8264270  -0.3902690  -1.1960450   1.6252170
         0.5539770   0.5102290  -0.3723360  -0.0926010  -1.6511890
         0.1707810   0.0365510   0.2672200   2.2639340   0.1479060
         0.0792870  -0.0087660   0.6716710  -1.0605870   0.9643860
 Re  S
         0.0339090   1.0000000
 Re  S
         1.5774000   1.0000000
 Re  S
         0.9879000   1.0000000
 Re  P
        18.3488000  -0.0168770   0.0046080   0.0073690   0.0150340
        11.4877000   0.0929150  -0.0268720  -0.0437140  -0.0837840
         5.4325600  -0.2914010   0.0889710   0.1463200   0.2804860
         1.3785900   0.4982270  -0.1794810  -0.3009630  -0.8342650
         0.6887660   0.4796070  -0.2111050  -0.4000020  -0.4202230
         0.3380830   0.1752920  -0.0043780   0.1900900   1.7104440
         0.1491600   0.0173410   0.3822050   0.7604950  -0.3011560
         0.0643210   0.0013480   0.5438540   0.2562560  -0.7920800
 Re  P
         0.0273440   1.0000000
 Re  P
         2.0752000   1.0000000
 Re  P
         0.7985000   1.0000000
 Re  D
        13.8248000  -0.0010140   0.0014410  -0.0008920
         8.6358600   0.0200690  -0.0233020   0.0318260
         5.3969500  -0.0709260   0.0813920  -0.1289560
         1.4943200   0.2136340  -0.2826220   0.6891180
         0.7134790   0.3740960  -0.4844350   0.2530110
         0.3249100   0.3691180   0.0772300  -1.1068680
         0.1398360   0.2324990   0.6339580   0.1625610
 Re  D
         0.0555530   1.0000000
 Re  D
         2.5797000   1.0000000
 Re  D
         0.7887000   1.0000000
 Re  F
         1.6543000   1.0000000
 Re  F
         0.8088000   1.0000000
 Re  F
         0.2939000   1.0000000
 Re  G
         1.8871000   1.0000000
 Re  G
         0.7368000   1.0000000
 Os  S
        32.3055000   0.0197370  -0.0065050   0.0032420   0.0069550
        20.1934000  -0.1722810   0.0585150   0.0321220   0.0417920
        12.6258000   0.5020590  -0.1762530  -0.1472230  -0.2181670
         7.8902100  -0.2729310   0.1041850  -0.0521880  -0.1049580
         4.4618300  -0.6628560   0.2405050   0.6858550   1.2105800
         1.2361300   0.8403110  -0.4093240  -1.4787110  -4.1259100
         0.5888300   0.5041200  -0.3607630   0.1833530   4.5902800
         0.1832610   0.0360460   0.2734870   2.2357940  -1.6062050
         0.0839720  -0.0077430   0.6639500  -1.2321000  -0.9747310
 Os  S
         0.0358740   1.0000000
 Os  S
         1.6545000   1.0000000
 Os  S
         1.0367000   1.0000000
 Os  P
        19.5631000  -0.0147080   0.0038110   0.0068020   0.0137510
        12.2451000   0.0813650  -0.0227510  -0.0412110  -0.0773820
         5.5534200  -0.2865920   0.0856230   0.1569900   0.2953390
         1.4628400   0.5046710  -0.1797460  -0.3433910  -0.9653980
         0.7345370   0.4803480  -0.2015160  -0.4303710  -0.2465530
         0.3605750   0.1720070  -0.0014850   0.2960230   1.7281840
         0.1566910   0.0167790   0.3717870   0.7536120  -0.5259660
         0.0663330   0.0010290   0.5436820   0.1966590  -0.6793560
 Os  P
         0.0277460   1.0000000
 Os  P
         2.2182000   1.0000000
 Os  P
         0.8827000   1.0000000
 Os  D
        14.6857000  -0.0002690   0.0012700   0.0026700
         9.1712400   0.0164940  -0.0225880  -0.0374650
         5.7299200  -0.0666740   0.0838610   0.1404650
         1.5875600   0.2245470  -0.3263310  -0.8231180
         0.7672690   0.3796600  -0.5066390  -0.0536040
         0.3528390   0.3618810   0.1706070   1.1529670
         0.1530360   0.2216830   0.6360850  -0.4177890
 Os  D
         0.0612280   1.0000000
 Os  D
         2.7843000   1.0000000
 Os  D
         0.8811000   1.0000000
 Os  F
         1.8027000   1.0000000
 Os  F
         0.9095000   1.0000000
 Os  F
         0.3372000   1.0000000
 Os  G
         2.0891000   1.0000000
 Os  G
         0.8435000   1.0000000
 Ir  S
        34.2048000   0.0173300  -0.0060010   0.0057000  -0.0001450
        21.3768000  -0.1532030   0.0538850   0.0186860   0.0001550
        13.3624000   0.4419330  -0.1606020  -0.1098820   0.0004580
         8.3483500  -0.1886920   0.0803950  -0.1262300   0.0027310
         4.7316300  -0.7122250   0.2575940   0.7876390  -0.0111600
         1.3078500   0.8529050  -0.4237510  -1.7027670   0.0322630
         0.6243340   0.4997460  -0.3483540   0.4383340  -0.0309800
         0.1938710   0.0352490   0.2800310   2.1004080  -0.0019260
         0.0879490  -0.0070780   0.6545570  -1.2318660   0.0244470
 Ir  S
         0.0375390   1.0000000
 Ir  S
         1.7877000   1.0000000
 Ir  S
         1.1208000   1.0000000
 Ir  P
        20.7204000  -0.0132020   0.0035200   0.0068620   0.0121460
        12.9677000   0.0739520  -0.0215200  -0.0422290  -0.0723020
         5.7222400  -0.2843120   0.0890920   0.1771470   0.3121050
         1.5503800   0.5102230  -0.1924180  -0.4201130  -1.1249840
         0.7826600   0.4795020  -0.2089670  -0.4381970   0.0092840
         0.3855150   0.1697720   0.0046730   0.4034530   1.6533010
         0.1706090   0.0166680   0.3828460   0.7048150  -0.6527860
         0.0728290   0.0012420   0.5399630   0.1692730  -0.6166420
 Ir  P
         0.0305710   1.0000000
 Ir  P
         2.3691000   1.0000000
 Ir  P
         0.9984000   1.0000000
 Ir  D
        91.4125000   0.0000240  -0.0000130  -0.0000080
         9.7301300   0.0152170  -0.0183130   0.0306140
         6.0771200  -0.0657240   0.0780220  -0.1301790
         1.6882000   0.2340050  -0.3254460   0.7766970
         0.8237860   0.3845350  -0.4793950   0.1046450
         0.3820680   0.3558490   0.1391480  -1.0602650
         0.1669650   0.2119760   0.5831340   0.1697160
 Ir  D
         0.0672310   1.0000000
 Ir  D
         2.9804000   1.0000000
 Ir  D
         0.9617000   1.0000000
 Ir  F
         1.9541000   1.0000000
 Ir  F
         1.0189000   1.0000000
 Ir  F
         0.3847000   1.0000000
 Ir  G
         2.2929000   1.0000000
 Ir  G
         0.9577000   1.0000000
 Pt  S
        36.0064000   0.0156030  -0.0056780   0.0070370  -0.0114450
        22.4991000  -0.1396000   0.0507550   0.0105250   0.1220440
        14.0609000   0.3994690  -0.1500300  -0.0854980  -0.3759060
         8.7816100  -0.1277440   0.0639820  -0.1765590   0.0553880
         4.9923800  -0.7514510   0.2704110   0.8567070   1.1335870
         1.3838500   0.8633270  -0.4346570  -1.8442100  -4.2149190
         0.6616170   0.4975940  -0.3372900   0.6011560   4.8759410
         0.2048820   0.0347580   0.2814460   1.9822930  -2.1659360
         0.0922300  -0.0065890   0.6455790  -1.1764800  -0.4268040
 Pt  S
         0.0392640   1.0000000
 Pt  S
         1.8601000   1.0000000
 Pt  S
         1.1669000   1.0000000
 Pt  P
        21.5986000  -0.0125150   0.0029600   0.0067690   0.0116510
        13.5160000   0.0715700  -0.0191100  -0.0429400  -0.0715220
         5.9203700  -0.2872760   0.0838980   0.1894550   0.3259640
         1.6412600   0.5154190  -0.1830090  -0.4606470  -1.2148310
         0.8311310   0.4804610  -0.1878840  -0.4463350   0.1587270
         0.4084300   0.1679960  -0.0017870   0.4896840   1.5953330
         0.1754270   0.0158600   0.3606710   0.6825880  -0.7779330
         0.0726850   0.0007950   0.5449210   0.1279470  -0.5304420
 Pt  P
         0.0297610   1.0000000
 Pt  P
         2.5291000   1.0000000
 Pt  P
         1.0714000   1.0000000
 Pt  D
        72.7562000   0.0000520  -0.0000370  -0.0000260
        10.4742000   0.0126260  -0.0157890   0.0271890
         6.2509000  -0.0632410   0.0782970  -0.1307380
         1.8018500   0.2396470  -0.3582960   0.8378570
         0.8884540   0.3876720  -0.4793250   0.0073940
         0.4156650   0.3517440   0.1884070  -1.0612590
         0.1830800   0.2052900   0.5781450   0.2490050
 Pt  D
         0.0742330   1.0000000
 Pt  D
         3.1781000   1.0000000
 Pt  D
         1.0624000   1.0000000
 Pt  F
         2.1077000   1.0000000
 Pt  F
         1.1318000   1.0000000
 Pt  F
         0.4337000   1.0000000
 Pt  G
         2.4989000   1.0000000
 Pt  G
         1.0772000   1.0000000
 END

 ECP
Hf nelec 60 ! # core electrons
Hf ul
  2          1.00000000        0.00000000
Hf S
  2         10.24885600      478.23740400
  4         10.72912700        0.38802400
  2          1.96485600       -1.07123200
Hf P
  2          8.68346200      101.04681800
  2          7.91692000      212.19776100
  4          9.37924300        0.13264600
  4          8.24420900        0.45310800
  2          1.59668600       -0.40791400
  2          1.71028100       -0.56181700
Hf D
  2          5.18955700       43.11546700
  2          5.25322900       65.93473200
  4          5.93787100        0.02591200
  4          5.71290600        0.03374100
  2          1.01485600       -0.28057900
  2          0.47371200       -0.08484900
Hf F
  2          1.91260800        4.81180100
  2          1.88074000        6.41857400
Hf G
  2          2.72418000       -4.63658500
  2          2.70895300       -5.76728800
Ta nelec 60 ! # core electrons
Ta ul
  2          1.00000000        0.00000000
Ta S
  2         10.31806900      454.60064900
  4         10.54026700        2.83797500
  2          2.57472600       -0.81473600
Ta P
  2          8.74334200       96.91078300
  2          7.91622300      195.85043200
  4          9.27573600        4.81252400
  4          8.10167500        6.33851200
  2          2.07712700       -0.45917300
  2          2.75037200       -0.64458600
Ta D
  2          5.44731400       45.96997600
  2          5.21254500       69.63897200
  4          5.88435800        0.80293300
  4          5.64957900        0.42959500
  2          1.38818000       -0.30722700
  2          1.29439800       -0.46156000
Ta F
  2          2.16127500        5.75777300
  2          2.12593900        7.67816700
Ta G
  2          3.14592000       -5.68406600
  2          3.12794200       -7.06231300
W  nelec 60 ! # core electrons
W  ul
  2          1.00000000        0.00000000
W  S
  2         11.06379500      419.22759900
  2          8.21764100       41.19130700
W  P
  2          9.33818800      107.34811000
  2          8.43044800      214.69956800
  4          9.49002000        0.02544200
  4          9.48994700        0.05189500
  2          1.88299700       -0.11718400
  2          1.90697200        0.29668900
W  D
  2          6.20543300       58.88127900
  2          6.12215700       98.68355600
  4          6.27455600        0.01953700
  4          6.22637500        0.02195600
  2          1.96387500       -0.08857700
  2          1.88828700       -0.20972600
W  F
  2          2.30795300        6.23247200
  2          2.27060900        8.31134500
W  G
  2          3.58349100       -6.80294400
  2          3.56251500       -8.44323200
Re nelec 60 ! # core electrons
Re ul
  2          1.00000000        0.00000000
Re S
  2         12.16381400      421.97030000
  2          7.10759500       50.13443900
Re P
  2          9.68459700       88.48191000
  2          9.47621400      176.78722000
  2          7.66806600       10.43433800
  2          5.05515600       20.45874300
Re D
  2          6.50988800       43.16243100
  2          6.09121600       64.76775900
  2          4.16400600        5.34030100
  2          4.40737900        8.24333200
Re F
  2          2.56265800        7.24454300
  2          2.52154900        9.65926600
Re G
  2          4.03459900       -7.97494000
  2          4.00962800       -9.88273600
Os nelec 60 ! # core electrons
Os ul
  2          1.00000000        0.00000000
Os S
  2         13.00200100      424.39037600
  2          6.96276300       57.12250300
Os P
  2         10.49894100       88.27900300
  2          9.99252300      176.48606400
  2          6.58824800       11.71501200
  2          5.03716700       22.91500600
Os D
  2          7.08344100       44.77770800
  2          6.72117900       67.15364800
  2          3.79462600        5.55038700
  2          3.74812500        8.22010400
Os F
  2          2.82627600        8.32833200
  2          2.78119800       11.10310200
Os G
  2          4.49698100       -9.18134300
  2          4.46773800      -11.36160400
Ir nelec 60 ! # core electrons
Ir ul
  2          1.00000000        0.00000000
Ir S
  2         13.83147400      426.95814900
  2          7.04791400       65.33881300
Ir P
  2         11.10643300       88.07544200
  2         10.45655200      176.12477000
  2          6.37961400       12.68226000
  2          5.06472600       24.63594900
Ir D
  2          7.54875400       46.43325800
  2          7.26530800       69.63807400
  2          3.80096900        6.15024800
  2          3.71828000        9.46356000
Ir F
  2          3.09870600        9.48361000
  2          3.04946100       12.64274200
Ir G
  2          4.96979000      -10.41069700
  2          4.93561400      -12.86319600
Pt nelec 60 ! # core electrons
Pt ul
  2          1.00000000        0.00000000
Pt S
  2         14.60450000      429.64608700
  2          7.21828700       73.15688400
Pt P
  2         11.57716200       88.02291700
  2         10.88384300      175.99819600
  2          6.42440300       13.68227400
  2          5.22419800       27.41465100
Pt D
  2          7.69961000       43.55785200
  2          7.55080800       65.36910800
  2          3.96116400        7.01859600
  2          3.87277700       11.39173300
Pt F
  2          3.37986900       10.71022000
  2          3.32625500       14.27812500
Pt G
  2          5.45202000      -11.65174900
  2          5.41258500      -14.37552500
 END
