****
Kr 0
S 14 1.00
76661.6 0.000047
11509.1 0.000358
2619.79 0.001764
740.044 0.006097
235.341 0.012681
42.3839 0.137846
26.5014 -0.192855
16.5732 -0.278368
4.59114 0.519056
2.49368 0.534595
1.35105 0.159405
0.587240 0.008505
0.270818 0.000131
0.120385 0.000281
S 14 1.00
76661.6 -0.000021
11509.1 -0.000156
2619.79 -0.000787
740.044 -0.002647
235.341 -0.005821
42.3839 -0.056550
26.5014 0.088847
16.5732 0.098873
4.59114 -0.253378
2.49368 -0.430889
1.35105 -0.114308
0.587240 0.530002
0.270818 0.595608
0.120385 0.153068
S 1 1.00
1.35105 1
S 1 1.00
0.587240 1
S 1 1.00
0.270818 1
S 1 1.00
0.120385 1
S 1 1.00
0.0455 1
P 11 1.00
546.903 0.000522
106.998 0.004714
46.5133 0.006575
29.0722 -0.094387
8.14713 0.301261
4.19535 0.470405
2.14822 0.294731
1.05215 0.055015
0.477745 0.001431
0.208168 0.000532
0.086824 -0.000084
P 11 1.00
546.903 -0.000153
106.998 -0.001628
46.5133 -0.000365
29.0722 0.026449
8.14713 -0.106278
4.19535 -0.167412
2.14822 -0.129802
1.05215 0.167557
0.477745 0.459321
0.208168 0.429782
0.086824 0.138909
P 1 1.00
0.477745 1
P 1 1.00
0.208168 1
P 1 1.00
0.086824 1
P 1 1.00
0.0337 1
D 11 1.00
1171.06 0.000115
355.351 0.001194
139.684 0.007882
64.0219 0.036793
31.8343 0.096287
16.1423 0.192550
8.33454 0.286961
4.29940 0.318125
2.19543 0.240967
1.07508 0.098910
0.457500 0.013929
D 1 1.00
1.07508 1
D 1 1.00
0.457500 1
D 1 1.00
0.1965 1
D 1 1.00
0.0897 1
F 1 1.00
0.9596 1.0
F 1 1.00
0.4170 1.0
F 1 1.00
0.2033 1.0
G 1 1.00
0.7504 1.0
G 1 1.00
0.3532 1.0
****

KR 0
KR-ECP 4 10
g-ul potential
1
2 1.000000 0.000000
s-ul potential
3
2 70.034410 49.953835
2 31.895971 369.978238
2 7.353728 10.054544
p-ul potential
4
2 47.265183 99.101833
2 46.664268 198.232524
2 23.008133 28.204670
2 22.100979 56.516792
d-ul potential
6
2 50.768165 -18.588877
2 50.782228 -27.875398
2 15.479497 -0.293411
2 15.559383 -0.469399
2 2.877154 0.068881
2 1.991196 0.132270
f-ul potential
2
2 15.437567 -1.223389
2 22.055742 -2.991233

