****
Cu    0
S   1   1.00
  26.034100000       1.0000000000
S   1   1.00
  15.776700000       1.0000000000
S   1   1.00
  9.9559000000       1.0000000000
S   1   1.00
  6.1720300000       1.0000000000
P   1   1.00
  26.380400000       1.0000000000
P   1   1.00
  16.241100000       1.0000000000
P   1   1.00
  9.5133400000       1.0000000000
P   1   1.00
  4.6219000000       1.0000000000
D   1   1.00
  23.773500000       1.0000000000
D   1   1.00
  14.612400000       1.0000000000
D   1   1.00
  8.3081700000       1.0000000000
F   1   1.00
  14.892200000       1.0000000000
F   1   1.00
  10.386800000       1.0000000000
F   1   1.00
  5.5153300000       1.0000000000
G   1   1.00
  27.559400000       1.0000000000
G   1   1.00
  10.612800000       1.0000000000
G   1   1.00
  6.8797100000       1.0000000000
G   1   1.00
  3.5309400000       1.0000000000
G   1   1.00
  1.8080000000       1.0000000000
H   1   1.00
  16.395400000       1.0000000000
H   1   1.00
  8.4479600000       1.0000000000
I   1   1.00
  11.311400000       1.0000000000
S   1   1.00
  3.2354100000       1.0000000000
S   1   1.00
  1.5329200000       1.0000000000
S   1   1.00
 0.80589100000       1.0000000000
S   1   1.00
 0.41243800000       1.0000000000
S   1   1.00
 0.20134000000       1.0000000000
S   1   1.00
 0.11171500000       1.0000000000
S   1   1.00
 0.61494300000E-01   1.0000000000
P   1   1.00
  2.8693300000       1.0000000000
P   1   1.00
  1.5525000000       1.0000000000
P   1   1.00
 0.89893900000       1.0000000000
P   1   1.00
 0.52082500000       1.0000000000
P   1   1.00
 0.31067900000       1.0000000000
P   1   1.00
 0.16099600000       1.0000000000
P   1   1.00
 0.79563200000E-01   1.0000000000
D   1   1.00
  4.0026100000       1.0000000000
D   1   1.00
  2.7150600000       1.0000000000
D   1   1.00
  1.4849700000       1.0000000000
D   1   1.00
 0.76204200000       1.0000000000
D   1   1.00
 0.44204800000       1.0000000000
D   1   1.00
 0.25652800000       1.0000000000
D   1   1.00
 0.14606300000       1.0000000000
F   1   1.00
  3.3555400000       1.0000000000
F   1   1.00
  1.5599900000       1.0000000000
F   1   1.00
 0.93579900000       1.0000000000
F   1   1.00
 0.45225500000       1.0000000000
F   1   1.00
 0.24521100000       1.0000000000
G   1   1.00
 0.69967200000       1.0000000000
G   1   1.00
 0.33891600000       1.0000000000
H   1   1.00
  4.6832400000       1.0000000000
H   1   1.00
  2.8024400000       1.0000000000
H   1   1.00
  1.2955800000       1.0000000000
I   1   1.00
  6.1147100000       1.0000000000
I   1   1.00
  2.8549200000       1.0000000000
K   1   1.00
  8.8698200000       1.0000000000
K   1   1.00
  5.0178700000       1.0000000000
****
Zn    0
S   1   1.00
  30.720200000       1.0000000000
S   1   1.00
  18.616500000       1.0000000000
S   1   1.00
  11.748000000       1.0000000000
S   1   1.00
  7.2829900000       1.0000000000
P   1   1.00
  31.128900000       1.0000000000
P   1   1.00
  19.164500000       1.0000000000
P   1   1.00
  11.225700000       1.0000000000
P   1   1.00
  5.4538400000       1.0000000000
D   1   1.00
  28.052800000       1.0000000000
D   1   1.00
  17.242700000       1.0000000000
D   1   1.00
  9.8036400000       1.0000000000
F   1   1.00
  17.572700000       1.0000000000
F   1   1.00
  12.256400000       1.0000000000
F   1   1.00
  6.5080900000       1.0000000000
G   1   1.00
  32.520100000       1.0000000000
G   1   1.00
  12.523100000       1.0000000000
G   1   1.00
  8.1180600000       1.0000000000
G   1   1.00
  4.1665100000       1.0000000000
G   1   1.00
  2.1334400000       1.0000000000
H   1   1.00
  19.346500000       1.0000000000
H   1   1.00
  9.9685900000       1.0000000000
I   1   1.00
  13.347400000       1.0000000000
S   1   1.00
  3.8177900000       1.0000000000
S   1   1.00
  1.8088400000       1.0000000000
S   1   1.00
 0.95095100000       1.0000000000
S   1   1.00
 0.48667700000       1.0000000000
S   1   1.00
 0.23758100000       1.0000000000
S   1   1.00
 0.13182400000       1.0000000000
S   1   1.00
 0.72563300000E-01   1.0000000000
P   1   1.00
  3.3858100000       1.0000000000
P   1   1.00
  1.8319500000       1.0000000000
P   1   1.00
  1.0607500000       1.0000000000
P   1   1.00
 0.61457300000       1.0000000000
P   1   1.00
 0.36660100000       1.0000000000
P   1   1.00
 0.18997500000       1.0000000000
P   1   1.00
 0.93884600000E-01   1.0000000000
D   1   1.00
  4.7230800000       1.0000000000
D   1   1.00
  3.2037700000       1.0000000000
D   1   1.00
  1.7522600000       1.0000000000
D   1   1.00
 0.89920900000       1.0000000000
D   1   1.00
 0.52161600000       1.0000000000
D   1   1.00
 0.30270300000       1.0000000000
D   1   1.00
 0.17235500000       1.0000000000
F   1   1.00
  3.9595400000       1.0000000000
F   1   1.00
  1.8407900000       1.0000000000
F   1   1.00
  1.1042400000       1.0000000000
F   1   1.00
 0.53366100000       1.0000000000
F   1   1.00
 0.28934900000       1.0000000000
G   1   1.00
 0.82561300000       1.0000000000
G   1   1.00
 0.39992100000       1.0000000000
H   1   1.00
  5.5262200000       1.0000000000
H   1   1.00
  3.3068800000       1.0000000000
H   1   1.00
  1.5287800000       1.0000000000
I   1   1.00
  7.2153600000       1.0000000000
I   1   1.00
  3.3688000000       1.0000000000
K   1   1.00
  10.466400000       1.0000000000
K   1   1.00
  5.9210900000       1.0000000000
****
Ag    0
S   1   1.00
  11.451300000       1.0000000000
S   1   1.00
  7.5554800000       1.0000000000
S   1   1.00
  5.3637800000       1.0000000000
S   1   1.00
  3.6214100000       1.0000000000
P   1   1.00
  11.302300000       1.0000000000
P   1   1.00
  6.6109600000       1.0000000000
P   1   1.00
  4.0942800000       1.0000000000
P   1   1.00
  2.4640100000       1.0000000000
D   1   1.00
  11.761300000       1.0000000000
D   1   1.00
  7.7312900000       1.0000000000
D   1   1.00
  4.9337700000       1.0000000000
F   1   1.00
  7.7156700000       1.0000000000
F   1   1.00
  5.5968400000       1.0000000000
F   1   1.00
  2.9638900000       1.0000000000
G   1   1.00
  12.937000000       1.0000000000
G   1   1.00
  5.1849500000       1.0000000000
G   1   1.00
  3.4413000000       1.0000000000
H   1   1.00
  6.0589100000       1.0000000000
H   1   1.00
  4.2546600000       1.0000000000
I   1   1.00
  4.4436400000       1.0000000000
S   1   1.00
  1.8570200000       1.0000000000
S   1   1.00
 0.90620600000       1.0000000000
S   1   1.00
 0.48571600000       1.0000000000
S   1   1.00
 0.23066500000       1.0000000000
S   1   1.00
 0.10546500000       1.0000000000
S   1   1.00
 0.57126800000E-01   1.0000000000
S   1   1.00
 0.31132500000E-01   1.0000000000
P   1   1.00
  1.5708300000       1.0000000000
P   1   1.00
 0.79996200000       1.0000000000
P   1   1.00
 0.45420900000       1.0000000000
P   1   1.00
 0.26163600000       1.0000000000
P   1   1.00
 0.15574900000       1.0000000000
P   1   1.00
 0.80624000000E-01   1.0000000000
P   1   1.00
 0.39814600000E-01   1.0000000000
D   1   1.00
  2.2825600000       1.0000000000
D   1   1.00
  1.4409500000       1.0000000000
D   1   1.00
 0.75897300000       1.0000000000
D   1   1.00
 0.38532000000       1.0000000000
D   1   1.00
 0.22236200000       1.0000000000
D   1   1.00
 0.12865700000       1.0000000000
D   1   1.00
 0.73133900000E-01   1.0000000000
F   1   1.00
  1.8473000000       1.0000000000
F   1   1.00
 0.89660300000       1.0000000000
F   1   1.00
 0.50847900000       1.0000000000
F   1   1.00
 0.22908300000       1.0000000000
F   1   1.00
 0.12285200000       1.0000000000
G   1   1.00
  1.8246300000       1.0000000000
G   1   1.00
  1.0796000000       1.0000000000
G   1   1.00
 0.49266200000       1.0000000000
G   1   1.00
 0.19617500000       1.0000000000
H   1   1.00
  2.3806500000       1.0000000000
H   1   1.00
  1.3690300000       1.0000000000
H   1   1.00
 0.80171800000       1.0000000000
I   1   1.00
  2.9251400000       1.0000000000
I   1   1.00
  1.4801500000       1.0000000000
K   1   1.00
  4.4024200000       1.0000000000
K   1   1.00
  2.4919700000       1.0000000000
****
Cd    0
S   1   1.00
  12.694000000       1.0000000000
S   1   1.00
  8.4281000000       1.0000000000
S   1   1.00
  6.0308800000       1.0000000000
S   1   1.00
  4.0250600000       1.0000000000
P   1   1.00
  13.203000000       1.0000000000
P   1   1.00
  7.7083600000       1.0000000000
P   1   1.00
  4.8162800000       1.0000000000
P   1   1.00
  2.9147700000       1.0000000000
D   1   1.00
  13.613300000       1.0000000000
D   1   1.00
  8.7139900000       1.0000000000
D   1   1.00
  5.3454900000       1.0000000000
F   1   1.00
  8.7647800000       1.0000000000
F   1   1.00
  6.2329600000       1.0000000000
F   1   1.00
  3.3668200000       1.0000000000
G   1   1.00
  14.707500000       1.0000000000
G   1   1.00
  5.9106400000       1.0000000000
G   1   1.00
  3.8883800000       1.0000000000
H   1   1.00
  7.1685500000       1.0000000000
H   1   1.00
  4.7700100000       1.0000000000
I   1   1.00
  5.0982800000       1.0000000000
S   1   1.00
  2.1001700000       1.0000000000
S   1   1.00
  1.1394500000       1.0000000000
S   1   1.00
 0.66655000000       1.0000000000
S   1   1.00
 0.31347300000       1.0000000000
S   1   1.00
 0.13348500000       1.0000000000
S   1   1.00
 0.69517000000E-01   1.0000000000
S   1   1.00
 0.37132000000E-01   1.0000000000
P   1   1.00
  1.8566700000       1.0000000000
P   1   1.00
 0.94507200000       1.0000000000
P   1   1.00
 0.53691200000       1.0000000000
P   1   1.00
 0.30806300000       1.0000000000
P   1   1.00
 0.18322500000       1.0000000000
P   1   1.00
 0.95336300000E-01   1.0000000000
P   1   1.00
 0.47225700000E-01   1.0000000000
D   1   1.00
  2.6059100000       1.0000000000
D   1   1.00
  1.7227800000       1.0000000000
D   1   1.00
 0.92304800000       1.0000000000
D   1   1.00
 0.46529600000       1.0000000000
D   1   1.00
 0.26699300000       1.0000000000
D   1   1.00
 0.15300400000       1.0000000000
D   1   1.00
 0.86462500000E-01   1.0000000000
F   1   1.00
  2.1015900000       1.0000000000
F   1   1.00
  1.0526500000       1.0000000000
F   1   1.00
 0.61729700000       1.0000000000
F   1   1.00
 0.27147200000       1.0000000000
F   1   1.00
 0.14534400000       1.0000000000
G   1   1.00
  2.1637300000       1.0000000000
G   1   1.00
  1.2298000000       1.0000000000
G   1   1.00
 0.59020400000       1.0000000000
G   1   1.00
 0.23823400000       1.0000000000
H   1   1.00
  2.7723000000       1.0000000000
H   1   1.00
  1.6926400000       1.0000000000
H   1   1.00
 0.94126400000       1.0000000000
I   1   1.00
  3.3196600000       1.0000000000
I   1   1.00
  1.6684100000       1.0000000000
K   1   1.00
  5.0955800000       1.0000000000
K   1   1.00
  2.8889300000       1.0000000000
****
Au    0
S   1   1.00
  10.740700000       1.0000000000
S   1   1.00
  7.2688400000       1.0000000000
S   1   1.00
  5.2858700000       1.0000000000
S   1   1.00
  3.6578000000       1.0000000000
P   1   1.00
  9.6393800000       1.0000000000
P   1   1.00
  5.6767600000       1.0000000000
P   1   1.00
  3.8064900000       1.0000000000
P   1   1.00
  2.5429200000       1.0000000000
D   1   1.00
  10.596000000       1.0000000000
D   1   1.00
  6.4838400000       1.0000000000
D   1   1.00
  3.9985700000       1.0000000000
F   1   1.00
  5.8530200000       1.0000000000
F   1   1.00
  3.9692700000       1.0000000000
F   1   1.00
  2.6643600000       1.0000000000
G   1   1.00
  10.920300000       1.0000000000
G   1   1.00
  4.5124600000       1.0000000000
G   1   1.00
  3.2752500000       1.0000000000
H   1   1.00
  5.8152300000       1.0000000000
H   1   1.00
  3.8979500000       1.0000000000
I   1   1.00
  3.0376300000       1.0000000000
S   1   1.00
  2.0130600000       1.0000000000
S   1   1.00
  1.1281500000       1.0000000000
S   1   1.00
 0.64080300000       1.0000000000
S   1   1.00
 0.27990500000       1.0000000000
S   1   1.00
 0.11332600000       1.0000000000
S   1   1.00
 0.58711900000E-01   1.0000000000
S   1   1.00
 0.31569900000E-01   1.0000000000
P   1   1.00
  1.6744900000       1.0000000000
P   1   1.00
 0.82040600000       1.0000000000
P   1   1.00
 0.47411500000       1.0000000000
P   1   1.00
 0.26782900000       1.0000000000
P   1   1.00
 0.15718700000       1.0000000000
P   1   1.00
 0.80671700000E-01   1.0000000000
P   1   1.00
 0.39754000000E-01   1.0000000000
D   1   1.00
  2.2398700000       1.0000000000
D   1   1.00
  1.5630100000       1.0000000000
D   1   1.00
 0.81551300000       1.0000000000
D   1   1.00
 0.41862600000       1.0000000000
D   1   1.00
 0.23292300000       1.0000000000
D   1   1.00
 0.13106600000       1.0000000000
D   1   1.00
 0.73509200000E-01   1.0000000000
F   1   1.00
  1.5769900000       1.0000000000
F   1   1.00
 0.92442200000       1.0000000000
F   1   1.00
 0.49498700000       1.0000000000
F   1   1.00
 0.25277400000       1.0000000000
F   1   1.00
 0.13030200000       1.0000000000
G   1   1.00
  1.7978600000       1.0000000000
G   1   1.00
 0.92965500000       1.0000000000
G   1   1.00
 0.46773000000       1.0000000000
G   1   1.00
 0.21650600000       1.0000000000
H   1   1.00
  2.4139800000       1.0000000000
H   1   1.00
  1.3658700000       1.0000000000
H   1   1.00
 0.61709800000       1.0000000000
I   1   1.00
  2.0221200000       1.0000000000
I   1   1.00
  1.0885100000       1.0000000000
K   1   1.00
  3.4908100000       1.0000000000
K   1   1.00
  1.8847600000       1.0000000000
****
Hg    0
S   1   1.00
  12.997600000       1.0000000000
S   1   1.00
  8.2068100000       1.0000000000
S   1   1.00
  5.6497400000       1.0000000000
S   1   1.00
  3.8572200000       1.0000000000
P   1   1.00
  11.273700000       1.0000000000
P   1   1.00
  6.7369500000       1.0000000000
P   1   1.00
  4.5641300000       1.0000000000
P   1   1.00
  3.0330300000       1.0000000000
D   1   1.00
  12.025800000       1.0000000000
D   1   1.00
  7.1421300000       1.0000000000
D   1   1.00
  4.3584200000       1.0000000000
F   1   1.00
  6.8488800000       1.0000000000
F   1   1.00
  4.4486600000       1.0000000000
F   1   1.00
  3.1755500000       1.0000000000
G   1   1.00
  14.102900000       1.0000000000
G   1   1.00
  5.3442000000       1.0000000000
G   1   1.00
  3.6269900000       1.0000000000
H   1   1.00
  6.8087500000       1.0000000000
H   1   1.00
  4.7189400000       1.0000000000
I   1   1.00
  3.3561900000       1.0000000000
S   1   1.00
  2.2690900000       1.0000000000
S   1   1.00
  1.2752600000       1.0000000000
S   1   1.00
 0.72288500000       1.0000000000
S   1   1.00
 0.34353600000       1.0000000000
S   1   1.00
 0.14135300000       1.0000000000
S   1   1.00
 0.71478800000E-01   1.0000000000
S   1   1.00
 0.37404100000E-01   1.0000000000
P   1   1.00
  1.9881900000       1.0000000000
P   1   1.00
 0.99853200000       1.0000000000
P   1   1.00
 0.56951100000       1.0000000000
P   1   1.00
 0.31871100000       1.0000000000
P   1   1.00
 0.18496300000       1.0000000000
P   1   1.00
 0.94862900000E-01   1.0000000000
P   1   1.00
 0.46846800000E-01   1.0000000000
D   1   1.00
  2.5292400000       1.0000000000
D   1   1.00
  1.7534300000       1.0000000000
D   1   1.00
 0.92418100000       1.0000000000
D   1   1.00
 0.51953900000       1.0000000000
D   1   1.00
 0.29526300000       1.0000000000
D   1   1.00
 0.15877800000       1.0000000000
D   1   1.00
 0.86696500000E-01   1.0000000000
F   1   1.00
  1.9165300000       1.0000000000
F   1   1.00
  1.0813500000       1.0000000000
F   1   1.00
 0.57171100000       1.0000000000
F   1   1.00
 0.31834000000       1.0000000000
F   1   1.00
 0.16079500000       1.0000000000
G   1   1.00
  2.0753800000       1.0000000000
G   1   1.00
  1.0357100000       1.0000000000
G   1   1.00
 0.60361000000       1.0000000000
G   1   1.00
 0.25267200000       1.0000000000
H   1   1.00
  2.8548800000       1.0000000000
H   1   1.00
  1.5470700000       1.0000000000
H   1   1.00
 0.71701200000       1.0000000000
I   1   1.00
  2.3132300000       1.0000000000
I   1   1.00
  1.2603800000       1.0000000000
K   1   1.00
  4.3130900000       1.0000000000
K   1   1.00
  2.1283100000       1.0000000000
****
