 Y 0
 SP   4 1.00
       .2984000000D+02  -.6293999625D-02  -.3457000285D-02
       .3242000000D+01   .1436230915D+01  -.9738600803D-01
       .2694000000D+01  -.2550212848D+01  -.9893300816D-01
       .8430000000D+00   .1756064895D+01   .1112190092D+01
 SP   2 1.00
       .1324000000D+01  -.5797598258D-01  -.2589098562D-01
       .6806000000D-01   .1014873695D+01   .1002832443D+01
 SP   1 1.00
       .2729000000D-01   .1000000000D+01   .1000000000D+01
 SP   1 1.00
       .3015000000D+00   .1000000000D+01   .1000000000D+01
 D   3 1.00
       .5399000000D+01   .1202000149D-01
       .1066000000D+01   .3429500425D+00
       .3892000000D+00   .7393970916D+00
 D   1 1.00
       .1300000000D+00   .1000000000D+01
 D   1 1.00
       .4121000000D-01   .1000000000D+01
 D   1 1.00
       .3160000000D-01   .1000000000D+01
 F   1 1.00
       .6444000000D+00   .1000000000D+01
 F   1 1.00
       .2311000000D+00   .1000000000D+01
 F   1 1.00        
       .9900000000D-01   .1000000000D+01
 ****
 ZR  0
 SP   4 1.00
       .3053000000D+02  -.4503999124D-02  -.4092000066D-02
       .3518000000D+01   .1708898668D+01  -.7866500127D-01
       .2971000000D+01  -.2918517432D+01  -.1405880023D+00
       .9587000000D+00   .1822957645D+01   .1130526018D+01
 SP   2 1.00
       .9293000000D+00  -.6195798058D-01  -.6021699687D-01
       .6910000000D-01   .1020738680D+01   .1009301948D+01
 SP   1 1.00
       .2759000000D-01   .1000000000D+01   .1000000000D+01
 SP   1 1.00
       .3764000000D+00   .1000000000D+01   .1000000000D+01
 D   3 1.00
       .6191000000D+01   .1199999277D-01
       .1320000000D+01   .3250048043D+00
       .5359000000D+00   .7402985542D+00
 D   1 1.00
       .1900000000D+00   .1000000000D+01
 D   1 1.00
       .5900000000D-01   .1000000000D+01
 D   1 1.00
       .3820000000D-01   .1000000000D+01
 F   1 1.00
       .1042670000D+01   .1000000000D+01
 F   1 1.00
       .3739300000D+00   .1000000000D+01
 F   1 1.00
       .1601200000D+00   .1000000000D+01
 ****
 NB  0
 SP   4 1.00
       .3853000000D+02  -.2058999756D-02  -.3575998903D-02
       .3907000000D+01   .1618866808D+01  -.3321698981D-01
       .3274000000D+01  -.2830859664D+01  -.1855679431D+00
       .1052000000D+01   .1818464784D+01   .1133470652D+01
 SP   2 1.00
       .1057000000D+01  -.7191897822D-01  -.6781502589D-01
       .7876000000D-01   .1023796690D+01   .1010254386D+01
 SP   1 1.00
       .3091000000D-01   .1000000000D+01   .1000000000D+01
 SP   1 1.00
       .4165000000D+00   .1000000000D+01   .1000000000D+01
 D   3 1.00
       .7994000000D+01   .1043300717D-01
       .1550000000D+01   .3180712186D+00
       .6666000000D+00   .7396545083D+00
 D   1 1.00
       .2462000000D+00   .1000000000D+01
 D   1 1.00
       .7860000000D-01   .1000000000D+01
 D   1 1.00
       .3310000000D-01   .1000000000D+01
 F   1 1.00
       .1521770000D+01   .1000000000D+01
 F   1 1.00
       .5457400000D+00   .1000000000D+01
 F   1 1.00
       .2336900000D+00   .1000000000D+01
 ****
 MO  0
 SP   4 1.00
       .3967000000D+02  -.9716002481D-02  -.4014999904D-02
       .4633000000D+01   .7701261966D+00  -.3414599919D-01
       .3208000000D+01  -.2229530569D+01  -.2518169940D+00
       .1224000000D+01   .2046495522D+01   .1192346972D+01
 SP   2 1.00
       .1181000000D+01  -.7522199160D-01  -.7197098462D-01
       .8489000000D-01   .1024136886D+01   .1010226784D+01
 SP   1 1.00
       .3276000000D-01   .1000000000D+01   .1000000000D+01
 SP   1 1.00
       .4728000000D+00   .1000000000D+01   .1000000000D+01
 D   3 1.00
       .9051000000D+01   .1088300565D-01
       .1777000000D+01   .3118291618D+00
       .7848000000D+00   .7418023848D+00
 D   1 1.00
       .2899000000D+00   .1000000000D+01
 D   1 1.00
       .9107000000D-01   .1000000000D+01
 D   1 1.00
       .4320000000D-01   .1000000000D+01
 F   2 1.00
       .1891300000D+01   .2446109158D+00
       .6783000000D+00   .8407777107D+00
 F   1 1.00
       .2904000000D+00   .1000000000D+01
 F   1 1.00
       .1244000000D+00   .1000000000D+01
 ****
 TC  0
 SP   4 1.00
       .4887000000D+02  -.6485001188D-02  -.3492000291D-02
       .4770000000D+01   .1330930244D+01   .3751400312D-01
       .3740000000D+01  -.2698832494D+01  -.2978010248D+00
       .1305000000D+01   .1956263358D+01   .1174900098D+01
 SP   2 1.00
       .1744000000D+01  -.9427496223D-01  -.8540101455D-01
       .1206000000D+00   .1028603588D+01   .1010946172D+01
 SP   1 1.00
       .4310000000D-01   .1000000000D+01   .1000000000D+01
 SP   1 1.00
       .4940000000D+00   .1000000000D+01   .1000000000D+01
 D   3 1.00
       .9451000000D+01   .1219499145D-01
       .1887000000D+01   .3469497568D+00
       .8506000000D+00   .7071225043D+00
 D   1 1.00
       .3258000000D+00   .1000000000D+01
 D   1 1.00
       .1031000000D+00   .1000000000D+01
 D   1 1.00
       .6580000000D-01   .1000000000D+01
 F   2 1.00
       .2283160000D+01   .2446126749D+00
       .8187900000D+00   .8407837570D+00
 F   1 1.00
       .3506200000D+00   .1000000000D+01
 F   1 1.00
       .1501000000D+00   .1000000000D+01
 ****
 RU  0
 SP   4 1.00
       .5600000000D+02  -.2836999440D-02  -.3198001447D-02
       .4625000000D+01   .1891660626D+01  -.1037660470D+00
       .3793000000D+01  -.3431010322D+01  -.1275940577D+00
       .1367000000D+01   .2074445590D+01   .1146533519D+01
 SP   2 1.00
       .1528000000D+01  -.6903497953D-01  -.7298999210D-01
       .9673000000D-01   .1020342697D+01   .1008641891D+01
 SP   1 1.00
       .3636000000D-01   .1000000000D+01   .1000000000D+01
 SP   1 1.00
       .5183000000D+00   .1000000000D+01   .1000000000D+01
 D   3 1.00
       .1030000000D+02   .1196100946D-01
       .2044000000D+01   .3645752884D+00
       .8988000000D+00   .6943165493D+00
 D   1 1.00
       .3443000000D+00   .1000000000D+01
 D   1 1.00
       .1108000000D+00   .1000000000D+01
 D   1 1.00
       .7280000000D-01   .1000000000D+01
 F   2 1.00
       .2692440000D+01   .2446125669D+00
       .9655700000D+00   .8407833859D+00
 F   1 1.00
       .4134700000D+00   .1000000000D+01
 F   1 1.00
       .1770500000D+00   .1000000000D+01
 ****
 RH  0
 SP   4 1.00
       .5687000000D+02  -.3087000039D-02  -.3748001284D-02
       .5945000000D+01   .7005100088D+00  -.1477200506D-01
       .4078000000D+01  -.2160867027D+01  -.2689750921D+00
       .1547000000D+01   .2029434026D+01   .1193604409D+01
 SP   2 1.00
       .1894000000D+01  -.8170003180D-01  -.7109299894D-01
       .1179000000D+00   .1023308398D+01   .1008279985D+01
 SP   1 1.00
       .4219000000D-01   .1000000000D+01   .1000000000D+01
 SP   1 1.00
       .5963000000D+00   .1000000000D+01   .1000000000D+01
 D   3 1.00
       .1156000000D+02   .1351899574D-01
       .2240000000D+01   .3700808833D+00
       .1015000000D+01   .6849357840D+00
 D   1 1.00
       .3960000000D+00   .1000000000D+01
 D   1 1.00
       .1262000000D+00   .1000000000D+01
 D   1 1.00
       .5090000000D-02   .1000000000D+01
 F   2 1.00
       .3135440000D+01   .2446125626D+00
       .1124440000D+01   .8407833710D+00
 F   1 1.00
       .4815000000D+00   .1000000000D+01
 F   1 1.00
       .2061800000D+00   .1000000000D+01
 ****
 Pd  0
 SP   4 1.00
       .4182000000D+02  -.1652200395D-01  -.5555001476D-02
       .5460000000D+01   .2749478657D+01   .5677301508D-01
       .4600000000D+01  -.4457344065D+01  -.3886411032D+00
       .1752000000D+01   .2253933539D+01   .1231997327D+01
 SP   2 1.00
       .2177000000D+01  -.7502898988D-01  -.5617800424D-01
       .1149000000D+00   .1019048862D+01   .1005515076D+01
 SP   1 1.00
       .4219000000D-01   .1000000000D+01   .1000000000D+01
 SP   1 1.00
       .6691000000D+00   .1000000000D+01   .1000000000D+01
 D   3 1.00
       .1240000000D+02   .1375899448D-01
       .2404000000D+01   .3941208418D+00
       .1143000000D+01   .6559457368D+00
 D   1 1.00
       .4693000000D+00   .1000000000D+01
 D   1 1.00
       .1513000000D+00   .1000000000D+01
 D   1 1.00
       .6280000000D-02   .1000000000D+01
 F   2 1.00
       .3612170000D+01   .2446124739D+00
       .1295410000D+01   .8407830660D+00
 F   1 1.00
       .5547100000D+00   .1000000000D+01
 F   1 1.00
       .2375300000D+00   .1000000000D+01
 ****
 AG  0
 SP   4 1.00
       .6356000000D+02  -.7310000762D-03  -.4233999486D-02
       .6390000000D+01   .1392736145D+01   .6127599256D-01
       .5022000000D+01  -.2873102300D+01  -.3387459589D+00
       .1789000000D+01   .2017361210D+01   .1190831855D+01
 SP   2 1.00
       .2451000000D+01  -.7253898667D-01  -.4983001397D-01
       .1561000000D+00   .1021357812D+01   .1006516282D+01
 SP   1 1.00
       .5227000000D-01   .1000000000D+01   .1000000000D+01
 SP   1 1.00
       .6871000000D+00   .1000000000D+01   .1000000000D+01
 D   3 1.00
       .1464000000D+02   .1362800547D-01
       .2693000000D+01   .3726951495D+00
       .1233000000D+01   .6812942732D+00
 D   1 1.00
       .5057000000D+00   .1000000000D+01
 D   1 1.00
       .1900000000D+00   .1000000000D+01
 D   1 1.00
       .8660000000D-01   .1000000000D+01
 F   2 1.00
       .4122600000D+01   .2446117018D+00
       .1478500000D+01   .8407804121D+00
 F   1 1.00
       .6331000000D+00   .1000000000D+01
 F   1 1.00
       .2711000000D+00   .1000000000D+01
 ****


Y   0
Y-ECP    3   28
f potential         
 1
1          3.13323000       -3.70827000
s-f potential       
 3
0          0.74734000        3.52458000
2          2.11046000     -115.67795000
2          2.37431000      141.66551000
p-f potential       
 3
0          0.82924000        3.45319000
2          1.92973000      -67.46192000
2          2.20379000       85.09453000
d-f potential       
 2
0          9.36770000        2.29590000
2          2.83038000       20.62182000
ZR  0
ZR-ECP   3   28
f potential         
 1
1          4.31441000       -6.11923000
s-f potential       
 3
0          0.93035000        4.57031000
2          2.33003000     -112.55854000
2          2.66632000      139.02972000
p-f potential       
 3
0          0.97753000        4.04524000
2          2.14998000      -66.64768000
2          2.50892000       86.37034000
d-f potential       
 2
0         16.57598000        5.64085000
2          3.32079000       26.66093000
NB  0
NB-ECP   3   28
f potential         
 1
1          4.64198000       -5.81695000
s-f potential       
 3
0          1.07339000        4.99937000
2          2.51174000     -100.17856000
2          2.93940000      127.21570000
p-f potential       
 3
0          0.99626000        3.64794000
2          2.28020000      -62.17437000
2          2.73360000       85.80845000
d-f potential       
 2
0         10.48803000        2.77206000
2          3.64266000       29.05246000
MO  0
MO-ECP   3   28
f potential         
 1
1          5.62507000       -7.23009000
s-f potential       
 3
0          1.01907000        3.83695000
2          2.68386000      -90.19151000
2          3.27945000      129.35214000
p-f potential       
 3
0          1.10957000        3.83295000
2          2.49708000      -62.98231000
2          3.04740000       89.77478000
d-f potential       
 2
0          9.70400000        2.73486000
2          4.03098000       32.53231000
TC  0
TC-ECP   3   28
f potential         
 1
1          6.26067000       -7.54356000
s-f potential       
 3
0          1.17731000        4.31377000
2          2.86418000      -80.61847000
2          3.61432000      120.82547000
p-f potential       
 3
0          1.08449000        3.38952000
2          2.59907000      -57.06568000
2          3.30452000       89.03016000
d-f potential       
 2
0         11.62092000        2.86365000
2          4.45900000       37.18014000
RU  0
RU-ECP   3   28
f potential         
 1
1          6.98304000       -7.98448000
s-f potential       
 3
0          1.29393000        4.82384000
2          3.04871000      -81.31936000
2          3.87163000      124.36917000
p-f potential       
 3
0          1.20273000        3.86590000
2          2.82303000      -72.15048000
2          3.48391000      103.67006000
d-f potential       
 2
0         14.33743000        3.21083000
2          4.90003000       42.07321000
RH  0
RH-ECP   3   28
f potential         
 1
1          7.64968000       -8.13225000
s-f potential       
 3
0          1.33777000        5.20773000
2          2.95308000      -50.06846000
2          4.39131000       90.36859000
p-f potential       
 3
0          1.19468000        3.85874000
2          2.92434000      -72.74348000
2          3.67503000      106.11615000
d-f potential       
 2
0         17.89248000        3.34825000
2          5.34874000       47.13883000
PD  0
PD-ECP   3   28
f potential         
 1
1          8.34327000       -8.33466000
s-f potential       
 3
0          1.21315000        3.97809000
2          4.03301000      218.99250000
2          3.45772000     -168.44404000
p-f potential       
 3
0          1.45607000        4.14021000
2          4.05510000      108.32601000
2          3.21616000      -72.83147000
d-f potential       
 2
0         19.54477000        3.30611000
2          5.84664000       52.78802000
AG  0
AG-ECP   3   28
f potential         
 1
1          9.01696000       -8.44669000
s-f potential       
 3
0          1.51740000        6.20634000
2          3.23088000      -56.82624000
2          4.82747000       92.40173000
p-f potential       
 3
0          1.21699000        3.75637000
2          3.18615000      -80.95335000
2          4.05349000      118.86801000
d-f potential       
 2
0         22.94020000        3.40895000
2          6.26627000       57.10513000
