basis &quot;Cr_m6-31G&quot; CARTESIAN
  Cr   S
     51789.810000000      0.00177618
      7776.849000000      0.01360476
      1771.385000000      0.06706925
       499.158800000      0.23231040
       159.798200000      0.48024100
        54.470210000      0.34876530
  Cr  SP
      1064.328000000      0.00239967      0.00398700
       253.213800000      0.03194886      0.03104662
        81.609240000      0.12508680      0.13505180
        30.481930000     -0.03221866      0.34488650
        12.294390000     -0.61722840      0.46285710
         5.037722000     -0.45259360      0.21104260
  Cr  SP
        41.562910000     -0.00345422     -0.00672250
        13.676270000      0.07218428     -0.02806471
         5.844390000      0.25448200      0.05820028
         2.471609000     -0.29345340      0.39169880
         1.028308000     -0.73854550      0.50478230
         0.407250000     -0.19471570      0.17902900
  Cr  SP
         1.571464000      0.05892219     -0.19301000
         0.605580000      0.29760550      0.09605620
         0.098561000     -1.14750600      0.98176090
  Cr  SP
         0.036459000      1.00000000      1.00000000
  Cr   D
        13.5367472123     0.1119134766
         3.4401597836     0.4307135301
         0.9443297182     0.6725709357
  Cr   D
         0.2197057097     1.00000000
end
