h   0  
S     1     1.00                              
 0.0691785  1.0
P     1     1.00
 0.105825  1.0
D     1     1.00
 0.206304  1.0
F     1     1.00
 0.35913   1.0
G     1     1.00
 0.604586  1.0
H     1     1.00
 0.845336  1.0
I     1     1.00
 1.16583   1.0
****
he   0  
S     1     1.00                           
 0.148224  1.0
P     1     1.00                           
 0.29629   1.0
D     1     1.00
 0.474892  1.0
F     1     1.00
 0.691196  1.0
G     1     1.00
 1.03392   1.0
H     1     1.00
 1.43000   1.0
I     1     1.00
 2.59399   1.0
****
b   0  
S     1     1.00
 0.0508502  1.0
P     1     1.00
 0.0669553  1.0
D     1     1.00
 0.0555561  1.0
F     1     1.00
 0.0720837  1.0
G     1     1.00
 0.116737  1.0
H     1     1.00
 0.242555  1.0
I     1     1.00
 0.346063  1.0
K     1     1.00
 0.641524  1.0
****
c   0  
S     1     1.00                              
 0.0703308  1.0
P     1     1.00                             
 0.0812994  1.0
D     1     1.00                            
 0.0736652  1.0
F     1     1.00
 0.122113  1.0
G     1     1.00
 0.193209  1.0
H     1     1.00
 0.383145  1.0
I     1     1.00
 0.639485  1.0
K     1     1.00
 0.989427  1.0
****
n   0  
S     1     1.00                           
 0.0923591  1.0
P     1     1.00                           
 0.106583  1.0
D     1     1.00                           
 0.101751  1.0
F     1     1.00
 0.20967   1.0
G     1     1.00
 0.29013   1.0
H     1     1.00
 0.536158  1.0
I     1     1.00
 0.845763  1.0
K     1     1.00
 1.40219   1.0
****
o   0  
S     1     1.00                              
 0.109832  1.0
P     1     1.00                              
 0.13761   1.0
D     1     1.00                              
 0.100408  1.0
F     1     1.00
 0.21063   1.0
G     1     1.00
 0.318151  1.0
H     1     1.00
 0.623054  1.0
I     1     1.00
 1.03965   1.0
K     1     1.00
 1.76995   1.0
****
f   0  
S     1     1.00                               
 0.129081  1.0
P     1     1.00                               
 0.178147  1.0
D     1     1.00                               
 0.123414  1.0
F     1     1.00
 0.280431  1.0
G     1     1.00
 0.45491   1.0
H     1     1.00
 0.806678  1.0
I     1     1.00
 1.40157   1.0
K     1     1.00
 2.30244   1.0
****
ne   0  
S     1     1.00                            
 0.182716  1.0
P     1     1.00                            
 0.211619  1.0
D     1     1.00                            
 0.253125  1.0
F     1     1.00
 0.415127  1.0
G     1     1.00
 0.636572  1.0
H     1     1.00
 1.05801   1.0
I     1     1.00
 1.80087   1.0
K     1     1.00
 2.94994   1.0
****
al   0  
S     1     1.00
 0.0270484  1.0
P     1     1.00
 0.0355123  1.0
D     1     1.00
 0.0432914  1.0
F     1     1.00
 0.0542597  1.0
G     1     1.00
 0.0820111  1.0
H     1     1.00
 0.150499  1.0
I     1     1.00
 0.224118  1.0
K     1     1.00
 0.380337  1.0
****
si   0  
S     1     1.00
 0.0372869  1.0
P     1     1.00
 0.0445953  1.0
D     1     1.00
 0.0521037  1.0
F     1     1.00
 0.0768723  1.0
G     1     1.00
 0.112994  1.0
H     1     1.00
 0.190192  1.0
I     1     1.00
 0.324786  1.0
K     1     1.00
 0.569667  1.0
****
p   0  
S     1     1.00
 0.0509333  1.0
P     1     1.00
 0.0586717  1.0
D     1     1.00
 0.0669157  1.0
F     1     1.00
 0.107806  1.0
G     1     1.00
 0.140395  1.0
H     1     1.00
 0.239405  1.0
I     1     1.00
 0.400381  1.0
K     1     1.00
 0.687652  1.0
****
s   0  
S     1     1.00
 0.058559  1.0
P     1     1.00
 0.0903698  1.0
D     1     1.00
 0.078147  1.0
F     1     1.00
 0.133508  1.0
G     1     1.00
 0.176191  1.0
H     1     1.00
 0.283363  1.0
I     1     1.00
 0.490215  1.0
K     1     1.00
 0.841914  1.0
****
cl   0  
S     1     1.00
 0.071396  1.0
P     1     1.00
 0.104999  1.0
D     1     1.00
 0.0847585  1.0
F     1     1.00
 0.175544  1.0
G     1     1.00
 0.233405  1.0
H     1     1.00
 0.357788  1.0
I     1     1.00
 0.614143  1.0
K     1     1.00
 1.09806   1.0
****
ar   0  
S     1     1.00
 0.0866461  1.0
P     1     1.00
 0.140312  1.0
D     1     1.00
 0.108652  1.0
F     1     1.00
 0.203782  1.0
G     1     1.00
 0.260828  1.0
H     1     1.00
 0.445638  1.0
I     1     1.00
 0.792785  1.0
K     1     1.00
 1.38993   1.0
****
