
 BASIS &quot;aobasis&quot; print
 Hf  S
       127.7480000  -0.0002650   0.0000500  -0.0002150  -0.0002050  -0.0004360  -0.0065390
        79.4716000   0.0018600  -0.0004020   0.0013270   0.0006500   0.0017770   0.0330230
        45.4455000  -0.0136810   0.0034560  -0.0082810   0.0023510  -0.0015150  -0.1319560
        28.3815000   0.0789220  -0.0219560   0.0437050  -0.0394250  -0.0327300   0.3965380
        17.7268000  -0.3294260   0.0967560  -0.1784800   0.2197680   0.2228950  -1.0136420
        11.0709000   0.7341460  -0.2227620   0.4054010  -0.5440250  -0.5723910   1.9458380
         6.8945900  -0.4835410   0.1511500  -0.2886660   0.3558480   0.3439330  -1.7872130
         3.5486400  -0.5526670   0.1802400  -0.2809590   0.6157690   0.7814050   0.2408740
         1.9669700  -0.0048260   0.0081550  -0.1238970  -0.0435280   0.4626060  -4.1101300
         1.1896700   0.4295130  -0.1681520   0.5064930  -0.6285800  -2.7820660  17.4671040
         0.7225180   0.5705330  -0.2613930   0.4808970  -2.6644980  -3.1216790 -23.3039300
         0.4164450   0.3115260  -0.2841200   0.9248080   2.6677750  11.6688260  11.9257810
         0.2308050   0.0487760  -0.0039800  -1.6613720   2.2901390  -9.7036820   1.7063660
         0.1037990   0.0014650   0.4690960  -1.1516350  -3.5999040   1.9065390  -7.7578540
         0.0497170  -0.0014370   0.5811820   1.2281220   0.6097060   2.4988180   7.2322400
 Hf  S
         0.0237700   1.0000000
 Hf  P
        41.4467000  -0.0006080   0.0001310   0.0001550   0.0003500   0.0007800   0.0161090
        25.8855000   0.0072100  -0.0017860  -0.0024110  -0.0047590  -0.0084450  -0.0774960
        16.1691000  -0.0505390   0.0134610   0.0190800   0.0361480   0.0588600   0.1644930
        10.1016000   0.1824760  -0.0503600  -0.0723590  -0.1366730  -0.2212050  -0.1561020
         6.3107100  -0.2021880   0.0574720   0.0825170   0.1591460   0.2683550   0.2459260
         3.8365300  -0.1667920   0.0470140   0.0694090   0.1281270   0.2077140  -0.9029180
         1.3993200   0.3020540  -0.0929890  -0.1384910  -0.2677180  -0.7711390   3.4050860
         0.7676080   0.4675860  -0.1678660  -0.2388510  -0.7965620  -1.4253890  -3.5255490
         0.4115580   0.3223530  -0.1546010  -0.2696350   0.1238840   3.4737140  -0.6189970
         0.2111180   0.0902090   0.0749170   0.2559880   1.6212470  -1.5709620   3.9159700
         0.0981670   0.0082420   0.4278670   0.7089890  -0.5567550  -1.1457100  -3.9242830
         0.0453820   0.0010090   0.4997790   0.2477470  -0.6691030   1.2510060   1.8289550
 Hf  P
         0.0206860   1.0000000
 Hf  D
        35.5394000   0.0000430  -0.0000150  -0.0000920   0.0004280   0.0002690
        15.2305000  -0.0006500   0.0005190  -0.0000270  -0.0016930  -0.0026550
         7.7746700   0.0123910  -0.0136520   0.0172170  -0.0180860   0.0489690
         4.3736500  -0.0563170   0.0657540  -0.0933910   0.1212750  -0.2528270
         1.4161700   0.0928900  -0.1206020   0.2127460  -0.3064630   1.3918810
         0.8379100   0.1799400  -0.2424530   0.4655750  -1.0395480  -0.1414450
         0.4656750   0.2783780  -0.3683650   0.2673850   1.1482350  -2.6895820
         0.2397700   0.3177230  -0.1005520  -0.8332010   0.8681360   3.1243230
         0.1177200   0.2618220   0.4226440  -0.4285520  -1.6557700  -1.3526590
         0.0557830   0.1262830   0.4761400   0.6530410   0.4445940  -0.4206500
 Hf  D
         0.0251140   1.0000000
 Hf  F
         1.0807000   1.0000000
 Hf  F
         0.4600000   1.0000000
 Hf  F
         0.1958000   1.0000000
 Hf  F
         0.0834000   1.0000000
 Hf  G
         1.0998000   1.0000000
 Hf  G
         0.4175000   1.0000000
 Hf  G
         0.1585000   1.0000000
 Hf  H
         0.7694000   1.0000000
 Hf  H
         0.2781000   1.0000000
 Hf  I
         0.5042000   1.0000000
 Ta  S
       127.8860000  -0.0002790   0.0000430   0.0001110   0.0000000   0.0002870  -0.0027560
        79.6219000   0.0020770  -0.0004060  -0.0008820  -0.0004300  -0.0019250   0.0149860
        47.3560000  -0.0127990   0.0030990   0.0059160   0.0057360   0.0108510  -0.0565160
        28.9849000   0.0750180  -0.0209290  -0.0375850  -0.0481540  -0.0629920   0.1974660
        18.1009000  -0.3238420   0.0970320   0.1716390   0.2439050   0.2830470  -0.6383540
        11.3049000   0.7427980  -0.2315270  -0.4111500  -0.6085090  -0.6835000   1.3988440
         7.0610300  -0.4963610   0.1598630   0.2909600   0.4282320   0.4757520  -1.1057190
         3.7219500  -0.5605560   0.1896500   0.3268680   0.5955070   0.6263640  -1.1405960
         1.9676200  -0.0147580   0.0113860   0.0945570   0.1293500   1.1666760  -1.0047480
         1.2207300   0.5206740  -0.2125120  -0.5424690  -1.4441160  -5.1480010  13.1447220
         0.7094640   0.5800160  -0.3065440  -0.7913220  -1.9042060   1.1355430 -22.4925640
         0.4076670   0.2439380  -0.2409180  -0.4190270   3.2780850   8.3573620  15.8588450
         0.2308530   0.0336160   0.0388600   1.6532500   1.4056750  -9.1380100  -1.4127320
         0.1124470   0.0003250   0.4628580   0.8989830  -3.3379110   2.0396930  -6.8494450
         0.0540990  -0.0021700   0.5752370  -1.1280310   0.4211850   2.6709700   6.6999900
 Ta  S
         0.0255890   1.0000000
 Ta  P
        43.0864000  -0.0004490   0.0000830   0.0000770   0.0000670   0.0003680  -0.0160570
        26.2162000   0.0063050  -0.0015370  -0.0020600  -0.0032700  -0.0066880   0.0835870
        16.3747000  -0.0481970   0.0131640   0.0191860   0.0334630   0.0591060  -0.1864780
        10.2287000   0.1858860  -0.0532870  -0.0793420  -0.1429680  -0.2496690   0.1749990
         6.3885600  -0.2230500   0.0661500   0.0985250   0.1813390   0.3312620  -0.2492200
         3.8820000  -0.1621140   0.0478650   0.0742280   0.1407050   0.2476020   1.0920380
         1.5402200   0.2784190  -0.0900430  -0.1412360  -0.2905920  -0.9737180  -4.3225400
         0.8635440   0.4672790  -0.1758890  -0.2634310  -0.8314340  -1.4213200   5.0941140
         0.4684760   0.3385310  -0.1625120  -0.2924470   0.1378480   3.7940630  -0.7633390
         0.2433510   0.1034880   0.0661390   0.2763780   1.6015330  -1.9375430  -3.1723950
         0.1126670   0.0106060   0.4193780   0.7169410  -0.5297110  -0.8955520   3.7036060
         0.0514670   0.0008630   0.5076320   0.2347510  -0.6839160   1.1723800  -1.9021510
 Ta  P
         0.0230550   1.0000000
 Ta  D
        35.5553000   0.0000650  -0.0000160   0.0001760   0.0002380  -0.0007060
        15.2541000  -0.0010070   0.0007520  -0.0002270  -0.0002990   0.0029160
         8.0507000   0.0153940  -0.0166650  -0.0202980  -0.0280330   0.0395360
         4.4858200  -0.0687140   0.0802890   0.1162780   0.1647140  -0.2900840
         1.4699000   0.1230910  -0.1644500  -0.3271600  -0.6247180   2.0927720
         0.8349400   0.2263780  -0.3216390  -0.5766580  -0.7857680  -1.9799750
         0.4639940   0.2926730  -0.3388870   0.0876950   1.7880720  -1.1050630
         0.2489180   0.2921500   0.0565710   0.9151310  -0.0459510   3.0756320
         0.1289160   0.2162180   0.4638630   0.1294610  -1.4392400  -2.0821770
         0.0644250   0.0968860   0.4026440  -0.6372310   0.5965670   0.0657740
 Ta  D
         0.0302690   1.0000000
 Ta  F
         1.2045000   1.0000000
 Ta  F
         0.5361000   1.0000000
 Ta  F
         0.2386000   1.0000000
 Ta  F
         0.1062000   1.0000000
 Ta  G
         1.3234000   1.0000000
 Ta  G
         0.5163000   1.0000000
 Ta  G
         0.2015000   1.0000000
 Ta  H
         0.9779000   1.0000000
 Ta  H
         0.3503000   1.0000000
 Ta  I
         0.6496000   1.0000000
 W   S
       128.0210000  -0.0002130   0.0000210   0.0000550  -0.0000800  -0.0002200   0.0007620
        79.7690000   0.0018130  -0.0003040  -0.0006130  -0.0000040   0.0007930  -0.0035880
        48.5622000  -0.0116240   0.0027070   0.0049100   0.0042400   0.0015110   0.0057020
        30.1989000   0.0676740  -0.0189610  -0.0332520  -0.0425880  -0.0366030   0.0367400
        18.8517000  -0.2999560   0.0915990   0.1602240   0.2317290   0.2256000  -0.3171300
        11.7614000   0.7046350  -0.2249730  -0.3963830  -0.6006620  -0.5949330   0.9032690
         7.3298200  -0.4663690   0.1546610   0.2773410   0.4229970   0.3658040  -0.5068010
         3.8767000  -0.5914920   0.2055560   0.3628200   0.6727400   0.8681320  -2.1985630
         1.9492700   0.0262780  -0.0039980   0.0727200   0.0054660   0.7539980   2.3663650
         1.2144400   0.5868220  -0.2574660  -0.6834100  -1.8784650  -5.9039300   8.8286120
         0.7063900   0.5430650  -0.3084040  -0.8141440  -1.2199100   3.9582880 -21.9615460
         0.4094330   0.2037330  -0.2150450  -0.1123420   3.6264850   5.5054530  19.5076120
         0.2304240   0.0245590   0.0978160   1.7087150   0.4866040  -8.3495450  -5.6066650
         0.1120740  -0.0009150   0.4934530   0.5925350  -3.0611230   2.6769820  -4.4225920
         0.0545930  -0.0027140   0.5309830  -1.0797410   0.5984560   2.1562470   5.8539150
 W   S
         0.0262100   1.0000000
 W   P
        44.8241000  -0.0005630   0.0001090   0.0001430   0.0002040  -0.0018840  -0.0085310
        27.9957000   0.0069070  -0.0016630  -0.0025570  -0.0041800   0.0047740   0.0375330
        17.4892000  -0.0501680   0.0133690   0.0216370   0.0372120   0.0293600  -0.0444050
        10.9261000   0.1877100  -0.0523560  -0.0859840  -0.1517130  -0.1962880  -0.1250940
         6.8251900  -0.2162930   0.0624070   0.1027430   0.1848990   0.2458850   0.1837830
         4.1815300  -0.1695920   0.0487380   0.0819860   0.1538090   0.3544620   0.7029870
         1.5635300   0.3171370  -0.1011590  -0.1723800  -0.3828860  -1.4928090  -4.5650170
         0.8689660   0.4788210  -0.1802800  -0.3159660  -0.9138870  -0.4962540   6.7760870
         0.4668820   0.3119830  -0.1366360  -0.2428930   0.6158340   3.4838900  -3.4821490
         0.2376200   0.0805190   0.0929390   0.4141700   1.3591900  -2.5860700  -1.0709860
         0.1124500   0.0067540   0.4060920   0.6618400  -0.7719430  -0.1732890   2.8960140
         0.0520670   0.0009720   0.4865210   0.1647600  -0.5298450   0.9394390  -1.7956980
 W   P
         0.0236130   1.0000000
 W   D
        35.6782000   0.0000810  -0.0000100  -0.0000750  -0.0000950   0.0039060
        15.4233000  -0.0023430   0.0020700  -0.0022060  -0.0028040  -0.0236200
         9.2438500   0.0200330  -0.0223950   0.0308890   0.0418880   0.0010010
         5.0371500  -0.0776750   0.0942650  -0.1414110  -0.2028010   0.2566630
         1.5468100   0.1491040  -0.2158830   0.4576300   0.9977590  -2.4481050
         0.8422000   0.2700130  -0.4052730   0.6275750   0.1418660   3.6625230
         0.4583880   0.3094120  -0.2654230  -0.5604170  -2.0303660  -1.4539920
         0.2475420   0.2705130   0.2303150  -0.8192870   1.2349000  -1.5880280
         0.1305440   0.1768770   0.4908810   0.2636160   0.7676510   2.2358110
         0.0662290   0.0662320   0.2989000   0.5844690  -0.7799460  -0.7062180
 W   D
         0.0313960   1.0000000
 W   F
         1.3495000   1.0000000
 W   F
         0.6187000   1.0000000
 W   F
         0.2836000   1.0000000
 W   F
         0.1300000   1.0000000
 W   G
         1.5406000   1.0000000
 W   G
         0.6162000   1.0000000
 W   G
         0.2465000   1.0000000
 W   H
         1.1714000   1.0000000
 W   H
         0.4222000   1.0000000
 W   I
         0.8048000   1.0000000
 Re  S
       202.7120000  -0.0000180   0.0000000   0.0000180  -0.0000310   0.0002350   0.0034650
        83.1287000   0.0008080  -0.0001630  -0.0005500   0.0008940  -0.0032670  -0.0537890
        51.6714000  -0.0070970   0.0018440   0.0042800  -0.0067490   0.0109550   0.2267930
        32.2470000   0.0479820  -0.0144650  -0.0276130   0.0434530  -0.0003660  -0.5545730
        20.1306000  -0.2305260   0.0746010   0.1340070  -0.2145210  -0.1431730   0.8903070
        12.5747000   0.5362550  -0.1808000  -0.3229860   0.5288540   0.4397380  -1.0481350
         7.3845200  -0.3065170   0.1099330   0.2097760  -0.3532480  -0.1194760   2.4122880
         4.1728600  -0.6272000   0.2250530   0.3620910  -0.6775470  -1.3118760  -7.5736620
         2.6071100  -0.0086210   0.0049640   0.0961150  -0.1518750  -0.1557260   8.1469280
         1.2876400   0.6405810  -0.2913340  -0.7498160   2.4519750   6.5286810   2.9438290
         0.7176620   0.5579870  -0.3384660  -0.8648990   0.4384750  -7.6129680 -17.3320220
         0.4005670   0.1652750  -0.1805940   0.1811020  -4.0072560  -1.2325140  23.0838870
         0.2323290   0.0172950   0.1402910   1.6121400   0.6936150   7.2714920 -13.5879670
         0.1127560   0.0025800   0.5017990   0.4387040   2.7050750  -4.1794340   1.0859110
         0.0551780   0.0002910   0.5030990  -1.0489500  -0.8795670  -0.5759050   3.3164740
 Re  S
         0.0266950   1.0000000
 Re  P
        47.9533000  -0.0002760   0.0000660   0.0000970  -0.0000210   0.0044250   0.0095020
        29.9457000   0.0040490  -0.0011030  -0.0017690   0.0022630  -0.0194640  -0.0541850
        18.7024000  -0.0333890   0.0097100   0.0159300  -0.0256330   0.0222630   0.1976230
        11.6818000   0.1349390  -0.0407390  -0.0672890   0.1152090   0.0693960  -0.5605200
         7.2963600  -0.1401110   0.0446200   0.0740170  -0.1268210  -0.0499830   0.7615590
         4.5317300  -0.2024650   0.0607640   0.1009150  -0.1981360  -0.5122240   0.2039630
         1.6000200   0.3485480  -0.1211460  -0.2052230   0.5068520   2.0349300  -4.6023340
         0.8859210   0.4802570  -0.1957700  -0.3536700   0.9103290  -0.5892110   8.0439570
         0.4730370   0.2920020  -0.1230670  -0.1740060  -1.0009770  -2.7862130  -5.8869540
         0.2358480   0.0674260   0.1476650   0.5158270  -1.0597320   2.8600090   1.2584620
         0.1111810   0.0045690   0.4461360   0.5958240   0.9144500  -0.4498560   1.5587300
         0.0515630   0.0010030   0.4517640   0.1163270   0.3787070  -0.6745750  -1.4244990
 Re  P
         0.0235420   1.0000000
 Re  D
        35.7309000   0.0000990  -0.0000910   0.0001730   0.0006500  -0.0019430
        16.0515000  -0.0015020   0.0014570  -0.0003060  -0.0067020   0.0120540
         9.9659100   0.0122100  -0.0130710  -0.0147100   0.0371030   0.0105860
         5.0281700  -0.0671390   0.0758260   0.1185220  -0.1942700  -0.2881360
         1.7427600   0.1216760  -0.1508580  -0.3719350   0.7473670   2.5644120
         1.0452000   0.2158010  -0.3139560  -0.5457170   0.8063190  -2.7590000
         0.6077840   0.2894700  -0.3290430   0.0674260  -1.9285380  -0.6513700
         0.3294000   0.2946000   0.0602180   0.8900820   0.1008470   2.7968950
         0.1679870   0.2175370   0.4784460   0.1737840   1.3672990  -1.8294110
         0.0816530   0.1022850   0.4104690  -0.6452820  -0.5654600  -0.0374110
 Re  D
         0.0372670   1.0000000
 Re  F
         1.4757000   1.0000000
 Re  F
         0.6895000   1.0000000
 Re  F
         0.3222000   1.0000000
 Re  F
         0.1505000   1.0000000
 Re  G
         1.7301000   1.0000000
 Re  G
         0.7095000   1.0000000
 Re  G
         0.2909000   1.0000000
 Re  H
         1.3434000   1.0000000
 Re  H
         0.5023000   1.0000000
 Re  I
         1.0694000   1.0000000
 Os  S
       227.2160000  -0.0000080  -0.0000010   0.0000110   0.0000570   0.0003020   0.0022710
        88.9180000   0.0006500  -0.0001530  -0.0004860  -0.0005270  -0.0046580  -0.0383040
        55.3980000  -0.0057630   0.0016120   0.0038370  -0.0002760   0.0171120   0.1614460
        34.5047000   0.0395840  -0.0123980  -0.0252950   0.0237580  -0.0161720  -0.3854960
        21.5498000  -0.1899940   0.0631760   0.1232880  -0.1612420  -0.1164320   0.5500720
        13.3429000   0.4393550  -0.1520640  -0.2967180   0.4238590   0.4081330  -0.5047640
         7.2939800  -0.2162190   0.0829460   0.1764350  -0.2128580   0.1057120   2.4002110
         4.4707900  -0.6369810   0.2314950   0.4257760  -0.8411380  -2.0385030  -8.2280540
         2.5034400  -0.0856790   0.0334930   0.1812150  -0.3547180  -0.1832490  11.7973900
         1.5041300   0.5520460  -0.2523020  -0.7732490   2.5012250   8.8048900  -0.0520600
         0.8808490   0.5880240  -0.3237270  -0.9496670   1.5206040 -10.0151690 -19.9171480
         0.5112780   0.2614560  -0.2363270  -0.0491560  -4.7077430  -0.2302100  25.5954690
         0.2785370   0.0386370   0.0729300   1.7480150   0.5173180   7.0274320 -15.0580250
         0.1317160   0.0025830   0.4772580   0.4745020   2.8011500  -4.7555670   3.5673590
         0.0626290   0.0009850   0.5415620  -1.0206450  -1.0530940   0.3846600   1.5404740
 Os  S
         0.0295780   1.0000000
 Os  P
        50.5874000  -0.0001780   0.0000520   0.0000480   0.0004710   0.0058520   0.0287000
        31.5906000   0.0031850  -0.0009170  -0.0014300  -0.0005060  -0.0273330  -0.1526390
        19.7305000  -0.0284180   0.0083100   0.0145560  -0.0165620   0.0473740   0.4666400
        12.3248000   0.1191540  -0.0357720  -0.0644830   0.0954490   0.0133890  -1.0736960
         7.6982400  -0.1170170   0.0376310   0.0678250  -0.0949800   0.0414600   1.4665880
         4.7632200  -0.2175890   0.0635160   0.1188800  -0.2453950  -0.6358230  -0.3475880
         1.6802200   0.3609010  -0.1247100  -0.2396480   0.6373810   2.5600610  -4.4515830
         0.9331860   0.4826620  -0.1901510  -0.3999740   0.8797360  -1.6019820   8.6243800
         0.4989040   0.2839670  -0.1125450  -0.1150490  -1.2780900  -2.0350280  -7.2754890
         0.2484490   0.0632460   0.1468150   0.5925270  -0.7832380   2.8242020   2.7515100
         0.1156230   0.0042670   0.4354470   0.5415260   0.9608010  -0.7670580   0.5647000
         0.0529260   0.0008460   0.4550710   0.0798220   0.2828430  -0.5063300  -1.0633800
 Os  P
         0.0238640   1.0000000
 Os  D
        34.7251000   0.0001770  -0.0002550  -0.0003770   0.0030890   0.0092970
        18.4921000  -0.0014600   0.0018950   0.0026750  -0.0175070  -0.0443470
        11.5470000   0.0090810  -0.0109550  -0.0165250   0.0492840   0.0482340
         5.3023800  -0.0626140   0.0761900   0.1264650  -0.2305210   0.2227540
         1.8076600   0.1422720  -0.1919640  -0.4975880   1.2697920  -3.0458800
         1.0508200   0.2494720  -0.4022390  -0.6159520  -0.0744860   4.8903840
         0.5992150   0.2973920  -0.2705850   0.5117290  -2.0270440  -2.3993660
         0.3269350   0.2744110   0.2026700   0.8300070   1.1913850  -1.0524210
         0.1699930   0.1905300   0.4974950  -0.1728380   0.7435960   1.8297370
         0.0845740   0.0850110   0.3210020  -0.5995710  -0.6930140  -0.4714890
 Os  D
         0.0394930   1.0000000
 Os  F
         1.6402000   1.0000000
 Os  F
         0.7838000   1.0000000
 Os  F
         0.3746000   1.0000000
 Os  F
         0.1790000   1.0000000
 Os  G
         1.9370000   1.0000000
 Os  G
         0.8085000   1.0000000
 Os  G
         0.3375000   1.0000000
 Os  H
         1.5067000   1.0000000
 Os  H
         0.5777000   1.0000000
 Os  I
         1.2206000   1.0000000
 Ir  S
       361.1680000   0.0000040  -0.0000030  -0.0000120  -0.0000430   0.0001580   0.0008230
        95.8674000   0.0004220  -0.0001010   0.0000220   0.0009120  -0.0045610  -0.0264250
        59.8527000  -0.0040300   0.0011370   0.0011840  -0.0024220   0.0190690   0.1204600
        36.8252000   0.0307260  -0.0097400  -0.0162530  -0.0123750  -0.0278300  -0.3013830
        23.0133000  -0.1493440   0.0502470   0.0943350   0.1191320  -0.0770850   0.4065180
        13.6810000   0.3885650  -0.1366010  -0.2669410  -0.3734900   0.3776980  -0.3126660
         7.2456100  -0.2202300   0.0874040   0.1671060   0.1842790   0.2467920   2.5994090
         4.5281600  -0.6578940   0.2420290   0.5184990   0.9847650  -2.9518890 -10.1706390
         2.4987800  -0.0279080   0.0058910   0.0818770   0.3903310   1.7915660  19.6716040
         1.5530900   0.5449680  -0.2514300  -0.7655880  -3.3148990   8.4440360 -12.5903850
         0.9423020   0.5678570  -0.3171260  -1.1753020  -0.6367640 -12.7502280  -9.0398800
         0.5460880   0.2781940  -0.2305500   0.4390200   4.7062010   3.6778990  18.1973900
         0.2707930   0.0345870   0.0921320   1.6679210  -1.2718210   4.6672140 -13.0305380
         0.1347530   0.0006840   0.4742620   0.1623000  -2.2196150  -4.5177760   5.0367020
         0.0645530   0.0017070   0.5251200  -0.9114440   1.0516060   0.5860350   0.6544030
 Ir  S
         0.0305960   1.0000000
 Ir  P
        53.1489000  -0.0001030   0.0000390  -0.0000300  -0.0011260   0.0046160   0.0465730
        33.1807000   0.0025820  -0.0008160  -0.0010390   0.0040110  -0.0212600  -0.2446060
        20.7203000  -0.0250280   0.0077660   0.0137040   0.0061050   0.0324680   0.7206110
        12.9411000   0.1092320  -0.0345780  -0.0653110  -0.0757750   0.0409210  -1.5722170
         8.0825100  -0.1054160   0.0360390   0.0677430   0.0665900   0.0091310   2.1856100
         4.9702700  -0.2259200   0.0691030   0.1416070   0.2985190  -0.6754230  -0.9564670
         1.7771000   0.3652150  -0.1335600  -0.2919340  -0.8076210   3.0768790  -4.1001950
         0.9950100   0.4810560  -0.1988110  -0.4527000  -0.7711620  -2.6418560   8.7850890
         0.5365460   0.2820320  -0.1141680  -0.0364810   1.4513640  -1.2075110  -8.0886650
         0.2710670   0.0645840   0.1535450   0.6228330   0.5601930   2.5945410   3.5879200
         0.1272520   0.0048890   0.4405510   0.4918100  -0.9311020  -0.8176030   0.1045200
         0.0586070   0.0007820   0.4502280   0.0711760  -0.2665940  -0.4631340  -0.8912610
 Ir  P
         0.0264540   1.0000000
 Ir  D
        43.8130000   0.0001190  -0.0001920   0.0006010   0.0019920   0.0066070
        19.8991000  -0.0011270   0.0016040  -0.0044620  -0.0144700  -0.0416800
        12.4262000   0.0081710  -0.0098070   0.0187110   0.0443120   0.0540540
         5.6402700  -0.0616520   0.0722610  -0.1203430  -0.2210940   0.1831770
         1.8794500   0.1618800  -0.2126390   0.5070940   1.3855020  -2.8487810
         1.0692500   0.2756330  -0.4143280   0.5686510  -0.4492360   4.7681860
         0.5995540   0.3042190  -0.2072930  -0.5572300  -1.6111680  -2.6811700
         0.3259080   0.2590940   0.2166400  -0.7057520   1.0072380  -0.6021470
         0.1707020   0.1672860   0.4503280   0.0897640   0.7000400   1.4415890
         0.0861840   0.0688650   0.3260470   0.5713880  -0.5103520  -0.1580950
 Ir  D
         0.0410370   1.0000000
 Ir  F
         1.8012000   1.0000000
 Ir  F
         0.8781000   1.0000000
 Ir  F
         0.4281000   1.0000000
 Ir  F
         0.2087000   1.0000000
 Ir  G
         2.1503000   1.0000000
 Ir  G
         0.9139000   1.0000000
 Ir  G
         0.3884000   1.0000000
 Ir  H
         1.6762000   1.0000000
 Ir  H
         0.6562000   1.0000000
 Ir  I
         1.3796000   1.0000000
 Pt  S
       413.6000000   0.0000060  -0.0000030  -0.0000090  -0.0000230   0.0001010   0.0007230
       103.5350000   0.0004160  -0.0001160  -0.0001020   0.0001920  -0.0028110  -0.0245520
        64.1243000  -0.0038720   0.0011680   0.0016960   0.0006930   0.0117530   0.1165430
        39.8615000   0.0264020  -0.0085740  -0.0155390  -0.0173180  -0.0121690  -0.2862430
        24.7987000  -0.1193560   0.0407120   0.0798540   0.1061720  -0.0757860   0.3824860
        13.9302000   0.3575240  -0.1279210  -0.2597120  -0.3657080   0.3634740  -0.4129910
         7.8013800  -0.1644950   0.0692260   0.1412320   0.1730430   0.2182630   2.9730610
         4.8699100  -0.6967770   0.2586680   0.5472760   0.9047650  -2.5719310 -10.5360960
         2.7428100  -0.0777230   0.0219490   0.1708990   0.7788370   0.7049640  17.8678350
         1.7119200   0.5375150  -0.2466890  -0.8336090  -3.6748070   8.4353250  -8.5137410
         1.0158000   0.6169060  -0.3419970  -1.2372210  -0.2814290 -10.7771740 -10.8888750
         0.5725730   0.2761470  -0.2239690   0.5347410   4.3832080   2.0354810  16.9161650
         0.2878640   0.0315070   0.0985710   1.6196050  -1.3107940   4.8458390 -10.5173940
         0.1415920   0.0018730   0.4687040   0.0999360  -2.0136030  -3.8200850   2.4231110
         0.0675100   0.0015970   0.5216110  -0.8380750   0.8160260  -0.1992670   2.1083970
 Pt  S
         0.0318870   1.0000000
 Pt  P
       393.3780000   0.0000050  -0.0000010  -0.0000040  -0.0000200   0.0000310  -0.0005760
        34.4003000   0.0019530  -0.0005970  -0.0010070   0.0006900  -0.0011490   0.1051820
        21.4843000  -0.0225700   0.0067220   0.0133030   0.0096580  -0.0147660  -0.5513360
        13.4194000   0.1043340  -0.0315200  -0.0659420  -0.0763270   0.1225100   1.5580790
         8.3804900  -0.1002180   0.0334640   0.0680320   0.0588180  -0.0880640  -2.4882440
         5.1899400  -0.2322400   0.0654460   0.1546200   0.3278770  -0.6398770   1.3706840
         1.8586300   0.3832730  -0.1329850  -0.3345030  -0.9464050   3.3651140   3.5240310
         1.0315300   0.4888420  -0.1837780  -0.4867300  -0.6305640  -3.4776510  -8.2203150
         0.5492050   0.2701700  -0.0979100   0.0680490   1.6323920  -0.2409940   8.1974080
         0.2700570   0.0549560   0.1553100   0.6768730   0.2341700   2.2262310  -4.3726250
         0.1241700   0.0032310   0.4305860   0.4130540  -0.9225510  -1.0132520   0.7179430
         0.0562650   0.0007140   0.4499480   0.0407020  -0.1668600  -0.3037430   0.5610450
 Pt  P
         0.0251200   1.0000000
 Pt  D
        58.1968000   0.0000860  -0.0001370   0.0004750   0.0008940   0.0057080
        20.2554000  -0.0006670   0.0010940  -0.0045800  -0.0093280  -0.0592650
        12.6079000   0.0076160  -0.0095830   0.0208790   0.0388740   0.1047510
         5.8790400  -0.0613110   0.0753300  -0.1273270  -0.2284820   0.1049320
         1.9818600   0.1725670  -0.2469430   0.5802830   1.6233820  -2.8794460
         1.1232200   0.2879770  -0.4422110   0.5251810  -0.9640830   5.3285780
         0.6296090   0.3035360  -0.1577800  -0.7014920  -1.3247310  -3.7713170
         0.3455230   0.2480300   0.2625890  -0.6187960   1.1506530   0.2708710
         0.1837110   0.1567080   0.4399190   0.1625180   0.5492260   1.1748770
         0.0939850   0.0638530   0.2968390   0.5585850  -0.5367150  -0.1838840
 Pt  D
         0.0451010   1.0000000
 Pt  F
         1.9666000   1.0000000
 Pt  F
         0.9739000   1.0000000
 Pt  F
         0.4823000   1.0000000
 Pt  F
         0.2388000   1.0000000
 Pt  G
         2.3675000   1.0000000
 Pt  G
         1.0229000   1.0000000
 Pt  G
         0.4419000   1.0000000
 Pt  H
         1.8436000   1.0000000
 Pt  H
         0.7332000   1.0000000
 Pt  I
         1.5370000   1.0000000
 END

 ECP
Hf nelec 60 ! # core electrons
Hf ul
  2          1.00000000        0.00000000
Hf S
  2         10.24885600      478.23740400
  4         10.72912700        0.38802400
  2          1.96485600       -1.07123200
Hf P
  2          8.68346200      101.04681800
  2          7.91692000      212.19776100
  4          9.37924300        0.13264600
  4          8.24420900        0.45310800
  2          1.59668600       -0.40791400
  2          1.71028100       -0.56181700
Hf D
  2          5.18955700       43.11546700
  2          5.25322900       65.93473200
  4          5.93787100        0.02591200
  4          5.71290600        0.03374100
  2          1.01485600       -0.28057900
  2          0.47371200       -0.08484900
Hf F
  2          1.91260800        4.81180100
  2          1.88074000        6.41857400
Hf G
  2          2.72418000       -4.63658500
  2          2.70895300       -5.76728800
Ta nelec 60 ! # core electrons
Ta ul
  2          1.00000000        0.00000000
Ta S
  2         10.31806900      454.60064900
  4         10.54026700        2.83797500
  2          2.57472600       -0.81473600
Ta P
  2          8.74334200       96.91078300
  2          7.91622300      195.85043200
  4          9.27573600        4.81252400
  4          8.10167500        6.33851200
  2          2.07712700       -0.45917300
  2          2.75037200       -0.64458600
Ta D
  2          5.44731400       45.96997600
  2          5.21254500       69.63897200
  4          5.88435800        0.80293300
  4          5.64957900        0.42959500
  2          1.38818000       -0.30722700
  2          1.29439800       -0.46156000
Ta F
  2          2.16127500        5.75777300
  2          2.12593900        7.67816700
Ta G
  2          3.14592000       -5.68406600
  2          3.12794200       -7.06231300
W  nelec 60 ! # core electrons
W  ul
  2          1.00000000        0.00000000
W  S
  2         11.06379500      419.22759900
  2          8.21764100       41.19130700
W  P
  2          9.33818800      107.34811000
  2          8.43044800      214.69956800
  4          9.49002000        0.02544200
  4          9.48994700        0.05189500
  2          1.88299700       -0.11718400
  2          1.90697200        0.29668900
W  D
  2          6.20543300       58.88127900
  2          6.12215700       98.68355600
  4          6.27455600        0.01953700
  4          6.22637500        0.02195600
  2          1.96387500       -0.08857700
  2          1.88828700       -0.20972600
W  F
  2          2.30795300        6.23247200
  2          2.27060900        8.31134500
W  G
  2          3.58349100       -6.80294400
  2          3.56251500       -8.44323200
Re nelec 60 ! # core electrons
Re ul
  2          1.00000000        0.00000000
Re S
  2         12.16381400      421.97030000
  2          7.10759500       50.13443900
Re P
  2          9.68459700       88.48191000
  2          9.47621400      176.78722000
  2          7.66806600       10.43433800
  2          5.05515600       20.45874300
Re D
  2          6.50988800       43.16243100
  2          6.09121600       64.76775900
  2          4.16400600        5.34030100
  2          4.40737900        8.24333200
Re F
  2          2.56265800        7.24454300
  2          2.52154900        9.65926600
Re G
  2          4.03459900       -7.97494000
  2          4.00962800       -9.88273600
Os nelec 60 ! # core electrons
Os ul
  2          1.00000000        0.00000000
Os S
  2         13.00200100      424.39037600
  2          6.96276300       57.12250300
Os P
  2         10.49894100       88.27900300
  2          9.99252300      176.48606400
  2          6.58824800       11.71501200
  2          5.03716700       22.91500600
Os D
  2          7.08344100       44.77770800
  2          6.72117900       67.15364800
  2          3.79462600        5.55038700
  2          3.74812500        8.22010400
Os F
  2          2.82627600        8.32833200
  2          2.78119800       11.10310200
Os G
  2          4.49698100       -9.18134300
  2          4.46773800      -11.36160400
Ir nelec 60 ! # core electrons
Ir ul
  2          1.00000000        0.00000000
Ir S
  2         13.83147400      426.95814900
  2          7.04791400       65.33881300
Ir P
  2         11.10643300       88.07544200
  2         10.45655200      176.12477000
  2          6.37961400       12.68226000
  2          5.06472600       24.63594900
Ir D
  2          7.54875400       46.43325800
  2          7.26530800       69.63807400
  2          3.80096900        6.15024800
  2          3.71828000        9.46356000
Ir F
  2          3.09870600        9.48361000
  2          3.04946100       12.64274200
Ir G
  2          4.96979000      -10.41069700
  2          4.93561400      -12.86319600
Pt nelec 60 ! # core electrons
Pt ul
  2          1.00000000        0.00000000
Pt S
  2         14.60450000      429.64608700
  2          7.21828700       73.15688400
Pt P
  2         11.57716200       88.02291700
  2         10.88384300      175.99819600
  2          6.42440300       13.68227400
  2          5.22419800       27.41465100
Pt D
  2          7.69961000       43.55785200
  2          7.55080800       65.36910800
  2          3.96116400        7.01859600
  2          3.87277700       11.39173300
Pt F
  2          3.37986900       10.71022000
  2          3.32625500       14.27812500
Pt G
  2          5.45202000      -11.65174900
  2          5.41258500      -14.37552500
 END
