
b   0
S     1     1.00
 598.331   1.0
S     1     1.00
 81.394    1.0
S     1     1.00
 20.0091   1.0
S     1     1.00
 6.10269   1.0
P     1     1.00
 95.5846   1.0
P     1     1.00
 19.2037   1.0
P     1     1.00
 6.11032   1.0
P     1     1.00
 2.4172    1.0
D     1     1.00
 65.059    1.0
D     1     1.00
 30.6891   1.0
D     1     1.00
 18.3513   1.0
D     1     1.00
 7.34651   1.0
F     1     1.00
 39.0702   1.0
F     1     1.00
 23.4218   1.0
F     1     1.00
 9.32445   1.0
G     1     1.00
 10.415    1.0
G     1     1.00
 4.70427   1.0
H     1     1.00
 4.82667   1.0
****
c   0
S     1     1.00
 1042.41   1.0
S     1     1.00
 100.936   1.0
S     1     1.00
 25.5989   1.0
S     1     1.00
 8.48293   1.0
P     1     1.00
 138.104   1.0
P     1     1.00
 26.0072   1.0
P     1     1.00
 8.80307   1.0
P     1     1.00
 3.50996   1.0
D     1     1.00
 88.1557   1.0
D     1     1.00
 36.14     1.0
D     1     1.00
 24.1902   1.0
D     1     1.00
 8.53208   1.0
F     1     1.00
 46.2529   1.0
F     1     1.00
 26.4528   1.0
F     1     1.00
 12        1.0
G     1     1.00
 18.0042   1.0
G     1     1.00
 8.73439   1.0
H     1     1.00
 8.55553   1.0
****
n   0
S     1     1.00
 1521.17   1.0
S     1     1.00
 139.273   1.0
S     1     1.00
 36.1708   1.0
S     1     1.00
 11.6978   1.0
P     1     1.00
 189.331   1.0
P     1     1.00
 39.554    1.0
P     1     1.00
 11.8663   1.0
P     1     1.00
 4.93937   1.0
D     1     1.00
 118.191   1.0
D     1     1.00
 58.6181   1.0
D     1     1.00
 33.0482   1.0
D     1     1.00
 10.9189   1.0
F     1     1.00
 61.9341   1.0
F     1     1.00
 34.2568   1.0
F     1     1.00
 17.1153   1.0
G     1     1.00
 26.5071   1.0
G     1     1.00
 12.6099   1.0
H     1     1.00
 13.025    1.0
****
o   0
S     1     1.00
 2010.93   1.0
S     1     1.00
 144.019   1.0
S     1     1.00
 55.8049   1.0
S     1     1.00
 21.5261   1.0
P     1     1.00
 241.512   1.0
P     1     1.00
 49.0595   1.0
P     1     1.00
 16.6893   1.0
P     1     1.00
 6.90492   1.0
D     1     1.00
 148.041   1.0
D     1     1.00
 65.9765   1.0
D     1     1.00
 41.3522   1.0
D     1     1.00
 13.0533   1.0
F     1     1.00
 87.3561   1.0
F     1     1.00
 49.0784   1.0
F     1     1.00
 20.4321   1.0
G     1     1.00
 35.6559   1.0
G     1     1.00
 16.7342   1.0
H     1     1.00
 18.1565   1.0
****
f   0
S     1     1.00
 2156.22   1.0
S     1     1.00
 245.992   1.0
S     1     1.00
 76.6519   1.0
S     1     1.00
 13.722    1.0
P     1     1.00
 295.764   1.0
P     1     1.00
 61.4873   1.0
P     1     1.00
 20.1219   1.0
P     1     1.00
 9.09527   1.0
D     1     1.00
 184.601   1.0
D     1     1.00
 86.8659   1.0
D     1     1.00
 49.8358   1.0
D     1     1.00
 16.1398   1.0
F     1     1.00
 100.219   1.0
F     1     1.00
 55.265    1.0
F     1     1.00
 28.7491   1.0
G     1     1.00
 47.3169   1.0
G     1     1.00
 21.7889   1.0
H     1     1.00
 23.7802   1.0
****
ne   0
S     1     1.00
 3511.03   1.0
S     1     1.00
 300.421   1.0
S     1     1.00
 103.547   1.0
S     1     1.00
 15.9      1.0
P     1     1.00
 361.829   1.0
P     1     1.00
 77.9664   1.0
P     1     1.00
 30.5984   1.0
P     1     1.00
 12.2      1.0
D     1     1.00
 231.619   1.0
D     1     1.00
 100.509   1.0
D     1     1.00
 76.3038   1.0
D     1     1.00
 21.1983   1.0
F     1     1.00
 137.715   1.0
F     1     1.00
 80.5744   1.0
F     1     1.00
 33.6901   1.0
G     1     1.00
 61.2498   1.0
G     1     1.00
 27.8129   1.0
H     1     1.00
 30.4907   1.0
****
al   0
S     1     1.00
 1500.0    1.0
S     1     1.00
 265.461   1.0
S     1     1.00
 29.1355   1.0
S     1     1.00
 5.0777    1.0
P     1     1.00
 577.75    1.0
P     1     1.00
 82.6945   1.0
P     1     1.00
 32.9552   1.0
P     1     1.00
 12.9556   1.0
D     1     1.00
 145.998   1.0
D     1     1.00
 27.0000   1.0
D     1     1.00
 8.50000   1.0
D     1     1.00
 1.30567   1.0
F     1     1.00
 36.7276   1.0
F     1     1.00
 16.2551   1.0
F     1     1.00
 2.54539   1.0
G     1     1.00
 20.5971   1.0
G     1     1.00
 11.3283   1.0
G     1     1.00
 5.83152   1.0
H     1     1.00
 13.3915   1.0
H     1     1.00
 3.68164   1.0
I     1     1.00
 3.86933   1.0
I     1     1.00
 1.94794   1.0
****
si   0
S     1     1.00
 1800      1.0
S     1     1.00
 340.72    1.0
S     1     1.00
 37.1676   1.0
S     1     1.00
 6.18665   1.0
P     1     1.00
 629.725   1.0
P     1     1.00
 106.673   1.0
P     1     1.00
 37.209    1.0
P     1     1.00
 6.98125   1.0
D     1     1.00
 183.057   1.0
D     1     1.00
 33.2586   1.0
D     1     1.00
 10.4892   1.0
D     1     1.00
 1.97151   1.0
F     1     1.00
 47.6295   1.0
F     1     1.00
 20        1.0
F     1     1.00
 3.98466   1.0
G     1     1.00
 26.9326   1.0
G     1     1.00
 14.887    1.0
G     1     1.00
 7.71984   1.0
H     1     1.00
 16.9693   1.0
H     1     1.00
 4.64767   1.0
I     1     1.00
 5.20271   1.0
I     1     1.00
 2.56758   1.0
****
p   0
S     1     1.00
 2400      1.0
S     1     1.00
 457.892   1.0
S     1     1.00
 46.153    1.0
S     1     1.00
 7.20666   1.0
P     1     1.00
 807.496   1.0
P     1     1.00
 136.295   1.0
P     1     1.00
 44.5141   1.0
P     1     1.00
 8.35344   1.0
D     1     1.00
 214.997   1.0
D     1     1.00
 42.1591   1.0
D     1     1.00
 13.9749   1.0
D     1     1.00
 2.53259   1.0
F     1     1.00
 58.2818   1.0
F     1     1.00
 22.5507   1.0
F     1     1.00
 5.18427   1.0
G     1     1.00
 29.0809   1.0
G     1     1.00
 15.8958   1.0
G     1     1.00
 8.46649   1.0
H     1     1.00
 20.8629   1.0
H     1     1.00
 5.69778   1.0
I     1     1.00
 5.9684    1.0
I     1     1.00
 2.9499    1.0
****
s   0
S     1     1.00
 2900      1.0
S     1     1.00
 509.672   1.0
S     1     1.00
 52.5124   1.0
S     1     1.00
 8.80967   1.0
P     1     1.00
 1035.4    1.0
P     1     1.00
 166.695   1.0
P     1     1.00
 54.551    1.0
P     1     1.00
 10.3221   1.0
D     1     1.00
 251.468   1.0
D     1     1.00
 54.7239   1.0
D     1     1.00
 18.0473   1.0
D     1     1.00
 3.10804   1.0
F     1     1.00
 68.8551   1.0
F     1     1.00
 30        1.0
F     1     1.00
 6.03045   1.0
G     1     1.00
 33.8667   1.0
G     1     1.00
 18.2992   1.0
G     1     1.00
 9.41908   1.0
H     1     1.00
 25.1489   1.0
H     1     1.00
 6.83729   1.0
I     1     1.00
 7.09262   1.0
I     1     1.00
 3.57364   1.0
****
cl   0
S     1     1.00
 3451.3    1.0
S     1     1.00
 626.98    1.0
S     1     1.00
 64.8043   1.0
S     1     1.00
 5.27296   1.0
P     1     1.00
 1150.02   1.0
P     1     1.00
 218.41    1.0
P     1     1.00
 66.1193   1.0
P     1     1.00
 12.8179   1.0
D     1     1.00
 275.251   1.0
D     1     1.00
 68.001    1.0
D     1     1.00
 22.7269   1.0
D     1     1.00
 3.94845   1.0
F     1     1.00
 80.5766   1.0
F     1     1.00
 35.8778   1.0
F     1     1.00
 7.05322   1.0
G     1     1.00
 40.2732   1.0
G     1     1.00
 21.3047   1.0
G     1     1.00
 10.648    1.0
H     1     1.00
 29.9064   1.0
H     1     1.00
 8.20305   1.0
I     1     1.00
 8.59885   1.0
I     1     1.00
 4.28926   1.0
****
ar   0
S     1     1.00
 4500      1.0
S     1     1.00
 774.107   1.0
S     1     1.00
 75.9118   1.0
S     1     1.00
 6.20139   1.0
P     1     1.00
 1808.14   1.0
P     1     1.00
 258.42    1.0
P     1     1.00
 31.7157   1.0
P     1     1.00
 7.31354   1.0
D     1     1.00
 310.624   1.0
D     1     1.00
 79.7927   1.0
D     1     1.00
 27.1476   1.0
D     1     1.00
 4.81753   1.0
F     1     1.00
 99.0705   1.0
F     1     1.00
 39.957    1.0
F     1     1.00
 15.124    1.0
G     1     1.00
 47.2034   1.0
G     1     1.00
 24.4949   1.0
G     1     1.00
 11.3507   1.0
H     1     1.00
 35.0842   1.0
H     1     1.00
 9.72092   1.0
I     1     1.00
 10.2111   1.0
I     1     1.00
 5.09      1.0
****
