basis &quot;Cu_m6-31G*&quot; CARTESIAN
  Cu   S
     76794.380000000      0.00174816
     11530.700000000      0.01339602
      2626.575000000      0.06610885
       740.490300000      0.22982650
       237.352800000      0.47876750
        81.158180000      0.35307390
  Cu  SP
      1610.814000000      0.00236405      0.00396331
       383.636700000      0.03153635      0.03110223
       124.173300000      0.12694520      0.13613500
        46.746780000     -0.02262840      0.34929140
        19.065690000     -0.61920800      0.46247800
         7.871567000     -0.45853930      0.20201020
  Cu  SP
        64.457320000     -0.00433108     -0.00752373
        21.852120000      0.07412307     -0.02975687
         9.405343000      0.25421080      0.06849654
         3.999168000     -0.28748430      0.40271410
         1.670297000     -0.72914360      0.49084900
         0.659627000     -0.21139510      0.17592680
  Cu  SP
         2.600088000      0.05027577     -0.17029110
         0.963094000      0.26500400      0.09310133
         0.136161000     -1.12015500      0.98143360
  Cu  SP
         0.047332000      1.00000000      1.00000000
  Cu   D
        23.7507076365     0.1176454522
         6.2001031538     0.4444063028
         1.7193642175     0.6546667345
  Cu   D
         0.3881782772     1.00000000
  Cu   F
        0.80000000      1.00000000
end
