
h  0
S     1     1.00
 0.110911  1.0
P     1     1.00
 0.196067  1.0
D     1     1.00
 0.233601  1.0
F     1     1.00
 0.236155  1.0
G     1     1.00
 0.79632   1.0
H     1     1.00
 1.03498   1.0  
****
he  0
S     1     1.00
 0.180966  1.0
P     1     1.00
 0.337228  1.0
D     1     1.00
 0.547327  1.0
F     1     1.00
 0.860101  1.0
G     1     1.00
 1.18946   1.0
H     1     1.00
 2.2244    1.0  
****
b  0
S     1     1.00
 0.050000  1.0
P     1     1.00
 0.065000  1.0
D     1     1.00
 0.070000  1.0
F     1     1.00
 0.085000  1.0
G     1     1.00
 0.139679  1.0
H     1     1.00
 0.289652  1.0
I     1     1.00
 0.528448  1.0
****
c  0
S     1     1.00
 0.0625447  1.0
P     1     1.00
 0.0900000  1.0
D     1     1.00
 0.0847893  1.0
F     1     1.00
 0.135351  1.0
G     1     1.00
 0.241717  1.0
H     1     1.00
 0.475436  1.0
I     1     1.00
 0.833067  1.0
****
n  0
S     1     1.00
 0.085000  1.0
P     1     1.00
 0.110000  1.0
D     1     1.00
 0.110000  1.0
F     1     1.00
 0.200000  1.0
G     1     1.00
 0.347391  1.0
H     1     1.00
 0.649339  1.0
I     1     1.00
 1.10886   1.0
****
o  0
S     1     1.00
 0.0966305  1.0
P     1     1.00
 0.169976  1.0
D     1     1.00
 0.140000  1.0
F     1     1.00
 0.238692  1.0
G     1     1.00
 0.410343  1.0
H     1     1.00
 0.790781  1.0
I     1     1.00
 1.382920  1.0
****
f  0
S     1     1.00
 0.123244  1.0
P     1     1.00
 0.230106  1.0
D     1     1.00
 0.180000  1.0
F     1     1.00
 0.329422  1.0
G     1     1.00
 0.569767  1.0
H     1     1.00
 1.018550  1.0
I     1     1.00
 1.827700  1.0
****
ne  0
S     1     1.00
 0.180000  1.0
P     1     1.00
 0.338611  1.0
D     1     1.00
 0.237693  1.0
F     1     1.00
 0.455115  1.0
G     1     1.00
 0.776561  1.0
H     1     1.00
 1.302380  1.0
I     1     1.00
 2.381190  1.0
****
al  0
S     1     1.00
 0.0400000  1.0
P     1     1.00
 0.0600000  1.0
D     1     1.00
 0.0600399  1.0
F     1     1.00
 0.0779236  1.0
G     1     1.00
 0.0773450  1.0
H     1     1.00
 0.156297   1.0
I     1     1.00
 0.321314   1.0
****
si  0
S     1     1.00
 0.0500000 1.0
P     1     1.00
 0.0650000 1.0
D     1     1.00
 0.0800000 1.0
F     1     1.00
 0.097892  1.0
G     1     1.00
 0.121035  1.0
H     1     1.00
 0.230752  1.0
I     1     1.00
 0.466340  1.0
****
p  0
S     1     1.00
 0.0600000  1.0
P     1     1.00
 0.0731432  1.0
D     1     1.00
 0.0850000 1.0
F     1     1.00
 0.118159  1.0
G     1     1.00
 0.144111  1.0
H     1     1.00
 0.285227  1.0
I     1     1.00
 0.529798  1.0
****
s  0
S     1     1.00
 0.0650000  1.0
P     1     1.00
 0.0900000  1.0
D     1     1.00
 0.0860772  1.0
F     1     1.00
 0.153577  1.0
G     1     1.00
 0.208446  1.0
H     1     1.00
 0.349328  1.0
I     1     1.00
 0.679532  1.0
****
cl  0
S     1     1.00
 0.075000  1.0
P     1     1.00
 0.120000  1.0
D     1     1.00
 0.105000  1.0
F     1     1.00
 0.200204  1.0
G     1     1.00
 0.284198  1.0
H     1     1.00
 0.445081  1.0
I     1     1.00
 0.874631  1.0
****
ar  0
S     1     1.00
 0.102086  1.0
P     1     1.00
 0.159483  1.0
D     1     1.00
 0.129072  1.0
F     1     1.00
 0.240056  1.0
G     1     1.00
 0.378024  1.0
H     1     1.00
 0.553292  1.0
I     1     1.00
 1.10338   1.0
****
