basis &quot;Ti_m6-31G*&quot; CARTESIAN
  Ti   S
     43152.950000000      0.00179187
      6479.571000000      0.01372392
      1475.675000000      0.06762830
       415.699100000      0.23376420
       133.000600000      0.48106960
        45.272220000      0.34622800
  Ti  SP
       874.682600000      0.00243101      0.00401768
       207.978500000      0.03233027      0.03113966
        66.879180000      0.12425200      0.13490770
        24.873470000     -0.03903905      0.34316720
         9.968441000     -0.61717890      0.46257600
         4.063826000     -0.44730970      0.21546030
  Ti  SP
        33.643630000     -0.00294036     -0.00631162
        10.875650000      0.07163103     -0.02697638
         4.628225000      0.25289150      0.05316847
         1.950126000     -0.29664010      0.38455490
         0.809452000     -0.74322150      0.51276620
         0.320474000     -0.18535200      0.18111350
  Ti  SP
         1.224148000      0.06351465     -0.21120700
         0.484263000      0.31514040      0.07771998
         0.084096000     -1.16259500      0.98982140
  Ti  SP
         0.032036000      1.00000000      1.00000000
  Ti   D
        11.3802872735     0.1000655567
         2.8785653801     0.4084975315
         0.8146824263     0.6922977301
  Ti   D
         0.2106293041     1.00000000
  Ti   F
        0.80000000      1.00000000
end
