****
Hf    0
S   1   1.00
  5.1857600000       1.0000000000
S   1   1.00
  3.1256100000       1.0000000000
S   1   1.00
  1.9252300000       1.0000000000
S   1   1.00
  1.2840100000       1.0000000000
S   1   1.00
 0.51230800000       1.0000000000
S   1   1.00
 0.27962100000       1.0000000000
S   1   1.00
 0.12280600000       1.0000000000
S   1   1.00
 0.73399400000E-01   1.0000000000
P   1   1.00
  6.9026000000       1.0000000000
P   1   1.00
  3.3920800000       1.0000000000
P   1   1.00
  1.9857900000       1.0000000000
P   1   1.00
 0.98889100000       1.0000000000
P   1   1.00
 0.39405500000       1.0000000000
P   1   1.00
 0.17789500000       1.0000000000
P   1   1.00
 0.10555800000       1.0000000000
P   1   1.00
 0.70356900000E-01   1.0000000000
D   1   1.00
  4.9589800000       1.0000000000
D   1   1.00
  3.2236000000       1.0000000000
D   1   1.00
  1.8509100000       1.0000000000
D   1   1.00
 0.81114900000       1.0000000000
D   1   1.00
 0.32029700000       1.0000000000
D   1   1.00
 0.15979700000       1.0000000000
D   1   1.00
 0.78313700000E-01   1.0000000000
F   1   1.00
  3.1855000000       1.0000000000
F   1   1.00
  2.0114400000       1.0000000000
F   1   1.00
 0.81944400000       1.0000000000
F   1   1.00
 0.41721400000       1.0000000000
F   1   1.00
 0.25556600000       1.0000000000
F   1   1.00
 0.15793900000       1.0000000000
G   1   1.00
  1.3861400000       1.0000000000
G   1   1.00
 0.71462900000       1.0000000000
G   1   1.00
 0.40703500000       1.0000000000
G   1   1.00
 0.17517400000       1.0000000000
H   1   1.00
  1.0826800000       1.0000000000
H   1   1.00
 0.54744900000       1.0000000000
H   1   1.00
 0.30682400000       1.0000000000
I   1   1.00
 0.65645200000       1.0000000000
****
Ta    0
S   1   1.00
  6.0633700000       1.0000000000
S   1   1.00
  3.6664700000       1.0000000000
S   1   1.00
  2.2469100000       1.0000000000
S   1   1.00
  1.4410600000       1.0000000000
S   1   1.00
 0.59968900000       1.0000000000
S   1   1.00
 0.29578400000       1.0000000000
S   1   1.00
 0.13211800000       1.0000000000
S   1   1.00
 0.79003800000E-01   1.0000000000
P   1   1.00
  5.6605700000       1.0000000000
P   1   1.00
  3.2611600000       1.0000000000
P   1   1.00
  2.2172100000       1.0000000000
P   1   1.00
  1.0594600000       1.0000000000
P   1   1.00
 0.45626800000       1.0000000000
P   1   1.00
 0.21565500000       1.0000000000
P   1   1.00
 0.11906800000       1.0000000000
P   1   1.00
 0.70584500000E-01   1.0000000000
D   1   1.00
  5.5807600000       1.0000000000
D   1   1.00
  3.5791100000       1.0000000000
D   1   1.00
  2.0102800000       1.0000000000
D   1   1.00
 0.95025400000       1.0000000000
D   1   1.00
 0.39073400000       1.0000000000
D   1   1.00
 0.18518900000       1.0000000000
D   1   1.00
 0.91402200000E-01   1.0000000000
F   1   1.00
  4.0314700000       1.0000000000
F   1   1.00
  2.1564000000       1.0000000000
F   1   1.00
  1.0034200000       1.0000000000
F   1   1.00
 0.55192500000       1.0000000000
F   1   1.00
 0.29653700000       1.0000000000
F   1   1.00
 0.17465800000       1.0000000000
G   1   1.00
  1.5753400000       1.0000000000
G   1   1.00
 0.84508600000       1.0000000000
G   1   1.00
 0.48917000000       1.0000000000
G   1   1.00
 0.20657200000       1.0000000000
H   1   1.00
  1.2887100000       1.0000000000
H   1   1.00
 0.63857500000       1.0000000000
H   1   1.00
 0.38936700000       1.0000000000
I   1   1.00
 0.86571700000       1.0000000000
****
W     0
S   1   1.00
  6.5978300000       1.0000000000
S   1   1.00
  3.8967900000       1.0000000000
S   1   1.00
  2.5320800000       1.0000000000
S   1   1.00
  1.5777100000       1.0000000000
S   1   1.00
 0.67818800000       1.0000000000
S   1   1.00
 0.32303300000       1.0000000000
S   1   1.00
 0.14066700000       1.0000000000
S   1   1.00
 0.87734900000E-01   1.0000000000
P   1   1.00
  5.7362100000       1.0000000000
P   1   1.00
  3.4557600000       1.0000000000
P   1   1.00
  2.3124100000       1.0000000000
P   1   1.00
  1.1673900000       1.0000000000
P   1   1.00
 0.47391200000       1.0000000000
P   1   1.00
 0.25886000000       1.0000000000
P   1   1.00
 0.12431100000       1.0000000000
P   1   1.00
 0.73534800000E-01   1.0000000000
D   1   1.00
  5.3547700000       1.0000000000
D   1   1.00
  3.3187500000       1.0000000000
D   1   1.00
  2.2164500000       1.0000000000
D   1   1.00
  1.0450400000       1.0000000000
D   1   1.00
 0.44227900000       1.0000000000
D   1   1.00
 0.20408300000       1.0000000000
D   1   1.00
 0.99712700000E-01   1.0000000000
F   1   1.00
  4.5174900000       1.0000000000
F   1   1.00
  2.3972400000       1.0000000000
F   1   1.00
  1.1934500000       1.0000000000
F   1   1.00
 0.69338400000       1.0000000000
F   1   1.00
 0.34248500000       1.0000000000
F   1   1.00
 0.19383300000       1.0000000000
G   1   1.00
  1.7462800000       1.0000000000
G   1   1.00
 0.96115200000       1.0000000000
G   1   1.00
 0.51052400000       1.0000000000
G   1   1.00
 0.22171800000       1.0000000000
H   1   1.00
  1.5070300000       1.0000000000
H   1   1.00
 0.74996900000       1.0000000000
H   1   1.00
 0.47811200000       1.0000000000
I   1   1.00
  1.0956400000       1.0000000000
****
Re    0
S   1   1.00
  7.1214900000       1.0000000000
S   1   1.00
  3.7773900000       1.0000000000
S   1   1.00
  2.5387900000       1.0000000000
S   1   1.00
  1.6581800000       1.0000000000
S   1   1.00
 0.73288800000       1.0000000000
S   1   1.00
 0.33183200000       1.0000000000
S   1   1.00
 0.15671400000       1.0000000000
S   1   1.00
 0.92441300000E-01   1.0000000000
P   1   1.00
  6.0002900000       1.0000000000
P   1   1.00
  3.7244400000       1.0000000000
P   1   1.00
  2.5165400000       1.0000000000
P   1   1.00
  1.1915600000       1.0000000000
P   1   1.00
 0.54878800000       1.0000000000
P   1   1.00
 0.27658500000       1.0000000000
P   1   1.00
 0.13821000000       1.0000000000
P   1   1.00
 0.78707900000E-01   1.0000000000
D   1   1.00
  4.7819800000       1.0000000000
D   1   1.00
  3.1001600000       1.0000000000
D   1   1.00
  2.1956400000       1.0000000000
D   1   1.00
  1.1168600000       1.0000000000
D   1   1.00
 0.47185600000       1.0000000000
D   1   1.00
 0.22305700000       1.0000000000
D   1   1.00
 0.10728700000       1.0000000000
F   1   1.00
  4.7651400000       1.0000000000
F   1   1.00
  2.5572700000       1.0000000000
F   1   1.00
  1.2663300000       1.0000000000
F   1   1.00
 0.70264300000       1.0000000000
F   1   1.00
 0.39212000000       1.0000000000
F   1   1.00
 0.19142800000       1.0000000000
G   1   1.00
  1.9067300000       1.0000000000
G   1   1.00
  1.1362900000       1.0000000000
G   1   1.00
 0.56345700000       1.0000000000
G   1   1.00
 0.25797700000       1.0000000000
H   1   1.00
  1.7117100000       1.0000000000
H   1   1.00
  1.0098900000       1.0000000000
H   1   1.00
 0.56804200000       1.0000000000
I   1   1.00
  1.2909700000       1.0000000000
****
Os    0
S   1   1.00
  7.3687600000       1.0000000000
S   1   1.00
  4.3169600000       1.0000000000
S   1   1.00
  2.7558900000       1.0000000000
S   1   1.00
  1.8241600000       1.0000000000
S   1   1.00
 0.85716700000       1.0000000000
S   1   1.00
 0.40855000000       1.0000000000
S   1   1.00
 0.18799200000       1.0000000000
S   1   1.00
 0.10667300000       1.0000000000
P   1   1.00
  7.9164600000       1.0000000000
P   1   1.00
  4.1723700000       1.0000000000
P   1   1.00
  2.5815300000       1.0000000000
P   1   1.00
  1.4444700000       1.0000000000
P   1   1.00
 0.72571600000       1.0000000000
P   1   1.00
 0.36194400000       1.0000000000
P   1   1.00
 0.16592100000       1.0000000000
P   1   1.00
 0.10053000000       1.0000000000
D   1   1.00
  5.2705300000       1.0000000000
D   1   1.00
  3.5293800000       1.0000000000
D   1   1.00
  2.5470300000       1.0000000000
D   1   1.00
  1.2138900000       1.0000000000
D   1   1.00
 0.54912900000       1.0000000000
D   1   1.00
 0.26434400000       1.0000000000
D   1   1.00
 0.12465300000       1.0000000000
F   1   1.00
  5.3706500000       1.0000000000
F   1   1.00
  2.6514300000       1.0000000000
F   1   1.00
  1.3884000000       1.0000000000
F   1   1.00
 0.73076000000       1.0000000000
F   1   1.00
 0.40818300000       1.0000000000
F   1   1.00
 0.19116200000       1.0000000000
G   1   1.00
  2.0473900000       1.0000000000
G   1   1.00
  1.1902000000       1.0000000000
G   1   1.00
 0.45778500000       1.0000000000
G   1   1.00
 0.22609800000       1.0000000000
H   1   1.00
  1.9420100000       1.0000000000
H   1   1.00
  1.0989700000       1.0000000000
H   1   1.00
 0.59488700000       1.0000000000
I   1   1.00
  1.4438500000       1.0000000000
****
Ir    0
S   1   1.00
  9.4238800000       1.0000000000
S   1   1.00
  4.2656700000       1.0000000000
S   1   1.00
  2.7756600000       1.0000000000
S   1   1.00
  2.0493300000       1.0000000000
S   1   1.00
 0.95621600000       1.0000000000
S   1   1.00
 0.42200500000       1.0000000000
S   1   1.00
 0.20050400000       1.0000000000
S   1   1.00
 0.10782400000       1.0000000000
P   1   1.00
  7.8994600000       1.0000000000
P   1   1.00
  4.1821900000       1.0000000000
P   1   1.00
  2.6688800000       1.0000000000
P   1   1.00
  1.4157100000       1.0000000000
P   1   1.00
 0.69829900000       1.0000000000
P   1   1.00
 0.33864300000       1.0000000000
P   1   1.00
 0.15374500000       1.0000000000
P   1   1.00
 0.90397800000E-01   1.0000000000
D   1   1.00
  5.1281900000       1.0000000000
D   1   1.00
  3.6346500000       1.0000000000
D   1   1.00
  2.6151000000       1.0000000000
D   1   1.00
  1.2871400000       1.0000000000
D   1   1.00
 0.58717500000       1.0000000000
D   1   1.00
 0.27214600000       1.0000000000
D   1   1.00
 0.12894800000       1.0000000000
F   1   1.00
  5.5693500000       1.0000000000
F   1   1.00
  2.8892300000       1.0000000000
F   1   1.00
  1.5381700000       1.0000000000
F   1   1.00
 0.80497200000       1.0000000000
F   1   1.00
 0.48032400000       1.0000000000
F   1   1.00
 0.23944600000       1.0000000000
G   1   1.00
  2.2134000000       1.0000000000
G   1   1.00
  1.3621700000       1.0000000000
G   1   1.00
 0.60619700000       1.0000000000
G   1   1.00
 0.28329700000       1.0000000000
H   1   1.00
  2.1941200000       1.0000000000
H   1   1.00
  1.3468800000       1.0000000000
H   1   1.00
 0.71328600000       1.0000000000
I   1   1.00
  1.6517400000       1.0000000000
****
Pt    0
S   1   1.00
  12.243300000       1.0000000000
S   1   1.00
  6.2533400000       1.0000000000
S   1   1.00
  4.0933800000       1.0000000000
S   1   1.00
  2.7061100000       1.0000000000
S   1   1.00
  1.2894700000       1.0000000000
S   1   1.00
 0.58830200000       1.0000000000
S   1   1.00
 0.28181100000       1.0000000000
S   1   1.00
 0.13037600000       1.0000000000
P   1   1.00
  11.177900000       1.0000000000
P   1   1.00
  5.1968400000       1.0000000000
P   1   1.00
  2.7859900000       1.0000000000
P   1   1.00
  1.8075300000       1.0000000000
P   1   1.00
  1.0598800000       1.0000000000
P   1   1.00
 0.45607500000       1.0000000000
P   1   1.00
 0.23973600000       1.0000000000
P   1   1.00
 0.12595300000       1.0000000000
D   1   1.00
  5.7983100000       1.0000000000
D   1   1.00
  4.0946200000       1.0000000000
D   1   1.00
  2.8980600000       1.0000000000
D   1   1.00
  1.4038500000       1.0000000000
D   1   1.00
 0.64160700000       1.0000000000
D   1   1.00
 0.31023100000       1.0000000000
D   1   1.00
 0.14934100000       1.0000000000
F   1   1.00
  5.9590500000       1.0000000000
F   1   1.00
  3.0741900000       1.0000000000
F   1   1.00
  1.6809100000       1.0000000000
F   1   1.00
 0.91516700000       1.0000000000
F   1   1.00
 0.50123600000       1.0000000000
F   1   1.00
 0.22173200000       1.0000000000
G   1   1.00
  2.3602400000       1.0000000000
G   1   1.00
  1.4745900000       1.0000000000
G   1   1.00
 0.53199900000       1.0000000000
G   1   1.00
 0.28201500000       1.0000000000
H   1   1.00
  2.5159300000       1.0000000000
H   1   1.00
  1.7386800000       1.0000000000
H   1   1.00
 0.77538900000       1.0000000000
I   1   1.00
  1.8246900000       1.0000000000
****
