basis={

s,La,57716530.0,12401310.0,3333510.0,1000693.0,329083.2,116423.0,43872.48,17461.05,7289.951,3173.686,1433.329,668.3614,318.8215,144.9683,72.73261,36.82535,16.98785,8.74327,3.693099,1.840267,0.5819991,0.2736964,0.05606376,0.02340592
c,1.24,0.000227504,0.000390875,0.00102054,0.0021434,0.00460237,0.00945344,0.0194353,0.0396115,0.0798895,0.152106,0.248952,0.288634,0.179961,0.0770514,0.0862619,0.0512324,0.0356289,0.0292412,0.00293278,-0.0008383,4.25339e-05,-4.97062e-05,8.38275e-06,-4.08681e-06
c,1.24,-0.000121652,-0.000209092,-0.000546306,-0.00114938,-0.00247436,-0.00510846,-0.0105816,-0.0218802,-0.0451629,-0.0901063,-0.160732,-0.221681,-0.150023,0.175403,0.402176,0.222054,0.211152,0.173731,0.0180029,-0.00638135,0.000360004,-0.000415484,7.15158e-05,-3.44542e-05
c,1.24,6.49117e-05,0.000111607,0.000291724,0.000614639,0.00132532,0.00274763,0.00571804,0.0119598,0.0250448,0.0516926,0.0969724,0.148123,0.104646,-0.225012,-0.691226,-0.420854,0.662929,0.681187,0.0374189,-0.0524343,-0.00275551,-0.00194444,2.98033e-05,-4.11497e-05
c,1.24,-1.47682e-05,-2.53915e-05,-6.63929e-05,-0.000139899,-0.000301992,-0.000626275,-0.00130745,-0.00273737,-0.00578176,-0.0119964,-0.0230767,-0.0360346,-0.0271025,0.0716697,0.245298,0.184189,-0.54567,-0.748893,0.632723,0.752772,0.105998,0.037801,0.00490988,-0.00140773
c,1.24,8.62987e-06,1.48373e-05,3.87968e-05,8.17423e-05,0.000176461,0.000365847,0.000763854,0.00159818,0.00337585,0.00699354,0.0134442,0.0209095,0.0157395,-0.0411156,-0.139286,-0.106687,0.323975,0.461707,-0.501976,-0.865129,0.662584,0.700532,0.0359543,-0.00145455
c,1.24,-2.37995e-06,-4.09224e-06,-1.06986e-05,-2.2548e-05,-4.86505e-05,-0.000100953,-0.000210489,-0.000441336,-0.000929466,-0.00193365,-0.00369667,-0.00580075,-0.00427588,0.011203,0.0390998,0.0290394,-0.0907454,-0.138062,0.165997,0.29109,-0.305919,-0.544172,0.76457,0.473561
c,1.24,5.90908e-06,1.01646e-05,2.65561e-05,5.60292e-05,0.000120672,0.00025119,0.000521007,0.00110168,0.0022909,0.00485587,0.0090392,0.0148094,0.00971611,-0.025634,-0.103956,-0.0618171,0.21483,0.400388,-0.621663,-0.649561,2.24791,-1.32748,-1.44267,1.58329
c,24.24,1.0

p,La,1219259.0,175711.5,37207.74,10045.75,3268.082,1220.664,503.8708,223.3173,104.0999,50.07043,24.28119,12.15026,5.906359,2.912761,1.415568,0.6033033,0.2615713,0.07059791,0.02838423
c,1.19,4.84902e-05,0.000200553,0.000798836,0.00312394,0.011767,0.0406261,0.117487,0.252431,0.338604,0.234392,0.140295,0.121205,0.0329509,-0.00164663,-0.000575735,-0.000291068,-2.16538e-05,-2.42736e-05,8.20388e-06
c,1.19,-3.9033e-05,-0.000161668,-0.000645601,-0.00253414,-0.00962239,-0.0336988,-0.100488,-0.226051,-0.316229,-0.0916304,0.421315,0.538294,0.138658,-0.0297601,-0.0118753,-0.00303712,-0.000863618,-0.000237141,6.87683e-05
c,1.19,1.01866e-05,4.22443e-05,0.000168936,0.00066541,0.00253905,0.00899435,0.0273706,0.0636877,0.0913469,-0.00110481,-0.264386,-0.365401,0.213387,0.65008,0.292292,0.0646175,0.0436883,0.00530881,-0.00110715
c,1.19,-5.37878e-06,-2.23163e-05,-8.91233e-05,-0.000351757,-0.00133753,-0.00475443,-0.0143808,-0.033631,-0.0476167,-0.000808437,0.141357,0.187642,-0.132554,-0.466325,-0.130206,0.565615,0.562358,0.0680637,-0.0140063
c,1.19,1.39401e-06,5.78345e-06,2.3102e-05,9.11422e-05,0.000346864,0.00123174,0.00373246,0.00871484,0.0123925,4.06885e-05,-0.0371262,-0.0503202,0.0400011,0.134738,0.0367237,-0.260313,-0.258519,0.653327,0.50102
c,1.19,3.40909e-06,1.41489e-05,5.64668e-05,0.00022316,0.00084714,0.0030186,0.00911084,0.0213919,0.0301282,0.000599161,-0.0929089,-0.122306,0.0996519,0.357598,0.0634797,-0.983804,0.336009,0.835646,0.0411827
c,19.19,1.0

d,La,2801.5,779.4621,290.3323,124.1909,57.56268,27.79563,13.71211,6.672477,3.178396,1.460868,0.5833998,0.2109645,0.06784129
c,1.13,0.000555411,0.00467591,0.0252921,0.0934332,0.235767,0.38404,0.352133,0.125062,0.00455354,-0.0026932,-0.000867941,0.000111009,-3.71208e-05
c,1.13,-0.000243548,-0.00206984,-0.0112297,-0.0423191,-0.107722,-0.171504,-0.104534,0.234215,0.51667,0.356919,0.0622251,-0.00201541,0.00096574
c,1.13,6.2967e-05,0.000538246,0.00290811,0.0110343,0.0279652,0.0448098,0.0241863,-0.0722229,-0.159477,-0.0648546,0.30663,0.578838,0.333789
c,1.13,9.91434e-05,0.000905488,0.00459123,0.018493,0.0437623,0.0791542,0.0325721,-0.0949427,-0.351067,-0.0467255,1.05735,-0.3996,-0.550714
c,13.13,1.0

f,La,68.44,22.49388,8.64562,3.522264,1.407746,0.5235817,0.1877719,0.06903867
c,1.8,0.0108235,0.0616009,0.188287,0.332834,0.396449,0.316453,0.150324,0.028372
c,1.8,-0.0118464,-0.0730979,-0.203351,-0.436084,-0.197692,0.704913,0.222918,0.0434853
c,8.8,1.0

g,La,0.7835442
c,1.1,1

s,Ce,58274760.0,12631560.0,3419592.0,1031778.0,340553.6,120781.0,45589.34,18162.53,7586.977,3303.752,1492.095,695.6928,331.8484,151.0715,75.80695,38.41731,17.77183,9.161474,3.887854,1.90489,0.5628512,0.2589579,0.04585341,0.01965547
c,1.24,0.000240985,0.000406956,0.00106188,0.00221343,0.00473509,0.00967487,0.0197924,0.0401067,0.0804256,0.152359,0.248628,0.288246,0.180362,0.0770434,0.085391,0.050836,0.0357158,0.0292288,0.00285299,-0.000828024,2.53787e-05,-4.44773e-05,5.53435e-06,-4.34749e-06
c,1.24,-0.000128715,-0.000217447,-0.000567794,-0.00118562,-0.00254299,-0.00522282,-0.0107662,-0.0221358,-0.0454361,-0.0901951,-0.160358,-0.220754,-0.149149,0.174971,0.400415,0.221619,0.212758,0.174551,0.0174673,-0.00633266,0.000213977,-0.000369308,4.6502e-05,-3.64699e-05
c,1.24,6.92646e-05,0.000117054,0.000305777,0.000639418,0.0013737,0.0028332,0.0058679,0.0122043,0.0254149,0.0521873,0.0975345,0.148562,0.104452,-0.226595,-0.694641,-0.422274,0.667862,0.683984,0.0325797,-0.0542467,-0.00345003,-0.00185798,-0.00014409,-0.000106442
c,1.24,-1.54453e-05,-2.61016e-05,-6.82071e-05,-0.000142652,-0.000306788,-0.000633032,-0.00131498,-0.00273882,-0.00575016,-0.0118799,-0.0227469,-0.0354827,-0.0264363,0.0708911,0.243626,0.181435,-0.544783,-0.744933,0.647907,0.735467,0.114903,0.0367685,0.0113428,0.00194464
c,1.24,8.45142e-06,1.42828e-05,3.73205e-05,7.80563e-05,0.000167839,0.000346351,0.000719077,0.00149815,0.00314043,0.00649236,0.0123781,0.0193302,0.0142002,-0.0375081,-0.129879,-0.0955836,0.294105,0.42991,-0.482665,-0.727974,0.649493,0.429899,0.270215,0.105202
c,1.24,-4.88459e-06,-8.25497e-06,-2.15695e-05,-4.51146e-05,-9.70003e-05,-0.00020019,-0.000415566,-0.000865965,-0.00181491,-0.0037528,-0.00715437,-0.0111741,-0.00821333,0.0217288,0.0752782,0.055792,-0.173861,-0.257084,0.30503,0.493115,-0.580482,-0.542683,0.783678,0.344394
c,1.24,7.5351e-06,1.27463e-05,3.32535e-05,6.97246e-05,0.000149289,0.000310314,0.000636565,0.00135187,0.00275345,0.00593445,0.0106569,0.0182922,0.0102882,-0.0274606,-0.133132,-0.0585624,0.223893,0.5513,-0.910868,-0.539104,2.79388,-2.19301,-0.63867,1.07526
c,24.24,1.0

p,Ce,1334205.0,192207.0,40557.93,10885.63,3518.453,1306.952,537.1536,237.3018,110.3506,52.99762,25.65256,12.82667,6.233563,3.072229,1.48834,0.6095431,0.256491,0.0729692,0.02699369
c,1.19,4.84058e-05,0.000198233,0.000782317,0.0030367,0.0113888,0.0393291,0.114358,0.248213,0.337978,0.238207,0.143,0.123768,0.0342521,-0.00125514,-0.000382691,-0.000257967,6.08219e-06,-2.19944e-05,7.11848e-06
c,1.19,-3.93055e-05,-0.000161192,-0.00063779,-0.00248479,-0.00939411,-0.0328942,-0.0985925,-0.223905,-0.318577,-0.101573,0.414351,0.540419,0.142512,-0.025377,-0.0100304,-0.00254543,-0.000495193,-0.000181772,4.87245e-05
c,1.19,1.05878e-05,4.34742e-05,0.000172266,0.000673375,0.00255838,0.00905742,0.0276966,0.0650079,0.094975,0.00303126,-0.268386,-0.376624,0.213282,0.656792,0.294062,0.0618092,0.0357654,0.0039223,-0.00057588
c,1.19,-5.32501e-06,-2.18749e-05,-8.65667e-05,-0.000339091,-0.0012839,-0.00456239,-0.0138706,-0.0327451,-0.0472367,-0.00264575,0.138416,0.186545,-0.130004,-0.462012,-0.117075,0.606908,0.523678,0.055125,-0.00747752
c,1.19,1.2285e-06,5.04809e-06,1.99648e-05,7.82894e-05,0.000296018,0.00105389,0.00319829,0.00757365,0.0108804,0.00063638,-0.0326675,-0.0435291,0.0322734,0.121094,0.0223835,-0.217216,-0.229272,0.446657,0.693078
c,1.19,3.02501e-06,1.24394e-05,4.91109e-05,0.000193204,0.000727107,0.00260457,0.00784741,0.0187676,0.0265108,0.00234651,-0.0832917,-0.104773,0.0774932,0.33566,-0.000520793,-0.768217,0.165154,0.84112,0.129484
c,19.19,1.0

d,Ce,2934.278,814.404,302.9263,129.4803,59.99561,28.9729,14.31748,6.988152,3.340762,1.540872,0.6166248,0.2262494,0.07369854
c,1.13,0.000559686,0.00469505,0.0254006,0.0939295,0.237245,0.385502,0.349778,0.122889,0.0048867,-0.00225691,-0.000771994,0.000111984,-3.38567e-05
c,1.13,-0.000248544,-0.00210517,-0.0114232,-0.0431072,-0.109821,-0.174396,-0.102816,0.240526,0.516367,0.3515,0.0611115,-0.00196137,0.000956513
c,1.13,6.71629e-05,0.000572822,0.00309223,0.0117628,0.029802,0.047716,0.0245118,-0.0778344,-0.168933,-0.0606207,0.326263,0.58028,0.306668
c,1.13,9.88162e-05,0.000899713,0.00456068,0.0184111,0.0435687,0.0787176,0.0299005,-0.0957683,-0.345287,-0.0324707,1.02763,-0.37788,-0.5838
c,13.13,1.0

f,Ce,76.99901,25.47311,9.862539,4.068437,1.652602,0.6270061,0.2265801,0.07878449
c,1.8,0.0103093,0.0603598,0.188741,0.34061,0.40295,0.306197,0.127058,0.0203627
c,1.8,-0.0101607,-0.0617771,-0.184862,-0.351033,-0.218448,0.565432,0.409329,0.109721
c,8.8,1.0

g,Ce,0.9282108
c,1.1,1

s,Pr,58688380.0,12811130.0,3488054.0,1056704.0,349786.4,124291.6,46970.34,18724.99,7824.07,3407.029,1538.524,717.2352,342.1748,155.767,78.09802,39.61095,18.43375,9.506226,4.037608,1.978166,0.5880293,0.2681216,0.0471883,0.02012458
c,1.24,0.000254441,0.000423465,0.0011043,0.00228674,0.0048758,0.00991576,0.0201958,0.0407079,0.0811772,0.152886,0.248047,0.285553,0.177518,0.0786662,0.0882035,0.0514437,0.037813,0.0302904,0.00282559,-0.000834554,2.46643e-05,-4.32058e-05,5.454e-06,-4.19525e-06
c,1.24,-0.000138506,-0.000230601,-0.000601785,-0.00124834,-0.00266874,-0.0054556,-0.0111968,-0.0229005,-0.0467429,-0.0922399,-0.162948,-0.22239,-0.147136,0.179136,0.396619,0.215936,0.216691,0.173874,0.0165764,-0.00611152,0.000201799,-0.000344391,4.41606e-05,-3.382e-05
c,1.24,7.42592e-05,0.000123678,0.000322897,0.000670808,0.00143651,0.00294927,0.00608268,0.0125881,0.0260797,0.0532712,0.0990294,0.149734,0.102463,-0.235916,-0.70209,-0.410309,0.681817,0.6717,0.0286295,-0.0517856,-0.0031636,-0.00173634,-0.000117318,-9.90404e-05
c,1.24,-1.6705e-05,-2.78217e-05,-7.26616e-05,-0.000150974,-0.000323659,-0.000664794,-0.00137536,-0.00285013,-0.00595534,-0.0122366,-0.0233247,-0.0360889,-0.0262082,0.0749152,0.249438,0.179342,-0.569452,-0.734415,0.675276,0.719592,0.109813,0.0352353,0.0102842,0.00176706
c,1.24,9.07016e-06,1.51067e-05,3.94507e-05,8.19738e-05,0.000175699,0.000360937,0.000746255,0.00154716,0.00322705,0.0066373,0.0125925,0.0195231,0.0139515,-0.0393311,-0.132341,-0.0937462,0.306417,0.424313,-0.507578,-0.713597,0.667628,0.435276,0.254161,0.0994106
c,1.24,-5.02545e-06,-8.37011e-06,-2.18579e-05,-4.54199e-05,-9.73443e-05,-0.000199995,-0.000413442,-0.000857323,-0.00178787,-0.00367795,-0.00697756,-0.0108188,-0.00773727,0.0218482,0.0735375,0.052492,-0.173747,-0.243123,0.307206,0.463212,-0.56753,-0.526962,0.785462,0.34718
c,1.24,8.11553e-06,1.353e-05,3.52761e-05,7.34885e-05,0.000156829,0.000324569,0.000662877,0.00140148,0.00283823,0.00609309,0.0108667,0.0185853,0.00997632,-0.0288798,-0.136796,-0.0553454,0.233606,0.556049,-0.977871,-0.44987,2.69341,-2.11463,-0.665839,1.08987
c,24.24,1.0

p,Pr,1430948.0,206072.9,43357.15,11580.18,3722.698,1376.327,563.5424,248.234,115.1746,55.22973,26.65824,13.30073,6.421738,3.14736,1.51111,0.6261869,0.2626111,0.07365985,0.02714253
c,1.19,4.91149e-05,0.000199608,0.000782092,0.00301813,0.0112767,0.0389155,0.113399,0.247103,0.337644,0.23906,0.145531,0.124959,0.0333943,-0.00156562,-0.000284569,-0.000267373,1.62729e-05,-2.33203e-05,7.77864e-06
c,1.19,-4.02324e-05,-0.00016374,-0.000643258,-0.00249144,-0.00938482,-0.0328343,-0.0986292,-0.22483,-0.321136,-0.102429,0.420045,0.539915,0.136229,-0.0262694,-0.00892748,-0.00237488,-0.000428158,-0.000169401,4.6886e-05
c,1.19,1.09194e-05,4.44959e-05,0.000175058,0.000680357,0.00257526,0.00911084,0.0279165,0.0657912,0.096461,0.00291182,-0.276202,-0.377802,0.237573,0.663581,0.274578,0.0562767,0.0337452,0.00339072,-0.000480052
c,1.19,-5.3999e-06,-2.2014e-05,-8.65026e-05,-0.000336856,-0.00127088,-0.00451239,-0.0137497,-0.0325873,-0.0471994,-0.00248497,0.140274,0.184324,-0.14347,-0.461915,-0.0908939,0.613162,0.512535,0.0524764,-0.00733643
c,1.19,1.22981e-06,5.01488e-06,1.96956e-05,7.67682e-05,0.000289302,0.0010288,0.00313044,0.00743834,0.0107389,0.00057384,-0.0326344,-0.0425233,0.0353227,0.118907,0.0149514,-0.214597,-0.218238,0.449407,0.68781
c,1.19,3.18285e-06,1.29886e-05,5.09212e-05,0.000199134,0.000746826,0.00267281,0.00807187,0.0193801,0.0274906,0.00232553,-0.0876696,-0.107408,0.0902557,0.349865,-0.0369233,-0.777552,0.212705,0.833096,0.110149
c,19.19,1.0

d,Pr,3074.218,851.1086,316.1279,135.0187,62.54141,30.20534,14.93965,7.298229,3.492052,1.609996,0.6408005,0.2343127,0.07611975
c,1.13,0.000563193,0.0047082,0.0254744,0.0943326,0.238536,0.387062,0.348292,0.120548,0.00442566,-0.00224313,-0.000747292,0.000111996,-3.34017e-05
c,1.13,-0.000251998,-0.00212762,-0.0115451,-0.0436455,-0.111307,-0.176506,-0.100719,0.247693,0.517478,0.345549,0.0586447,-0.00196204,0.000966729
c,1.13,6.5918e-05,0.000560579,0.00302528,0.0115327,0.0292386,0.046771,0.0230071,-0.0773921,-0.163788,-0.0543711,0.31796,0.570637,0.326892
c,1.13,9.96992e-05,0.000906213,0.00458617,0.0185841,0.0439256,0.079465,0.0274411,-0.0969925,-0.34523,-0.0197579,1.01497,-0.359745,-0.587387
c,13.13,1.0

f,Pr,85.57271,28.45167,11.08363,4.617636,1.899672,0.7328884,0.2689538,0.09453829
c,1.8,0.00967436,0.0580507,0.184922,0.34022,0.405223,0.303777,0.120791,0.01763
c,1.8,-0.00941958,-0.0576611,-0.17944,-0.32313,-0.224609,0.510874,0.46282,0.130517
c,8.8,1.0

g,Pr,1.058526
c,1.1,1

s,Nd,59196040.0,13028840.0,3571596.0,1087391.0,361253.5,128688.1,48713.43,19440.12,8127.617,3540.105,1598.656,745.1854,355.4914,161.9886,81.21741,41.22633,19.24267,9.935612,4.236188,2.07156,0.6139873,0.2782967,0.04831604,0.02052529
c,1.24,0.000270152,0.000442061,0.00115238,0.00236816,0.00503116,0.010178,0.0206301,0.0413485,0.0819922,0.153648,0.248528,0.286085,0.178386,0.0779026,0.0857255,0.0500848,0.0367547,0.0292733,0.00268305,-0.000812858,1.89641e-05,-3.96931e-05,4.70992e-06,-3.79335e-06
c,1.24,-0.000145372,-0.000237966,-0.000620791,-0.00127802,-0.00272245,-0.00553667,-0.0113101,-0.0230065,-0.0467088,-0.0917362,-0.161578,-0.220249,-0.145244,0.179728,0.395753,0.215586,0.218179,0.174027,0.0163014,-0.0062019,0.000173026,-0.000332966,4.08782e-05,-3.23271e-05
c,1.24,7.91573e-05,0.00012962,0.000338291,0.000697462,0.00148826,0.00303968,0.00623979,0.0128416,0.0264587,0.0537609,0.0995382,0.149979,0.101881,-0.237947,-0.704669,-0.409576,0.686336,0.670634,0.027039,-0.0521998,-0.00318682,-0.00167602,-0.000119486,-9.36545e-05
c,1.24,-1.78709e-05,-2.92632e-05,-7.63995e-05,-0.000157539,-0.000336529,-0.000687669,-0.00141602,-0.00291833,-0.00606426,-0.0123961,-0.0235321,-0.0362809,-0.0261206,0.0759933,0.251769,0.179888,-0.578966,-0.733542,0.684054,0.718977,0.106879,0.0338474,0.00980803,0.0016537
c,1.24,9.64956e-06,1.58016e-05,4.12508e-05,8.50659e-05,0.000181674,0.000371295,0.000764051,0.00157545,0.00326771,0.00668693,0.0126325,0.0195217,0.0138179,-0.039643,-0.132876,-0.0933588,0.309646,0.421769,-0.512591,-0.706173,0.671123,0.436828,0.250114,0.098162
c,1.24,-5.28641e-06,-8.65678e-06,-2.25985e-05,-4.66038e-05,-9.95242e-05,-0.000203424,-0.000418544,-0.000863196,-0.00179005,-0.00366386,-0.00692105,-0.0106966,-0.00757712,0.0217745,0.0730029,0.0516867,-0.17357,-0.23872,0.306044,0.45169,-0.557917,-0.520873,0.783489,0.34743
c,1.24,8.84266e-06,1.44956e-05,3.77756e-05,7.81145e-05,0.000166058,0.00034206,0.000694784,0.00146271,0.00294011,0.00629786,0.0111345,0.0191177,0.00989562,-0.029346,-0.14195,-0.0538125,0.237492,0.57814,-1.03832,-0.392996,2.65422,-2.09794,-0.645447,1.06765
c,24.24,1.0

p,Nd,1560092.0,224669.6,47127.01,12518.77,3999.338,1470.515,599.4803,263.1965,121.8109,58.31698,28.09497,14.00584,6.759591,3.309964,1.585821,0.6532364,0.2724449,0.07578313,0.0277438
c,1.19,4.92166e-05,0.000198147,0.000769456,0.00294753,0.0109633,0.0378237,0.110754,0.243653,0.337681,0.242878,0.147244,0.1263,0.0341002,-0.00166097,-0.000291371,-0.000274666,1.97646e-05,-2.42112e-05,8.13037e-06
c,1.19,-4.05112e-05,-0.000163329,-0.000635954,-0.00244494,-0.00916827,-0.0320584,-0.0967427,-0.222531,-0.322937,-0.111139,0.415548,0.544602,0.138534,-0.0265518,-0.00905387,-0.00233565,-0.000407096,-0.000166673,4.64866e-05
c,1.19,1.10541e-05,4.4622e-05,0.000174006,0.000671222,0.00252942,0.00894119,0.0275208,0.0654188,0.0975923,0.00641362,-0.275845,-0.383016,0.236925,0.666373,0.275159,0.05456,0.0325853,0.00328736,-0.000472292
c,1.19,-5.40654e-06,-2.18338e-05,-8.50412e-05,-0.000328677,-0.0012346,-0.00437978,-0.0134067,-0.032048,-0.0472393,-0.0041498,0.138602,0.184966,-0.141881,-0.458453,-0.0884508,0.611207,0.513231,0.052673,-0.00746599
c,1.19,1.22048e-06,4.93001e-06,1.91924e-05,7.42451e-05,0.000278563,0.000989788,0.00302538,0.00725096,0.0106532,0.000947821,-0.0319626,-0.042272,0.0345846,0.116731,0.0138578,-0.209436,-0.215023,0.439883,0.695039
c,1.19,3.30176e-06,1.33475e-05,5.18649e-05,0.000201337,0.000751543,0.00268868,0.0081519,0.0197575,0.0284877,0.00349278,-0.0900312,-0.111465,0.0924691,0.362947,-0.0531731,-0.784221,0.236736,0.820998,0.107474
c,19.19,1.0

d,Nd,3211.514,886.9724,328.9876,140.3983,65.00852,31.39662,15.54173,7.598468,3.638691,1.676986,0.6639806,0.242267,0.07848798
c,1.13,0.000568811,0.00473853,0.0256319,0.0949873,0.240247,0.388755,0.346176,0.117915,0.00426479,-0.00199962,-0.000682952,0.000113673,-3.05136e-05
c,1.13,-0.000256697,-0.0021603,-0.0117181,-0.0443518,-0.113107,-0.178831,-0.0980972,0.255383,0.518213,0.339222,0.0561473,-0.00203246,0.000918264
c,1.13,6.72221e-05,0.00057013,0.00307421,0.0117403,0.0297477,0.0474803,0.0220446,-0.0800754,-0.164799,-0.0473701,0.325234,0.567214,0.322595
c,1.13,0.000100925,0.000917756,0.00462559,0.0188418,0.0443312,0.0805067,0.0245033,-0.0982234,-0.348836,0.00156536,1.00363,-0.36806,-0.582393
c,13.13,1.0

f,Nd,92.54739,30.85202,12.06868,5.055417,2.092477,0.8127031,0.2996266,0.1054974
c,1.8,0.00940186,0.0572454,0.183834,0.340402,0.404917,0.302008,0.120129,0.0176231
c,1.8,-0.00932598,-0.0574986,-0.182206,-0.31859,-0.21296,0.489291,0.479632,0.134081
c,8.8,1.0

g,Nd,1.219054
c,1.1,1

s,Pm,59267850.0,13162170.0,3635503.0,1113073.0,371343.2,132679.6,50330.27,20113.75,8416.856,3668.036,1656.875,772.4126,368.549,168.1309,84.29466,42.82458,20.05872,10.36845,4.437257,2.165731,0.6397355,0.288299,0.04943396,0.02091254
c,1.24,0.000286692,0.000460482,0.00120032,0.0024461,0.00517736,0.0104155,0.0210072,0.0418575,0.0825111,0.153744,0.247612,0.2843,0.177428,0.0788785,0.087179,0.0507342,0.0377076,0.029814,0.00267023,-0.000854879,1.40734e-05,-3.92168e-05,4.31736e-06,-3.67215e-06
c,1.24,-0.000156114,-0.00025084,-0.000654335,-0.00133585,-0.00283511,-0.00573394,-0.0116559,-0.0235722,-0.0475766,-0.0928978,-0.162823,-0.220921,-0.144615,0.180485,0.394351,0.214462,0.219026,0.173419,0.0158436,-0.00631543,0.000137608,-0.000319767,3.72194e-05,-3.05519e-05
c,1.24,8.47437e-05,0.00013621,0.000355471,0.000726795,0.00154518,0.00313872,0.00641248,0.0131224,0.0268855,0.0543252,0.100121,0.150168,0.100829,-0.240954,-0.707438,-0.407026,0.692012,0.668891,0.0250708,-0.0527362,-0.00321212,-0.00160638,-0.000120166,-8.71664e-05
c,1.24,-1.91961e-05,-3.08537e-05,-8.05479e-05,-0.000164716,-0.000350573,-0.000712486,-0.00146016,-0.00299251,-0.00618357,-0.0125712,-0.0237547,-0.0364533,-0.0259056,0.0773817,0.254152,0.179572,-0.589079,-0.731299,0.693286,0.718184,0.103614,0.0321774,0.00924818,0.00149902
c,1.24,1.03128e-05,1.65764e-05,4.3271e-05,8.84923e-05,0.000188299,0.000382755,0.000783868,0.00160737,0.00331495,0.00674746,0.0126855,0.019519,0.0136229,-0.0401277,-0.133495,-0.0925463,0.313239,0.418624,-0.517957,-0.699124,0.676431,0.439295,0.24401,0.0957511
c,1.24,-5.55511e-06,-8.92913e-06,-2.33082e-05,-4.76688e-05,-0.000101425,-0.000206191,-0.000422206,-0.000865933,-0.00178551,-0.00363509,-0.00683374,-0.0105158,-0.00734569,0.0216735,0.0721092,0.0503862,-0.172622,-0.232717,0.303308,0.438355,-0.547514,-0.513046,0.783045,0.347391
c,1.24,9.65739e-06,1.55406e-05,4.04916e-05,8.30515e-05,0.000175857,0.000360449,0.000728102,0.00152616,0.00304453,0.00650505,0.0113952,0.0196216,0.00972244,-0.0299121,-0.147031,-0.0515545,0.24105,0.598606,-1.09569,-0.338311,2.6185,-2.0855,-0.622045,1.04373
c,24.24,1.0

p,Pm,1696999.0,244477.3,51144.82,13516.66,4291.949,1569.547,637.0604,278.7702,128.6909,61.5061,29.57558,14.73146,7.10716,3.476604,1.662596,0.6809147,0.282606,0.0785075,0.02850115
c,1.19,4.94076e-05,0.000197068,0.000758544,0.00288427,0.0106782,0.0368192,0.108298,0.240443,0.337836,0.246663,0.148667,0.127243,0.0346887,-0.00177688,-0.000310726,-0.000282169,2.30935e-05,-2.52119e-05,8.45596e-06
c,1.19,-4.08042e-05,-0.000162981,-0.000629047,-0.00240044,-0.00895977,-0.0313029,-0.0948642,-0.220113,-0.324326,-0.119361,0.411182,0.549224,0.140809,-0.0269175,-0.00923233,-0.0023007,-0.000381822,-0.000165242,4.60838e-05
c,1.19,1.11958e-05,4.47736e-05,0.000173078,0.000662643,0.00248569,0.00877676,0.0271266,0.0650132,0.0986022,0.00980113,-0.275264,-0.387924,0.236117,0.669064,0.275997,0.0526954,0.0312406,0.00319484,-0.000456913
c,1.19,-5.4107e-06,-2.16468e-05,-8.35827e-05,-0.000320604,-0.00119884,-0.00424805,-0.0130581,-0.0314707,-0.0471706,-0.0057167,0.136699,0.185244,-0.140026,-0.45434,-0.0866239,0.60858,0.514427,0.0532882,-0.00748527
c,1.19,1.23042e-06,4.92375e-06,1.90021e-05,7.29546e-05,0.000272485,0.000967097,0.00296831,0.00717282,0.0107157,0.00131524,-0.0317503,-0.0426463,0.0343156,0.116538,0.012831,-0.208348,-0.212504,0.434032,0.699887
c,1.19,3.44348e-06,1.37911e-05,5.31195e-05,0.000204696,0.000760353,0.00271857,0.00827123,0.0202305,0.0296202,0.00471785,-0.0928177,-0.116041,0.0945201,0.378734,-0.0690606,-0.797399,0.263927,0.807005,0.105022
c,19.19,1.0

d,Pm,3351.283,923.3529,342.0,145.8313,67.49672,32.59699,16.14553,7.896728,3.781615,1.740593,0.6842836,0.2485162,0.08007666
c,1.13,0.000574991,0.00477337,0.0258095,0.0957062,0.24206,0.390537,0.344092,0.115133,0.00386472,-0.00191663,-0.000643362,0.000113755,-2.87407e-05
c,1.13,-0.000261203,-0.0021911,-0.0118793,-0.0450081,-0.114756,-0.180838,-0.0951073,0.263306,0.519086,0.332699,0.0534774,-0.00203851,0.000913609
c,1.13,6.80719e-05,0.000575743,0.00310146,0.011863,0.030034,0.0478201,0.0209547,-0.0820311,-0.164816,-0.0408469,0.331751,0.56549,0.31762
c,1.13,0.000102758,0.000935028,0.00469163,0.0192132,0.0449712,0.0819862,0.0215667,-0.100438,-0.355087,0.0298209,0.990306,-0.384339,-0.571543
c,13.13,1.0

f,Pm,98.92626,33.04065,12.96632,5.451136,2.264115,0.8820301,0.3256434,0.1147694
c,1.8,0.00927526,0.0570661,0.184034,0.341222,0.404503,0.300266,0.119061,0.0174817
c,1.8,-0.00940748,-0.0584069,-0.186901,-0.320439,-0.196969,0.477386,0.484541,0.136639
c,8.8,1.0

g,Pm,1.414752
c,1.1,1

s,Sm,58530070.0,13135360.0,3661042.0,1128646.0,378548.1,135789.8,51661.46,20689.74,8671.098,3782.888,1710.037,797.6429,380.8335,173.9974,87.23426,44.36035,20.87194,10.80017,4.640278,2.260313,0.6659825,0.2984095,0.05056899,0.02131202
c,1.24,0.000307829,0.000483752,0.00126152,0.00254578,0.00536707,0.0107311,0.0215321,0.0426396,0.0835308,0.154668,0.247765,0.283265,0.176454,0.0789346,0.0867351,0.0501283,0.0376974,0.0295342,0.00260331,-0.000836206,1.11056e-05,-3.68092e-05,3.89481e-06,-3.40694e-06
c,1.24,-0.00016765,-0.000263558,-0.000687812,-0.00139057,-0.00293973,-0.00590965,-0.0119527,-0.0240279,-0.048206,-0.0935576,-0.163095,-0.22006,-0.142176,0.182677,0.392486,0.212355,0.220707,0.173195,0.0155392,-0.00624583,0.000116612,-0.000304361,3.43204e-05,-2.87901e-05
c,1.24,9.16852e-05,0.000144183,0.000376448,0.000762225,0.00161424,0.00325931,0.00662582,0.0134786,0.0274527,0.055133,0.101039,0.150547,0.0991576,-0.245873,-0.710891,-0.401647,0.69796,0.664338,0.0238533,-0.052048,-0.00314829,-0.00153628,-0.000117504,-8.19161e-05
c,1.24,-2.08866e-05,-3.28457e-05,-8.57869e-05,-0.000173731,-0.000368333,-0.000744118,-0.00151744,-0.00309178,-0.00635123,-0.0128353,-0.0241186,-0.0367682,-0.0255873,0.0796055,0.257586,0.17837,-0.601112,-0.727729,0.702419,0.715882,0.101047,0.0311523,0.00884611,0.00140413
c,1.24,1.11359e-05,1.75128e-05,4.57357e-05,9.26282e-05,0.000196336,0.000396719,0.000808429,0.00164813,0.00337891,0.00683744,0.0127815,0.0195439,0.0133458,-0.0409715,-0.134438,-0.0912001,0.317824,0.414754,-0.523509,-0.691892,0.67999,0.441737,0.238918,0.0938083
c,1.24,-5.90672e-06,-9.28923e-06,-2.42589e-05,-4.91334e-05,-0.000104137,-0.000210444,-0.000428774,-0.000874308,-0.00179212,-0.00362721,-0.00678023,-0.0103679,-0.00708715,0.021794,0.0715046,0.0489114,-0.172493,-0.226851,0.301304,0.426379,-0.537993,-0.506513,0.782221,0.347483
c,1.24,1.05915e-05,1.66768e-05,4.34666e-05,8.83046e-05,0.000186211,0.000379544,0.00076241,0.00159032,0.003149,0.00670441,0.0116342,0.0200335,0.00942062,-0.030711,-0.15149,-0.0485943,0.244646,0.613968,-1.14251,-0.292094,2.58258,-2.06807,-0.606717,1.02609
c,24.24,1.0

p,Sm,1840609.0,265428.7,55405.33,14573.7,4600.626,1673.464,676.2982,294.9615,135.8176,64.79874,31.10101,15.47813,7.464786,3.647522,1.74076,0.7087097,0.2927011,0.08119415,0.02925953
c,1.19,4.9639e-05,0.000196125,0.000748345,0.00282424,0.0104056,0.0358465,0.105865,0.237098,0.337561,0.250207,0.150467,0.128672,0.0354655,-0.00180549,-0.00029679,-0.000286918,2.75807e-05,-2.61605e-05,8.79041e-06
c,1.19,-4.12046e-05,-0.00016303,-0.000623774,-0.00236249,-0.00877566,-0.0306237,-0.0931574,-0.217935,-0.325803,-0.127531,0.406379,0.553144,0.143264,-0.0266303,-0.00916943,-0.00224493,-0.000353147,-0.000163165,4.55789e-05
c,1.19,1.13764e-05,4.50664e-05,0.000172706,0.000656222,0.00244991,0.00863803,0.0267964,0.0647219,0.0997093,0.01315,-0.274797,-0.392915,0.234749,0.671348,0.277017,0.0512868,0.0302851,0.00313908,-0.000446748
c,1.19,-5.42914e-06,-2.15153e-05,-8.23612e-05,-0.000313516,-0.00116685,-0.00412866,-0.0127391,-0.030941,-0.04712,-0.00720856,0.134916,0.185599,-0.138087,-0.450479,-0.0854135,0.605873,0.515732,0.0539749,-0.00752399
c,1.19,1.21852e-06,4.83005e-06,1.84803e-05,7.04126e-05,0.000261748,0.000927697,0.00285785,0.00696043,0.0105634,0.00163942,-0.0309253,-0.0421308,0.0332445,0.113821,0.0125327,-0.202279,-0.211556,0.421005,0.711268
c,1.19,3.6071e-06,1.43103e-05,5.46414e-05,0.000208999,0.000772431,0.00275921,0.00842075,0.020776,0.0308648,0.00599799,-0.0959265,-0.121102,0.0966331,0.396616,-0.0858325,-0.814336,0.295772,0.79149,0.100708
c,19.19,1.0

d,Sm,3493.69,960.2914,355.1789,151.3233,70.00826,33.80746,16.75191,8.192545,3.92164,1.801679,0.7018505,0.2531602,0.08097847
c,1.13,0.000581558,0.0048111,0.0259993,0.0964602,0.243915,0.392307,0.34201,0.112342,0.00344268,-0.0018351,-0.0006072,0.000113259,-2.7751e-05
c,1.13,-0.000265747,-0.00222199,-0.0120392,-0.0456557,-0.116355,-0.182715,-0.0918971,0.27133,0.51983,0.326176,0.0507634,-0.00206829,0.00091755
c,1.13,6.84707e-05,0.000577539,0.00310754,0.0119039,0.0301046,0.0478103,0.0196858,-0.0833682,-0.163621,-0.0343062,0.336954,0.563945,0.314279
c,1.13,0.000104786,0.000954557,0.0047653,0.0196271,0.0456652,0.0836295,0.0183928,-0.102699,-0.362032,0.0601618,0.976498,-0.402958,-0.557281
c,13.13,1.0

f,Sm,105.5308,35.30001,13.89048,5.857023,2.439748,0.9529557,0.3521756,0.1241226
c,1.8,0.00912863,0.0567481,0.183879,0.341558,0.404012,0.299354,0.118809,0.0174157
c,1.8,-0.00958808,-0.0600323,-0.193676,-0.325823,-0.182322,0.476275,0.481824,0.132011
c,8.8,1.0

g,Sm,1.658409
c,1.1,1

s,Eu,58953860.0,13328700.0,3738844.0,1158173.0,389847.4,140195.0,53428.94,21420.78,8983.037,3920.072,1772.124,826.523,394.6136,180.4557,90.45681,46.02925,21.72601,11.25137,4.848787,2.357021,0.6914931,0.3082506,0.05171043,0.02172273
c,1.24,0.000324564,0.000501682,0.00130835,0.00261958,0.00550368,0.0109458,0.0218598,0.0430447,0.0838446,0.154393,0.246289,0.280873,0.175211,0.080504,0.0893495,0.0514098,0.0393803,0.0306289,0.00267775,-0.000859228,1.07395e-05,-3.68217e-05,3.92179e-06,-3.39667e-06
c,1.24,-0.000180039,-0.000278386,-0.000726552,-0.00145737,-0.00307038,-0.00613957,-0.0123596,-0.0247052,-0.049279,-0.0950783,-0.164896,-0.221352,-0.142021,0.182696,0.389791,0.210563,0.222326,0.173279,0.0153832,-0.00615619,0.000107565,-0.000290974,3.28913e-05,-2.74038e-05
c,1.24,9.79055e-05,0.000151436,0.000395413,0.000794366,0.00167663,0.00336765,0.00681508,0.013788,0.0279303,0.0557867,0.101773,0.150945,0.098275,-0.248903,-0.713627,-0.398802,0.701851,0.660608,0.0233272,-0.0510624,-0.00303661,-0.00145658,-0.00011004,-7.62797e-05
c,1.24,-2.24435e-05,-3.47142e-05,-9.06737e-05,-0.000182195,-0.000384975,-0.000773722,-0.00157066,-0.00318312,-0.00650332,-0.0130736,-0.0244534,-0.0371115,-0.0254785,0.0812917,0.260878,0.178256,-0.611736,-0.725523,0.710286,0.714481,0.0984821,0.0298907,0.00839406,0.00125996
c,1.24,1.18691e-05,1.83594e-05,4.795e-05,9.63553e-05,0.000203547,0.000409168,0.000830012,0.00168313,0.00343182,0.00690859,0.0128543,0.0195733,0.0131772,-0.041517,-0.135274,-0.0904322,0.321727,0.411904,-0.52867,-0.686214,0.685708,0.445373,0.230935,0.0901988
c,1.24,-6.14538e-06,-9.50582e-06,-2.48263e-05,-4.98904e-05,-0.000105384,-0.000211866,-0.000429717,-0.000871558,-0.00177677,-0.00357739,-0.00665642,-0.010135,-0.00683275,0.0215639,0.0702239,0.0473753,-0.170515,-0.219713,0.296456,0.41241,-0.527164,-0.497414,0.783308,0.34719
c,1.24,1.13151e-05,1.75242e-05,4.56761e-05,9.20752e-05,0.000193492,0.000392392,0.000784508,0.00162819,0.00320467,0.00679392,0.0117149,0.0201501,0.00917818,-0.03104,-0.153343,-0.0465035,0.245957,0.618526,-1.16239,-0.26015,2.53388,-2.03117,-0.616884,1.02935
c,24.24,1.0

p,Eu,1997163.0,288194.0,60020.45,15713.8,4931.492,1784.089,717.8072,311.9989,143.2824,68.23332,32.68606,16.25206,7.835266,3.824076,1.821459,0.73569,0.302066,0.08297113,0.02962972
c,1.19,4.98285e-05,0.000195122,0.000738172,0.00276521,0.0101388,0.0348904,0.103445,0.233689,0.33713,0.253737,0.152355,0.130211,0.0363227,-0.00181019,-0.000277913,-0.000290183,3.20411e-05,-2.67371e-05,9.04669e-06
c,1.19,-4.15817e-05,-0.000163057,-0.000618579,-0.00232539,-0.00859601,-0.0299575,-0.0914615,-0.215715,-0.327159,-0.135763,0.40117,0.556909,0.145938,-0.0261098,-0.0090565,-0.00217858,-0.000320114,-0.000158644,4.47792e-05
c,1.19,1.15559e-05,4.53691e-05,0.000172397,0.000650135,0.00241557,0.00850358,0.0264725,0.06443,0.10081,0.0165651,-0.274108,-0.397994,0.232723,0.673508,0.278635,0.0499071,0.0291491,0.00304543,-0.000442221
c,1.19,-5.43654e-06,-2.13523e-05,-8.10493e-05,-0.000306198,-0.00113422,-0.00400693,-0.0124078,-0.0303698,-0.046981,-0.00868209,0.132886,0.185676,-0.135566,-0.446265,-0.0844636,0.604116,0.516649,0.0540894,-0.00763724
c,1.19,1.2226e-06,4.80291e-06,1.82222e-05,6.89036e-05,0.000254939,0.000902098,0.00278913,0.00684496,0.0105543,0.00197382,-0.0305012,-0.0422543,0.0326515,0.112846,0.0122951,-0.201327,-0.2081,0.422985,0.708804
c,1.19,3.74929e-06,1.47418e-05,5.58135e-05,0.000211895,0.000779264,0.00278025,0.00851136,0.021176,0.0319289,0.00729345,-0.0983197,-0.125543,0.0980504,0.410917,-0.0994274,-0.82885,0.326805,0.780237,0.0912127
c,19.19,1.0

d,Eu,3639.071,997.873,368.5541,156.8866,72.5489,35.03089,17.36228,8.487546,4.058876,1.859907,0.716893,0.2562409,0.08123638
c,1.13,0.000588436,0.00485115,0.0261983,0.0972423,0.245804,0.39408,0.339944,0.109534,0.00294712,-0.00181092,-0.000579661,0.000111451,-2.71563e-05
c,1.13,-0.000270187,-0.00225178,-0.0121917,-0.0462718,-0.117857,-0.184384,-0.088477,0.279341,0.520552,0.319678,0.0480099,-0.00211278,0.000913414
c,1.13,6.79193e-05,0.000571282,0.0030702,0.0117765,0.0297471,0.0471063,0.0181427,-0.0834475,-0.159902,-0.0280234,0.337122,0.560777,0.319112
c,1.13,0.000106592,0.000971615,0.00482745,0.0199869,0.0462416,0.0849853,0.0150548,-0.104394,-0.366772,0.0859484,0.963308,-0.411603,-0.545039
c,13.13,1.0

f,Eu,112.0898,37.5514,14.81842,6.268129,2.619659,1.026762,0.3803204,0.1342066
c,1.8,0.00902229,0.0565481,0.183819,0.341761,0.403411,0.298366,0.11839,0.0173056
c,1.8,-0.00979661,-0.0617915,-0.200382,-0.329675,-0.169235,0.475036,0.478958,0.128464
c,8.8,1.0

g,Eu,1.951322
c,1.1,1

s,Gd,58693610.0,13406970.0,3795454.0,1184121.0,400811.8,144741.9,55334.63,22235.45,9339.961,4080.506,1846.064,861.3989,411.3774,188.5567,94.60531,48.19373,22.7539,11.8026,5.115013,2.478138,0.7187271,0.3193995,0.05248452,0.02199397
c,1.24,0.000348704,0.000527008,0.0013756,0.00272551,0.00570333,0.0112687,0.0223835,0.0437955,0.0847896,0.155321,0.247233,0.282953,0.178072,0.078441,0.0844857,0.0494623,0.0355946,0.0278326,0.0022553,-0.000997915,-1.1408e-05,-3.26699e-05,2.3214e-06,-2.6454e-06
c,1.24,-0.000188328,-0.000284727,-0.000743769,-0.00147642,-0.00309839,-0.00615599,-0.012329,-0.0244958,-0.0485913,-0.0933205,-0.1616,-0.217544,-0.140694,0.181768,0.394133,0.215879,0.219159,0.172186,0.0140965,-0.00768642,-3.04425e-05,-0.000286413,2.53904e-05,-2.44829e-05
c,1.24,0.00010446,0.000157979,0.000412863,0.000820785,0.00172555,0.00344335,0.00693142,0.0139338,0.0280536,0.0557019,0.101221,0.149874,0.0981597,-0.244934,-0.711796,-0.407356,0.704479,0.676055,0.0177171,-0.0601524,-0.00360794,-0.00133714,-0.000124361,-5.37683e-05
c,1.24,-2.35295e-05,-3.55844e-05,-9.30281e-05,-0.000184983,-0.000389315,-0.000777411,-0.00156972,-0.00316145,-0.00641868,-0.0128313,-0.0238964,-0.0362225,-0.0249451,0.0787168,0.256271,0.178798,-0.603976,-0.731775,0.70823,0.733268,0.0906725,0.0238026,0.00679095,0.000534347
c,1.24,1.26637e-05,1.91528e-05,5.00655e-05,9.95612e-05,0.00020948,0.000418383,0.000844123,0.00170109,0.0034462,0.00689859,0.0127738,0.0194258,0.0130988,-0.0406666,-0.134351,-0.0913102,0.317829,0.415195,-0.523211,-0.697351,0.703901,0.464726,0.203294,0.0738815
c,1.24,-6.0636e-06,-9.17065e-06,-2.39719e-05,-4.76725e-05,-0.000100299,-0.000200339,-0.000404162,-0.000814562,-0.00165014,-0.00330311,-0.00611838,-0.00929869,-0.0062891,0.0195543,0.064433,0.0443208,-0.15584,-0.204028,0.269279,0.38616,-0.496932,-0.474535,0.801143,0.337026
c,1.24,1.20537e-05,1.82536e-05,4.76154e-05,9.49952e-05,0.000198809,0.000400641,0.000796489,0.00164338,0.00321173,0.00677791,0.0116095,0.0200029,0.00902052,-0.0299998,-0.152491,-0.0465529,0.239186,0.621586,-1.14499,-0.258222,2.47458,-1.97371,-0.655614,1.05751
c,24.24,1.0

p,Gd,2203660.0,318566.9,66221.32,17252.94,5379.255,1934.006,774.1467,335.1855,153.4659,72.92461,34.89978,17.36175,8.425541,4.125249,1.973204,0.7786679,0.3175909,0.08807833,0.03101114
c,1.19,4.96986e-05,0.000192422,0.000720319,0.00267305,0.00974204,0.0334894,0.0999388,0.229084,0.338838,0.261717,0.151075,0.128,0.0376491,-0.00215706,-0.000663978,-0.000305449,2.46765e-05,-2.6954e-05,8.81988e-06
c,1.19,-4.09678e-05,-0.00015884,-0.000596263,-0.00222045,-0.00815829,-0.0283925,-0.0872012,-0.208548,-0.324956,-0.150335,0.38626,0.569005,0.157786,-0.0287882,-0.0120366,-0.00231942,-0.000301312,-0.000162007,4.48234e-05
c,1.19,1.13903e-05,4.42129e-05,0.000166255,0.000620939,0.00229345,0.00805672,0.0252273,0.0621714,0.100171,0.0233194,-0.262394,-0.405469,0.204789,0.675799,0.302125,0.0477001,0.0246282,0.00291635,-0.000443184
c,1.19,-5.28709e-06,-2.053e-05,-7.71165e-05,-0.000288533,-0.00106238,-0.0037454,-0.0116624,-0.0289031,-0.0460267,-0.0117688,0.124938,0.185778,-0.116368,-0.435282,-0.10448,0.595085,0.528794,0.0574211,-0.00771446
c,1.19,1.21428e-06,4.71631e-06,1.77059e-05,6.63167e-05,0.000243829,0.000861327,0.00267648,0.00665477,0.010552,0.00275179,-0.0292974,-0.0430138,0.028118,0.112118,0.0174601,-0.195967,-0.214154,0.401517,0.729497
c,1.19,3.7934e-06,1.47471e-05,5.52433e-05,0.000207781,0.000759096,0.00270507,0.00831745,0.0209831,0.032503,0.00992541,-0.0965953,-0.12985,0.0842284,0.41774,-0.078487,-0.840272,0.315953,0.776821,0.0993425
c,19.19,1.0

d,Gd,3777.282,1033.448,381.1693,162.1132,74.92746,36.17185,17.93016,8.759932,4.184687,1.912452,0.7277384,0.2570915,0.0804831
c,1.13,0.000599016,0.00492136,0.0265488,0.0985146,0.248622,0.396573,0.337266,0.105453,0.00130934,-0.00241521,-0.000637464,0.000112281,-2.83379e-05
c,1.13,-0.000274882,-0.00228366,-0.01235,-0.0468833,-0.119184,-0.185343,-0.083288,0.289036,0.521141,0.311834,0.0447641,-0.00216899,0.000887744
c,1.13,6.61629e-05,0.000554975,0.00297767,0.011429,0.0287945,0.0453633,0.0159518,-0.0817924,-0.152236,-0.0217685,0.329163,0.554523,0.337605
c,1.13,0.000110074,0.00100212,0.00496226,0.0206021,0.0474167,0.0870117,0.011771,-0.108742,-0.37469,0.120427,0.945237,-0.409895,-0.531196
c,13.13,1.0

f,Gd,116.8922,39.17729,15.47988,6.547699,2.730546,1.06448,0.3914063,0.1370687
c,1.8,0.00921915,0.0578707,0.187436,0.345264,0.402861,0.294661,0.116049,0.0174279
c,1.8,-0.00950717,-0.0600296,-0.19438,-0.321613,-0.156625,0.444733,0.492633,0.16104
c,8.8,1.0

g,Gd,2.192774
c,1.1,1

s,Tb,58967400.0,13543800.0,3852947.0,1206438.0,409462.1,148133.3,56696.4,22797.03,9578.256,4184.537,1892.784,883.0252,421.7648,193.2878,96.84894,49.34405,23.46466,12.16944,5.275794,2.557784,0.7484444,0.330108,0.05411658,0.02255978
c,1.24,0.000370818,0.000552871,0.00144316,0.00283985,0.0059253,0.0116534,0.0230548,0.0448869,0.0864524,0.157463,0.249154,0.283081,0.176608,0.0775264,0.081997,0.0469246,0.0344731,0.0263174,0.00202194,-0.000877811,-1.10709e-05,-2.84404e-05,1.83772e-06,-2.28194e-06
c,1.24,-0.000197812,-0.000295029,-0.000770716,-0.00151955,-0.0031798,-0.00628953,-0.0125482,-0.0248173,-0.0489945,-0.0936319,-0.161291,-0.215594,-0.135523,0.189286,0.393668,0.211229,0.22132,0.169288,0.0131446,-0.00715958,-2.5677e-05,-0.000269178,2.3196e-05,-2.30426e-05
c,1.24,0.000111382,0.000166173,0.000434295,0.000857534,0.00179767,0.00357117,0.00716117,0.0143287,0.028709,0.0567023,0.10243,0.150302,0.0946913,-0.256084,-0.718495,-0.389252,0.720025,0.660742,0.0142579,-0.0568439,-0.00337018,-0.0013225,-0.00011438,-5.7391e-05
c,1.24,-2.5386e-05,-3.7873e-05,-9.90171e-05,-0.000195554,-0.000410403,-0.000815821,-0.00164112,-0.0032896,-0.00664814,-0.0132164,-0.0244811,-0.0367356,-0.0243307,0.0834964,0.262078,0.173272,-0.628577,-0.714048,0.730373,0.71373,0.088969,0.0246836,0.00669039,0.000723711
c,1.24,1.35242e-05,2.01778e-05,5.27477e-05,0.000104183,0.000218584,0.00043461,0.000873554,0.00175221,0.00353315,0.00703484,0.0129542,0.0195136,0.0126368,-0.0427565,-0.136398,-0.0876464,0.329286,0.404184,-0.540795,-0.677959,0.705269,0.461462,0.203223,0.0778788
c,1.24,-6.48915e-06,-9.68166e-06,-2.53089e-05,-4.99901e-05,-0.000104876,-0.000208547,-0.000419117,-0.000840823,-0.00169522,-0.00337566,-0.00621706,-0.009362,-0.00607657,0.0205907,0.0655808,0.0426037,-0.161709,-0.19912,0.279209,0.375785,-0.494902,-0.47384,0.78892,0.347111
c,1.24,1.322e-05,1.97503e-05,5.15186e-05,0.000102095,0.000213031,0.000427474,0.000846322,0.00173912,0.00337957,0.00710561,0.0120695,0.0207099,0.00862397,-0.0324101,-0.16005,-0.0413689,0.254397,0.634033,-1.23031,-0.180874,2.44697,-1.96922,-0.622438,1.02235
c,24.24,1.0

p,Tb,2338436.0,338259.7,70192.23,18221.41,5654.683,2023.898,807.0773,348.3887,159.1323,75.48735,36.02081,17.87664,8.613229,4.193468,1.989962,0.7961579,0.3241666,0.0891972,0.03135769
c,1.19,5.07276e-05,0.00019512,0.000725869,0.00267864,0.00972328,0.0333677,0.0996358,0.228897,0.338939,0.261981,0.152753,0.128429,0.0364078,-0.00239627,-0.000486123,-0.000311614,3.38081e-05,-2.84734e-05,9.49216e-06
c,1.19,-4.20457e-05,-0.000161954,-0.00060419,-0.00223744,-0.00818858,-0.0284467,-0.0874272,-0.209515,-0.32684,-0.149467,0.393452,0.567967,0.150397,-0.0294455,-0.0105771,-0.00219173,-0.000279183,-0.000156966,4.4118e-05
c,1.19,1.17659e-05,4.53734e-05,0.000169561,0.000629825,0.00231698,0.00812602,0.0254564,0.0628799,0.101368,0.0227248,-0.270093,-0.405185,0.22945,0.680054,0.281685,0.044589,0.0248961,0.00267862,-0.000381592
c,1.19,-5.42001e-06,-2.09086e-05,-7.80571e-05,-0.000290425,-0.00106526,-0.00374876,-0.0116817,-0.0290114,-0.0462498,-0.0113535,0.127786,0.184584,-0.130077,-0.436857,-0.0822343,0.599491,0.519596,0.0555874,-0.00762146
c,1.19,1.25104e-06,4.82712e-06,1.80128e-05,6.70765e-05,0.000245756,0.000866216,0.00269505,0.00671061,0.0106636,0.00264974,-0.0300572,-0.0430942,0.0318873,0.112917,0.011577,-0.200416,-0.205785,0.414294,0.716758
c,1.19,4.02434e-06,1.55425e-05,5.78676e-05,0.000216434,0.000787678,0.00280213,0.00862108,0.0218012,0.0337905,0.00999598,-0.102445,-0.133275,0.0996861,0.435531,-0.121144,-0.849569,0.365358,0.759014,0.0855258
c,19.19,1.0

d,Tb,3939.588,1075.171,395.9633,168.2558,77.73012,37.52263,18.60851,9.096447,4.346531,1.985452,0.75312,0.2655388,0.0829137
c,1.13,0.00060318,0.004938,0.0266271,0.0988957,0.249759,0.397687,0.335689,0.103867,0.00138022,-0.0022175,-0.000591084,0.000110166,-2.66293e-05
c,1.13,-0.000278552,-0.00230608,-0.0124664,-0.0473763,-0.12052,-0.18699,-0.0810479,0.294129,0.520853,0.307581,0.0435469,-0.00206258,0.000885917
c,1.13,6.77604e-05,0.000566535,0.0030377,0.0116758,0.0294262,0.0462797,0.0154563,-0.0842314,-0.154548,-0.0175801,0.338562,0.556027,0.325125
c,1.13,0.000112643,0.00102179,0.00505674,0.0210289,0.0484002,0.0887011,0.0100798,-0.112966,-0.380746,0.146973,0.931677,-0.431343,-0.520283
c,13.13,1.0

f,Tb,122.1375,40.95711,16.20598,6.857564,2.856441,1.109745,0.4060456,0.1415812
c,1.8,0.00932967,0.0587164,0.189716,0.346665,0.401013,0.293292,0.117473,0.0184048
c,1.8,-0.00990429,-0.0626996,-0.202789,-0.332607,-0.139556,0.455245,0.480654,0.150178
c,8.8,1.0

g,Tb,2.463518
c,1.1,1

s,Dy,58571880.0,13563450.0,3887555.0,1224456.0,417501.8,151562.9,58157.18,23427.01,9855.365,4309.201,1950.212,910.1421,434.9164,199.5705,99.97265,50.96623,24.34243,12.63318,5.493933,2.66029,0.7776501,0.3412594,0.0553457,0.02297867
c,1.24,0.000395162,0.000577928,0.00150984,0.00294313,0.00611931,0.0119636,0.0235541,0.0455882,0.0872803,0.157981,0.248577,0.281039,0.174966,0.0784667,0.0834668,0.0473046,0.0353188,0.0266932,0.00201578,-0.000879841,-1.23132e-05,-2.76632e-05,1.69276e-06,-2.17942e-06
c,1.24,-0.000213276,-0.000312023,-0.000815804,-0.00159334,-0.00332265,-0.00653343,-0.0129727,-0.0255076,-0.0500615,-0.0950727,-0.162785,-0.216096,-0.133772,0.191631,0.392117,0.209149,0.222112,0.168187,0.0127986,-0.00701162,-3.66748e-05,-0.000255604,2.1212e-05,-2.15342e-05
c,1.24,0.000119744,0.000175238,0.000458383,0.00089662,0.00187317,0.00369955,0.00738426,0.0146914,0.0292709,0.0574669,0.103222,0.150409,0.0926151,-0.26126,-0.721371,-0.382108,0.726135,0.655304,0.0131636,-0.0559011,-0.00329681,-0.0012714,-0.000110948,-5.35669e-05
c,1.24,-2.74654e-05,-4.01932e-05,-0.000105174,-0.000205771,-0.000430371,-0.000850576,-0.00170312,-0.00339485,-0.00682251,-0.0134839,-0.0248345,-0.0370014,-0.0238924,0.0858778,0.26534,0.170971,-0.64016,-0.708386,0.738208,0.710174,0.0872497,0.0241298,0.00642673,0.000670051
c,1.24,1.45509e-05,2.12953e-05,5.5717e-05,0.000109019,0.000227948,0.000450616,0.000901528,0.00179828,0.00360568,0.00713788,0.0130682,0.019552,0.012333,-0.0437497,-0.13752,-0.0859722,0.334279,0.400219,-0.546622,-0.671918,0.708616,0.464132,0.197749,0.0756835
c,1.24,-6.85159e-06,-1.00273e-05,-2.62352e-05,-5.13352e-05,-0.00010733,-0.000212196,-0.000424474,-0.000846842,-0.00169777,-0.00336124,-0.00615497,-0.00920528,-0.00582107,0.0206792,0.0648853,0.0410341,-0.161142,-0.193364,0.27665,0.365293,-0.486179,-0.467242,0.788471,0.347106
c,1.24,1.4287e-05,2.09378e-05,5.46606e-05,0.000107316,0.00022314,0.000445229,0.00087724,0.00179315,0.00346327,0.00724606,0.0122167,0.0208899,0.0082454,-0.0332609,-0.162689,-0.0382869,0.258852,0.636182,-1.25411,-0.147958,2.40423,-1.93715,-0.629116,1.02343
c,24.24,1.0

p,Dy,2523094.0,365642.4,75774.01,19596.06,6049.051,2153.682,855.0273,367.806,167.5416,79.31637,37.77441,18.72911,9.02173,4.386771,2.077623,0.8249592,0.3338741,0.0905296,0.03156893
c,1.19,5.10954e-05,0.000194764,0.000718572,0.00263164,0.00950278,0.0325523,0.0974924,0.225737,0.338466,0.265494,0.154393,0.129499,0.0372016,-0.00238574,-0.00046789,-0.000314134,3.718e-05,-2.8747e-05,9.673e-06
c,1.19,-4.25024e-05,-0.000162238,-0.000600272,-0.00220608,-0.00803157,-0.0278451,-0.0858094,-0.207155,-0.327489,-0.157059,0.387927,0.571649,0.153318,-0.0290275,-0.0105411,-0.00214649,-0.000261926,-0.000152467,4.3361e-05
c,1.19,1.19602e-05,4.57065e-05,0.000169408,0.000624444,0.00228531,0.00799682,0.0251169,0.0624663,0.102136,0.0259626,-0.268621,-0.409753,0.226394,0.681994,0.28343,0.0438838,0.0242268,0.00260575,-0.00038376
c,1.19,-5.45651e-06,-2.08593e-05,-7.72376e-05,-0.00028517,-0.00104063,-0.00365379,-0.0114159,-0.028547,-0.0461639,-0.0127007,0.126022,0.185118,-0.127537,-0.434464,-0.0815036,0.599125,0.519759,0.0551553,-0.00777062
c,1.19,1.21431e-06,4.64308e-06,1.71845e-05,6.35025e-05,0.000231459,0.000814028,0.00253916,0.00636669,0.0102613,0.00285857,-0.0285891,-0.0416026,0.0300794,0.107663,0.0118033,-0.190389,-0.203401,0.40437,0.724611
c,1.19,4.14522e-06,1.58651e-05,5.85845e-05,0.000217456,0.000787167,0.00279508,0.0086174,0.021959,0.0344899,0.0113242,-0.103754,-0.136286,0.099583,0.444484,-0.129838,-0.858228,0.389589,0.752975,0.073674
c,19.19,1.0

d,Dy,4095.191,1115.0,410.0354,174.0769,80.37749,38.79415,19.23841,9.395544,4.482962,2.041555,0.7640747,0.2664097,0.0821568
c,1.13,0.000610511,0.00498068,0.0268334,0.099688,0.251614,0.399303,0.333646,0.101264,0.000946732,-0.0021677,-0.000558383,0.000108457,-2.60288e-05
c,1.13,-0.000283159,-0.00233648,-0.012619,-0.0479839,-0.121968,-0.188468,-0.0774232,0.301914,0.521323,0.301016,0.0409152,-0.00207528,0.000876816
c,1.13,6.79511e-05,0.000566712,0.00303328,0.0116759,0.0293717,0.0460796,0.0141424,-0.0849974,-0.153092,-0.0108944,0.345492,0.556279,0.318944
c,1.13,0.000115296,0.00104702,0.0051525,0.0215484,0.0492589,0.0907054,0.00667727,-0.1158,-0.390101,0.185248,0.913135,-0.456748,-0.498397
c,13.13,1.0

f,Dy,127.7097,42.85518,16.9812,7.190355,2.993542,1.160364,0.4230889,0.1470804
c,1.8,0.00940343,0.0593587,0.191533,0.347874,0.399661,0.291947,0.118132,0.0191157
c,1.8,-0.0103065,-0.0654656,-0.211529,-0.340825,-0.121856,0.465381,0.46751,0.142378
c,8.8,1.0

g,Dy,2.776314
c,1.1,1

s,Ho,58909190.0,13729590.0,3958661.0,1252628.0,428631.7,156001.9,59967.95,24184.67,10181.17,4453.171,2015.539,940.5627,449.4546,206.4256,103.3748,52.72315,25.26314,13.11793,5.718601,2.765311,0.8065499,0.3522158,0.05651111,0.02337408
c,1.24,0.0004179,0.000601425,0.00157207,0.00303926,0.00629896,0.0122482,0.0240054,0.0462047,0.0879707,0.158349,0.248071,0.27972,0.174264,0.0791323,0.0842847,0.0475158,0.0353069,0.0264352,0.00190666,-0.000912128,-1.65418e-05,-2.59336e-05,1.44521e-06,-1.92869e-06
c,1.24,-0.000226991,-0.000326781,-0.000854859,-0.00165591,-0.0034422,-0.00673224,-0.0133081,-0.0260248,-0.0507991,-0.0959395,-0.163487,-0.216036,-0.132416,0.193206,0.391506,0.20824,0.222545,0.167161,0.0120736,-0.00727307,-6.82235e-05,-0.000241873,1.93816e-05,-1.95387e-05
c,1.24,0.000127641,0.000183807,0.000481065,0.000933269,0.00194361,0.00381818,0.00758765,0.0150146,0.0297547,0.0580896,0.103821,0.150447,0.0911283,-0.264755,-0.723723,-0.377404,0.732557,0.653025,0.0105443,-0.0568316,-0.00326715,-0.00117225,-0.000100356,-4.37047e-05
c,1.24,-2.93007e-05,-4.21933e-05,-0.00011047,-0.000214361,-0.000446931,-0.000878633,-0.00175163,-0.00347306,-0.00694266,-0.013647,-0.0250116,-0.0370611,-0.023483,0.0873692,0.267235,0.169054,-0.649413,-0.70374,0.747096,0.709576,0.082986,0.0216896,0.00564922,0.000385069
c,1.24,1.55207e-05,2.23514e-05,5.85125e-05,0.000113552,0.000236678,0.000465405,0.000927029,0.00183941,0.00366834,0.00722319,0.0131571,0.0195831,0.0121072,-0.0444669,-0.138497,-0.0847864,0.338759,0.397692,-0.554019,-0.670279,0.722104,0.474207,0.178653,0.0653561
c,1.24,-6.88017e-06,-9.90813e-06,-2.59378e-05,-5.03375e-05,-0.000104914,-0.00020632,-0.000410925,-0.000815442,-0.00162621,-0.00320186,-0.00583488,-0.00867733,-0.00538668,0.0198063,0.0614803,0.0381972,-0.153943,-0.180508,0.263199,0.343818,-0.467846,-0.449811,0.799028,0.340943
c,1.24,1.46652e-05,2.11469e-05,5.52433e-05,0.000107551,0.000223001,0.000442345,0.000868588,0.00176339,0.00339532,0.00704354,0.0118684,0.0200585,0.00788781,-0.0331369,-0.156399,-0.0376528,0.257917,0.598524,-1.18859,-0.158559,2.30005,-1.81783,-0.733956,1.10374
c,24.24,1.0

p,Ho,2723512.0,395321.3,81812.2,21078.56,6472.245,2292.094,905.8583,388.2823,176.3693,83.31955,39.60175,19.61573,9.447121,4.58766,2.168842,0.8546686,0.3439044,0.09219394,0.03194363
c,1.19,5.1537e-05,0.000194753,0.000712726,0.00259057,0.00930543,0.0318158,0.0955658,0.223035,0.338703,0.269464,0.155174,0.129244,0.0375673,-0.00255333,-0.000530521,-0.000319393,4.00151e-05,-2.89659e-05,9.81948e-06
c,1.19,-4.28159e-05,-0.000162025,-0.000594654,-0.00216896,-0.00785502,-0.0271762,-0.0839703,-0.204231,-0.327261,-0.164081,0.382812,0.576348,0.156241,-0.0296739,-0.0109782,-0.00210972,-0.000224124,-0.000146867,4.251e-05
c,1.19,1.21136e-05,4.58926e-05,0.000168732,0.000617222,0.00224713,0.00784465,0.0247002,0.0618514,0.102578,0.0291445,-0.266477,-0.413923,0.223207,0.685035,0.285904,0.0415262,0.0220171,0.00237719,-0.000359672
c,1.19,-5.44983e-06,-2.06536e-05,-7.58638e-05,-0.000277958,-0.00100907,-0.00353458,-0.011071,-0.027875,-0.0457255,-0.0139492,0.123304,0.184439,-0.124067,-0.429973,-0.080864,0.599147,0.520009,0.0547252,-0.00782234
c,1.19,1.47656e-17,-7.95486e-17,5.97743e-17,-1.1732e-16,3.15926e-16,-9.05175e-16,1.81094e-15,-2.17882e-15,3.2867e-15,-6.30218e-15,1.00735e-14,-1.27524e-14,1.37493e-14,-1.18818e-14,8.05528e-15,-4.20275e-15,1.77138e-15,-5.30409e-16,2.20464e-16
c,1.19,1.17811e-06,4.46572e-06,1.63956e-05,6.01257e-05,0.000218008,0.000764954,0.00239181,0.00603902,0.00987156,0.00305176,-0.0271704,-0.0401747,0.0282695,0.102694,0.0121745,-0.180587,-0.202044,0.392326,0.734454
c,1.19,4.25248e-06,1.61348e-05,5.91039e-05,0.000217714,0.000783946,0.00277767,0.00858212,0.0220298,0.0350791,0.0126423,-0.104526,-0.139067,0.0988847,0.451339,-0.135106,-0.866043,0.408565,0.748791,0.0627659
c,19.19,1.0

d,Ho,4254.478,1155.643,424.36,179.9915,83.06363,40.0831,19.87428,9.694664,4.617368,2.094986,0.7712884,0.2648691,0.08077549
c,1.13,0.000618323,0.00502701,0.027057,0.100544,0.253612,0.401132,0.331738,0.0982974,-0.000168304,-0.00251597,-0.000577135,0.000106347,-2.77456e-05
c,1.13,-0.000286916,-0.00235976,-0.012732,-0.0484427,-0.123029,-0.189316,-0.0732792,0.309775,0.521774,0.29452,0.0381988,-0.00215902,0.000851123
c,1.13,-6.45547e-05,-0.000536872,-0.00286916,-0.0110565,-0.0277705,-0.0434281,-0.0121128,0.081021,0.142562,0.00700763,-0.331445,-0.548505,-0.347279
c,1.13,0.000118668,0.0010746,0.00527851,0.0221142,0.0504268,0.0926348,0.00419861,-0.120802,-0.395733,0.215118,0.894777,-0.437232,-0.488875
c,13.13,1.0

f,Ho,133.2617,44.73777,17.74933,7.518903,3.127878,1.209353,0.4390523,0.1517982
c,1.8,0.00949663,0.0600992,0.193564,0.349407,0.398635,0.290277,0.117935,0.0195149
c,1.8,-0.0105766,-0.0673595,-0.217384,-0.344356,-0.10692,0.466642,0.460273,0.143924
c,8.8,1.0

g,Ho,3.125913
c,1.1,1

s,Er,59226900.0,13889400.0,4028102.0,1280424.0,439694.8,160436.4,61783.11,24945.81,10508.87,4598.055,2081.287,971.1781,464.0915,213.337,106.7969,54.48669,26.19819,13.61001,5.947495,2.87261,0.8364937,0.3635675,0.05772856,0.02378924
c,1.24,0.000442989,0.000627457,0.00164116,0.00314654,0.0065009,0.0125725,0.0245314,0.0469591,0.0889201,0.159183,0.248308,0.279284,0.174028,0.0789654,0.0834294,0.0467879,0.034355,0.0254787,0.00174752,-0.000911938,-2.06714e-05,-2.35056e-05,1.05557e-06,-1.63799e-06
c,1.24,-0.000239851,-0.000339833,-0.000889576,-0.00170894,-0.00354146,-0.00688953,-0.0135601,-0.0263779,-0.0512202,-0.0962311,-0.163274,-0.214913,-0.130239,0.195618,0.391937,0.207726,0.22241,0.165583,0.0113098,-0.00749266,-0.000100661,-0.000229559,1.70072e-05,-1.77969e-05
c,1.24,0.000135827,0.000192501,0.000504142,0.000969955,0.00201379,0.00393494,0.00778589,0.0153245,0.0302083,0.0586465,0.104288,0.15026,0.089354,-0.268441,-0.725815,-0.371811,0.73951,0.650623,0.0077785,-0.0578293,-0.00327871,-0.0011001,-9.65082e-05,-3.68169e-05
c,1.24,-3.1216e-05,-4.42398e-05,-0.000115902,-0.000223047,-0.000463611,-0.000906592,-0.00179958,-0.00354935,-0.00705784,-0.0137978,-0.0251607,-0.0370633,-0.0229949,0.0888749,0.268837,0.166571,-0.658179,-0.697878,0.755093,0.707862,0.0797276,0.0199643,0.00514693,0.000227681
c,1.24,1.65239e-05,2.34196e-05,6.1348e-05,0.000118073,0.000245342,0.000479886,0.000951734,0.00187853,0.00372643,0.00729802,0.0132244,0.0195731,0.0118354,-0.045166,-0.139218,-0.0832552,0.342603,0.393913,-0.559489,-0.665992,0.729914,0.480073,0.166596,0.0593478
c,1.24,-7.04376e-06,-9.98313e-06,-2.6151e-05,-5.03323e-05,-0.00010458,-0.000204573,-0.00040569,-0.000800802,-0.00158862,-0.00311068,-0.00564028,-0.00833842,-0.00506824,0.0193574,0.0594024,0.0361355,-0.149832,-0.171629,0.254973,0.328788,-0.454759,-0.438023,0.804093,0.337424
c,1.24,1.52863e-05,2.16931e-05,5.67095e-05,0.000109484,0.00022635,0.000446469,0.000873354,0.00176232,0.00337929,0.00696125,0.011694,0.0195983,0.007538,-0.033283,-0.153359,-0.0360934,0.258011,0.576818,-1.15603,-0.155677,2.22622,-1.7388,-0.794768,1.14853
c,24.24,1.0

p,Er,2936576.0,427036.3,88273.15,22663.3,6923.044,2438.775,959.4433,409.7672,185.5945,87.48783,41.49956,20.53521,9.888865,4.795825,2.263246,0.8868922,0.3553265,0.09522372,0.0327453
c,1.19,5.20143e-05,0.000194866,0.000707448,0.00255192,0.00911762,0.0311084,0.0936925,0.220363,0.338916,0.273496,0.155908,0.128821,0.0379351,-0.00269066,-0.000582137,-0.00032578,4.31767e-05,-2.96779e-05,1.00398e-05
c,1.19,-4.31332e-05,-0.000161822,-0.00058918,-0.00213271,-0.00768246,-0.0265188,-0.0821363,-0.20123,-0.326789,-0.170987,0.377413,0.581025,0.159392,-0.0302656,-0.0114152,-0.00209147,-0.000197447,-0.000144885,4.20158e-05
c,1.19,1.22644e-05,4.60633e-05,0.000168016,0.000609907,0.00220871,0.0076909,0.0242704,0.0611807,0.102894,0.0323007,-0.263935,-0.41786,0.21932,0.687607,0.288494,0.0398363,0.0204956,0.00225527,-0.00034074
c,1.19,-5.45856e-06,-2.05081e-05,-7.47343e-05,-0.000271713,-0.000981222,-0.00342812,-0.0107623,-0.0272768,-0.0453819,-0.0151905,0.120796,0.18425,-0.120711,-0.426078,-0.0813628,0.597039,0.521692,0.0553846,-0.00781763
c,1.19,1.17678e-06,4.42218e-06,1.61075e-05,5.86149e-05,0.000211411,0.000739903,0.00231865,0.00589335,0.00976972,0.00331551,-0.0265383,-0.0399887,0.027297,0.101198,0.0124403,-0.177193,-0.201679,0.383991,0.741868
c,1.19,4.39522e-06,1.65326e-05,6.00815e-05,0.000219628,0.000786552,0.00278058,0.0086067,0.0222534,0.0359097,0.0141038,-0.105974,-0.142973,0.0984758,0.462871,-0.143179,-0.877053,0.427349,0.738537,0.0587282
c,19.19,1.0

d,Er,4417.623,1197.14,438.95,186.0048,85.79076,41.39055,20.5239,10.00869,4.763277,2.156881,0.7863469,0.2676458,0.08101893
c,1.13,0.000626098,0.00507243,0.0272749,0.10137,0.255542,0.402773,0.329633,0.095679,-0.000931425,-0.00273718,-0.000581628,0.000103924,-2.82611e-05
c,1.13,-0.000290946,-0.00238478,-0.012855,-0.0489307,-0.124177,-0.19022,-0.0693739,0.316339,0.521346,0.289169,0.0364085,-0.00215115,0.000828374
c,1.13,-6.28007e-05,-0.000520619,-0.00277891,-0.0107161,-0.0268849,-0.0418777,-0.0106244,0.0789022,0.136036,0.00403957,-0.32275,-0.542484,-0.365751
c,1.13,0.000122168,0.00110068,0.00540847,0.0226459,0.0516476,0.0943132,0.00217565,-0.126572,-0.398685,0.238839,0.879401,-0.423738,-0.483205
c,13.13,1.0

f,Er,138.8254,46.62682,18.52012,7.84771,3.261666,1.257666,0.4546722,0.1564182
c,1.8,0.00959465,0.0608381,0.195542,0.350836,0.397572,0.288709,0.117975,0.0200461
c,1.8,-0.0107989,-0.0689049,-0.222139,-0.347292,-0.0940549,0.467502,0.454332,0.145197
c,8.8,1.0

g,Er,3.508546
c,1.1,1

s,Tm,59159210.0,13966960.0,4076713.0,1302555.0,449119.3,164370.5,63438.0,25653.3,10817.87,4736.157,2144.488,1000.811,478.3609,220.1347,110.1596,56.22003,27.13744,14.10488,6.179737,2.981746,0.8675489,0.3753196,0.05903076,0.02423569
c,1.24,0.000473502,0.000659116,0.00172568,0.00327858,0.00675223,0.0129838,0.0252193,0.0480063,0.0904021,0.160931,0.249902,0.280306,0.17441,0.0771892,0.0794193,0.0443067,0.0320323,0.0235276,0.00158267,-0.000813923,-2.06396e-05,-2.0071e-05,6.73488e-07,-1.34528e-06
c,1.24,-0.000250999,-0.000349496,-0.000915799,-0.00174343,-0.0036018,-0.00696785,-0.0136552,-0.0264239,-0.0510517,-0.0954445,-0.161309,-0.211614,-0.126277,0.199097,0.392505,0.207001,0.22264,0.164079,0.0109701,-0.00732668,-0.000109966,-0.000219826,1.50559e-05,-1.67758e-05
c,1.24,0.000145061,0.000202038,0.000529654,0.00100981,0.00208999,0.00406073,0.00799941,0.0156584,0.0307004,0.0592572,0.104801,0.149999,0.0871353,-0.272996,-0.727796,-0.364467,0.745366,0.645627,0.00666638,-0.0570688,-0.00324566,-0.00107734,-9.79303e-05,-3.55795e-05
c,1.24,-3.35589e-05,-4.67392e-05,-0.000122574,-0.000233751,-0.000484344,-0.000941801,-0.00186122,-0.00365102,-0.00722072,-0.0140354,-0.0254511,-0.0372308,-0.0224918,0.0910231,0.271486,0.163753,-0.668183,-0.691219,0.76134,0.703773,0.078846,0.0199193,0.00508133,0.000253982
c,1.24,1.76702e-05,2.46119e-05,6.45363e-05,0.000123086,0.000254959,0.000495891,0.000979136,0.00192215,0.00379229,0.00738486,0.0133066,0.019563,0.0115085,-0.046032,-0.14,-0.0813488,0.346557,0.389088,-0.563194,-0.65855,0.729102,0.47981,0.166147,0.0602197
c,1.24,-7.50609e-06,-1.04548e-05,-2.7414e-05,-5.22861e-05,-0.0001083,-0.000210659,-0.000415908,-0.000816551,-0.00161101,-0.00313682,-0.00565526,-0.00830561,-0.00491029,0.0196557,0.0595354,0.0351802,-0.150986,-0.168884,0.255617,0.32343,-0.450013,-0.43566,0.79904,0.340424
c,1.24,1.67024e-05,2.32951e-05,6.09522e-05,0.000116628,0.000240312,0.000471507,0.000917744,0.00184353,0.00351072,0.00720748,0.0119937,0.0201014,0.00718668,-0.034324,-0.158815,-0.0322592,0.262974,0.593324,-1.20691,-0.115527,2.21833,-1.74802,-0.762965,1.1187
c,24.24,1.0

p,Tm,3159366.0,460534.7,95123.25,24344.55,7400.189,2593.354,1015.647,432.2055,195.1934,91.81081,43.46375,21.4858,10.34605,5.010777,2.360519,0.919614,0.3668306,0.09822792,0.03347514
c,1.19,5.24619e-05,0.00019481,0.000701646,0.00251163,0.0089243,0.0303771,0.0917018,0.217277,0.338313,0.277104,0.157447,0.129562,0.0387694,-0.00264449,-0.000558494,-0.000329947,4.66858e-05,-3.05573e-05,1.03043e-05
c,1.19,-4.36027e-05,-0.000162142,-0.000585676,-0.0021038,-0.00753651,-0.0259489,-0.0805321,-0.198661,-0.32679,-0.178316,0.371056,0.584658,0.162921,-0.0297533,-0.0114253,-0.00206975,-0.000190997,-0.000144761,4.16941e-05
c,1.19,1.24605e-05,4.63867e-05,0.000167864,0.000604651,0.00217773,0.00756188,0.0239085,0.0606494,0.103388,0.0355217,-0.261497,-0.422119,0.2145,0.689059,0.291092,0.0397566,0.02038,0.00229228,-0.000346036
c,1.19,-5.50684e-06,-2.05066e-05,-7.41429e-05,-0.00026747,-0.000960696,-0.0033469,-0.0105282,-0.0268515,-0.0452919,-0.0164824,0.118936,0.18508,-0.117677,-0.423935,-0.0826088,0.594161,0.523749,0.0563255,-0.00788313
c,1.19,1.18335e-06,4.40754e-06,1.59284e-05,5.75128e-05,0.000206318,0.000720045,0.00226081,0.00578275,0.00971839,0.00358546,-0.0260456,-0.0400347,0.0264709,0.100368,0.0126874,-0.175399,-0.200697,0.378651,0.746712
c,1.19,4.56814e-06,1.70316e-05,6.14058e-05,0.000222762,0.000793229,0.0027977,0.00867058,0.0225821,0.0368931,0.0157047,-0.107946,-0.147479,0.0978876,0.478303,-0.154849,-0.88973,0.450537,0.723819,0.0563452
c,19.19,1.0

d,Tm,4584.74,1239.515,453.8128,192.1193,88.55984,42.71681,21.18266,10.32723,4.911266,2.220114,0.8027928,0.2714609,0.08154622
c,1.13,0.000633584,0.00511505,0.0274763,0.102128,0.257299,0.404121,0.327448,0.0935414,-0.00104223,-0.00260826,-0.000543902,0.000101235,-2.66611e-05
c,1.13,-0.000295714,-0.00241547,-0.0130079,-0.0495263,-0.125597,-0.191518,-0.0658714,0.322468,0.520703,0.284038,0.03489,-0.00207989,0.000823986
c,1.13,-6.43773e-05,-0.000532161,-0.00283597,-0.0109468,-0.0274201,-0.0425754,-0.00978298,0.0810532,0.137803,-0.00131125,-0.334072,-0.54601,-0.35021
c,1.13,0.000125204,0.00112542,0.00551652,0.0231476,0.0526338,0.0960377,-0.000652053,-0.13093,-0.403603,0.269346,0.862205,-0.449848,-0.46699
c,13.13,1.0

f,Tm,144.6447,48.60139,19.32632,8.192803,3.40319,1.309628,0.4719248,0.1617409
c,1.8,0.00966421,0.061419,0.197111,0.351867,0.396461,0.287474,0.118542,0.0207347
c,1.8,-0.0110777,-0.0708488,-0.228223,-0.351829,-0.0813306,0.47219,0.446058,0.141098
c,8.8,1.0

g,Tm,3.905389
c,1.1,1

s,Yb,58714880.0,13960190.0,4102913.0,1318311.0,456614.4,167687.2,64885.03,26287.33,11099.69,4863.776,2203.495,1028.723,491.9334,226.6798,113.3902,57.88234,28.07053,14.59745,6.41446,3.091525,0.8988605,0.38707,0.06029532,0.02467429
c,1.24,0.000502706,0.000686901,0.00180082,0.00338776,0.00695464,0.0132915,0.0256956,0.0486228,0.091017,0.160961,0.248364,0.276789,0.171748,0.0794345,0.0834462,0.0459174,0.0341921,0.0248404,0.00164154,-0.000852203,-2.18383e-05,-2.06582e-05,6.74981e-07,-1.36364e-06
c,1.24,-0.000273823,-0.00037426,-0.000981997,-0.00185111,-0.00381194,-0.00732942,-0.0142962,-0.0274991,-0.0528062,-0.098042,-0.164488,-0.213789,-0.125129,0.201591,0.390523,0.204443,0.222938,0.16247,0.0106298,-0.0071057,-0.000114867,-0.000207016,1.35518e-05,-1.54906e-05
c,1.24,0.000155886,0.000213119,0.000559462,0.00105622,0.0021792,0.00420883,0.0082541,0.0160659,0.0313255,0.0600933,0.105629,0.149953,0.0844928,-0.279025,-0.730396,-0.355006,0.75152,0.638784,0.00581173,-0.0557961,-0.00315377,-0.00103389,-9.42342e-05,-3.28689e-05
c,1.24,-3.63077e-05,-4.96367e-05,-0.00013035,-0.000246154,-0.000508449,-0.000982822,-0.00193362,-0.00377202,-0.0074189,-0.0143345,-0.0258332,-0.0374766,-0.0218716,0.0938113,0.274869,0.160034,-0.679874,-0.683755,0.768417,0.699676,0.0774023,0.0195405,0.00489238,0.000221027
c,1.24,1.89954e-05,2.59708e-05,6.81919e-05,0.000128789,0.000265938,0.000514187,0.00101073,0.00197319,0.00387152,0.00749451,0.0134207,0.0195728,0.0111118,-0.0471762,-0.141061,-0.078955,0.351435,0.384022,-0.568195,-0.652363,0.731431,0.482235,0.161014,0.0580755
c,1.24,-7.91354e-06,-1.08194e-05,-2.84087e-05,-5.36546e-05,-0.000110787,-0.000214223,-0.000421055,-0.000822082,-0.001613,-0.00312201,-0.00559405,-0.00814911,-0.00465197,0.0197606,0.0588241,0.0335278,-0.150231,-0.163332,0.252675,0.314367,-0.442192,-0.429517,0.798949,0.339989
c,1.24,1.78195e-05,2.43959e-05,6.3919e-05,0.000121111,0.000248774,0.000485196,0.000940279,0.00187802,0.00355745,0.00725895,0.0120036,0.0199758,0.00671663,-0.0350668,-0.158892,-0.0289814,0.26504,0.584169,-1.20308,-0.10149,2.17182,-1.70321,-0.789879,1.13625
c,24.24,1.0

p,Yb,3391283.0,495822.8,102373.7,26126.44,7905.03,2756.266,1074.617,455.6514,205.1876,96.29764,45.49886,22.46976,10.82002,5.233125,2.460857,0.9505232,0.3768871,0.09956434,0.0335913
c,1.19,5.296e-05,0.000194872,0.000696343,0.00247335,0.00873866,0.0296676,0.0897383,0.214133,0.337471,0.28058,0.159158,0.130537,0.039712,-0.00258821,-0.000538433,-0.000331748,4.99058e-05,-3.07495e-05,1.04272e-05
c,1.19,-4.41492e-05,-0.000162681,-0.000583005,-0.00207799,-0.00740183,-0.0254145,-0.0790046,-0.196177,-0.326767,-0.185624,0.364348,0.588042,0.166624,-0.0290528,-0.0114028,-0.00202911,-0.000176179,-0.000140744,4.08513e-05
c,1.19,1.26834e-05,4.67866e-05,0.000167985,0.000600369,0.00215017,0.00744366,0.0235716,0.0601551,0.103898,0.0387444,-0.258979,-0.426514,0.209275,0.690665,0.294175,0.0393826,0.0198133,0.00224962,-0.000350623
c,1.19,-5.55149e-06,-2.04846e-05,-7.34851e-05,-0.000263022,-0.000939458,-0.00326305,-0.0102809,-0.0263804,-0.0450896,-0.0177181,0.116822,0.185478,-0.114154,-0.421446,-0.0833916,0.593439,0.524573,0.0560536,-0.00800379
c,1.19,1.15268e-06,4.25421e-06,1.52541e-05,5.46485e-05,0.000194941,0.000678339,0.00213306,0.00548987,0.00934737,0.00372494,-0.0247316,-0.0387059,0.0247426,0.095974,0.0130276,-0.167067,-0.198243,0.370064,0.753577
c,1.19,4.71775e-06,1.74296e-05,6.23476e-05,0.000224433,0.000794538,0.00279505,0.00867103,0.0227396,0.037603,0.0172195,-0.10904,-0.15092,0.0962667,0.48956,-0.163386,-0.899329,0.474383,0.714071,0.0474378
c,19.19,1.0

d,Yb,4755.875,1282.775,468.9496,198.335,91.3707,44.06175,21.84287,10.63479,5.047955,2.274012,0.8096418,0.2699227,0.07971275
c,1.13,0.000641206,0.00515864,0.0276798,0.102898,0.259057,0.405527,0.325477,0.0912382,-0.00138189,-0.00255143,-0.000512681,9.83156e-05,-2.57913e-05
c,1.13,-0.000300241,-0.00244423,-0.0131481,-0.0500782,-0.126881,-0.192645,-0.0621094,0.329458,0.520522,0.278083,0.0327849,-0.00206121,0.000806481
c,1.13,-6.41619e-05,-0.000529114,-0.00281368,-0.0108765,-0.0271835,-0.0421113,-0.0085658,0.0809584,0.135745,-0.00699666,-0.339289,-0.547477,-0.346185
c,1.13,0.000127874,0.001149,0.00560703,0.0236234,0.0534288,0.0977215,-0.00408707,-0.134094,-0.408676,0.301548,0.843268,-0.466869,-0.448308
c,13.13,1.0

f,Yb,150.713,50.66381,20.16855,8.55438,3.552435,1.36517,0.4906669,0.1675926
c,1.8,0.00971201,0.0618766,0.198401,0.35275,0.395566,0.286385,0.118827,0.0212134
c,1.8,-0.0113737,-0.0729405,-0.234799,-0.35595,-0.06838,0.476638,0.437342,0.13713
c,8.8,1.0

g,Yb,4.304356
c,1.1,1

s,Lu,59082970.0,14147040.0,4187217.0,1353230.0,470920.5,173558.6,67336.9,27333.18,11556.69,5068.433,2297.352,1072.715,512.9107,236.748,118.5364,60.58039,29.33616,15.26973,6.731855,3.273538,0.9993234,0.4418819,0.07946162,0.03158334
c,1.24,0.000579524,0.000776984,0.00204025,0.00379941,0.00777627,0.0147748,0.0284474,0.0535905,0.100012,0.176908,0.27506,0.313827,0.195491,0.036952,-0.00219492,0.00139697,-0.000801483,0.000399504,-0.000171653,7.67413e-05,-2.47004e-05,1.10546e-05,-2.88029e-06,1.27416e-06
c,1.24,-0.000216971,-0.000291018,-0.000765121,-0.00142918,-0.00293871,-0.00563441,-0.0109922,-0.0212153,-0.041073,-0.0778295,-0.135421,-0.187803,-0.108803,0.271976,0.571744,0.299043,0.0298777,-0.00137704,0.000302388,-0.000217709,6.15937e-05,-2.42933e-05,7.66896e-06,-2.05969e-06
c,1.24,0.000102396,0.000137362,0.000361171,0.000675091,0.00138876,0.00266784,0.00521161,0.0101105,0.0196559,0.0377835,0.0667792,0.0967325,0.0545967,-0.202429,-0.575498,-0.284815,0.725556,0.61532,0.0671349,-0.00445936,0.00135581,-0.000607994,0.000124209,-8.36865e-05
c,1.24,-4.98365e-05,-6.68481e-05,-0.000175806,-0.000328562,-0.000676306,-0.00129874,-0.00254127,-0.00492552,-0.00961703,-0.0184565,-0.0329949,-0.0476703,-0.0279687,0.112601,0.329651,0.193983,-0.746406,-0.758157,0.775235,0.750266,0.0441014,-0.00877435,0.00222903,-0.000423465
c,1.24,-1.93483e-05,-2.59534e-05,-6.8255e-05,-0.000127566,-0.000262587,-0.000504305,-0.00098685,-0.00191333,-0.00373607,-0.00717783,-0.0128343,-0.0186114,-0.0108536,0.0446757,0.133677,0.0799598,-0.340528,-0.371943,0.543735,0.698949,-0.730055,-0.629213,-0.0225148,0.00522536
c,1.24,5.03217e-06,6.75032e-06,1.77512e-05,3.31819e-05,6.82838e-05,0.000131202,0.000256566,0.000497961,0.000971027,0.00186914,0.00333472,0.00485345,0.00280469,-0.0116161,-0.0350663,-0.0208171,0.0902916,0.100461,-0.153671,-0.209031,0.272617,0.410707,-0.663258,-0.522217
c,1.24,2.45558e-05,3.29859e-05,8.65513e-05,0.000162319,0.000332277,0.000644009,0.00124155,0.00246565,0.00463957,0.00942418,0.015489,0.0258372,0.00869173,-0.0441863,-0.206157,-0.0402868,0.345614,0.780019,-1.67923,0.0363904,2.6665,-2.22703,-0.288393,0.704119
c,24.24,1.0

p,Lu,3736547.0,548506.9,113247.5,28812.72,8669.74,3004.038,1164.664,491.6295,220.5941,103.236,48.72075,24.07305,11.68891,5.664391,2.676563,1.029803,0.4115746,0.1085041,0.03756881
c,1.19,6.06277e-05,0.000220509,0.000780107,0.00274322,0.00963088,0.03265,0.0996416,0.242747,0.39693,0.325821,0.0852456,0.00106515,0.00100886,-0.000572149,0.000191056,-7.30064e-05,2.88645e-05,-9.02304e-06,3.34651e-06
c,1.19,-3.0531e-05,-0.000111232,-0.000394875,-0.00139433,-0.00494228,-0.0169759,-0.0534543,-0.136246,-0.237444,-0.133066,0.353652,0.589384,0.198253,0.00657045,0.00247939,-0.000671541,0.000263371,-8.23778e-05,3.0931e-05
c,1.19,1.46478e-05,5.33875e-05,0.000189662,0.000670369,0.00238137,0.00820333,0.0260252,0.0670371,0.118842,0.0559907,-0.263584,-0.471694,0.161934,0.705919,0.32681,0.0206106,-0.00103597,0.000247286,-0.000100778
c,1.19,5.05309e-06,1.84249e-05,6.54127e-05,0.000231611,0.000821034,0.0028401,0.00898187,0.023329,0.0410909,0.019429,-0.101015,-0.175072,0.0881929,0.395815,0.103029,-0.585289,-0.541437,-0.0600362,0.00881
c,1.19,1.18602e-06,4.32515e-06,1.53507e-05,5.4384e-05,0.000192639,0.000667075,0.00210746,0.0054826,0.00963956,0.00458096,-0.0239815,-0.0412596,0.0212769,0.0975787,0.0230022,-0.169081,-0.213822,0.382787,0.743299
c,1.19,4.28361e-06,1.56337e-05,5.53855e-05,0.000196948,0.000693511,0.00242235,0.00757135,0.019995,0.0343654,0.0179543,-0.0925198,-0.144387,0.075329,0.427052,-0.0762374,-0.836845,0.3252,0.790127,0.065126
c,19.19,1.0

d,Lu,4917.793,1323.529,483.1522,204.1411,93.98472,45.3069,22.42245,10.85417,5.113442,2.273961,0.7743624,0.2459903,0.0704102
c,1.13,0.00064784,0.00519477,0.0278272,0.103394,0.259739,0.404898,0.322665,0.0921224,0.00457039,0.000990741,-0.000105603,6.14707e-05,-1.78912e-05
c,1.13,-0.000314957,-0.0025564,-0.0137216,-0.0522501,-0.131966,-0.19957,-0.0607344,0.341983,0.524706,0.263608,0.0259219,-0.00202446,0.000643843
c,1.13,5.73431e-05,0.000472495,0.00250243,0.00969708,0.0241041,0.0372837,0.00598072,-0.0728196,-0.119299,0.0137384,0.324219,0.538878,0.384257
c,1.13,0.000132819,0.00120558,0.00579367,0.0247549,0.0549091,0.102294,-0.010674,-0.137239,-0.431216,0.371937,0.81768,-0.434291,-0.397621
c,13.13,1.0

f,Lu,169.876,57.30513,22.97225,9.870472,4.184268,1.663815,0.6232399,0.2199714
c,1.8,0.00831277,0.0547714,0.181893,0.33878,0.39538,0.298319,0.129482,0.0233613
c,1.8,-0.0104137,-0.0686753,-0.231066,-0.370513,-0.102557,0.472953,0.440056,0.121711
c,8.8,1.0

g,Lu,5.012131
c,1.1,1

}
