basis &quot;Sc_m6-31G*&quot; CARTESIAN
  Sc   S
     39088.980000000      0.00180326
      5869.792000000      0.01380769
      1336.910000000      0.06800396
       376.603100000      0.23470990
       120.467900000      0.48156900
        40.980320000      0.34456520
  Sc  SP
       786.285200000      0.00245186      0.00403953
       186.887000000      0.03259579      0.03122570
        60.009350000      0.12382420      0.13498330
        22.258830000     -0.04359890      0.34247930
         8.885149000     -0.61771810      0.46231130
         3.609211000     -0.44328230      0.21775240
  Sc  SP
        29.843550000     -0.00258630     -0.00609665
         9.542383000      0.07188424     -0.02628884
         4.056790000      0.25032600      0.05091001
         1.704703000     -0.29910030      0.37980970
         0.706234000     -0.74468180      0.51708830
         0.279536000     -0.17997760      0.18297720
  Sc  SP
         1.065609000      0.06482978     -0.29384400
         0.425933000      0.32537560      0.09235323
         0.076320000     -1.17080600      0.98479300
  Sc  SP
         0.029594000      1.00000000      1.00000000
  Sc   D
         9.2389253773     0.1013495998
         2.3061823929     0.4074937059
         0.6394887979     0.6965324203
  Sc   D
         0.1620099141     1.00000000
  Sc   F
        0.80000000      1.00000000
end
