****
H     0 
S   3   1.00
 118753.0892189              0.00000034
   5170.23631942             0.00001503
    340.31345127             0.00037853
S   1   1.00
     33.865                  1.00000000
S   1   1.00
      5.09479                1.00000000
S   1   1.00
      1.15879                1.00000000
S   1   1.00
      0.32584                1.00000000
S   1   1.00
      0.102741               1.00000000
****
C     0 
S   7   1.00
 16876193.13942              0.00000006
 717812.0184378              0.00000265
  46416.99275025             0.00006807
   4563.24                   0.00105552
    682.024                  0.00866603
     154.973                 0.04301032
      1.82773                0.43340136
S   1   1.00
     44.4553                 1.00000000
S   1   1.00
     13.029                  1.00000000
S   1   1.00
     20.9642                 1.00000000
S   1   1.00
      4.80331                1.00000000
S   1   1.00
      1.45933                1.00000000
S   1   1.00
      0.483456               1.00000000
S   1   1.00
      0.145585               1.00000000
S   1   1.00
      0.043800               1.00000000
P   4   1.00
    121.32953805             0.00075096
     20.9642                 0.01110197
      4.80331                0.07021793
      1.45933                0.23201981
P   1   1.00
      0.483456               1.00000000
P   1   1.00
      0.145585               1.00000000
P   1   1.00
      0.043800               1.00000000
D   1   1.00
      0.626000               1.00000000
****
N     0 
S   7   1.00
 23421322.38384              0.00000006
 988674.6264273              0.00000262
  63798.90182836             0.00006752
   6293.48                   0.00103995
    949.044                  0.00840880
    218.776                  0.04094490
      2.72023                0.43311373
S   1   1.00
     63.6916                 1.00000000
S   1   1.00
     18.8282                 1.00000000
S   1   1.00
     30.6331                 1.00000000
S   1   1.00
      7.02614                1.00000000
S   1   1.00
      2.11205                1.00000000
S   1   1.00
      0.684009               1.00000000
S   1   1.00
      0.200878               1.00000000
S   1   1.00
      0.063900               1.00000000
P   4   1.00
    175.03570330             0.00074214
     30.6331                 0.01117529
      7.02614                0.07350563
      2.11205                0.24667585
P   1   1.00
      0.684009               1.00000000
P   1   1.00
      0.200878               1.00000000
P   1   1.00
      0.063900               1.00000000
D   1   1.00
      0.913000               1.00000000
****
O     0 
S   7   1.00
 31660948.43265              0.00000005
 1341747.480166              0.00000251
  86856.41933057             0.00006440
   8588.5                    0.00098884
   1297.23                   0.00798975
    299.296                  0.03894177
      3.74004                0.43596773
S   1   1.00
     87.3771                 1.00000000
S   1   1.00
     25.6789                 1.00000000
S   1   1.00
     42.1175                 1.00000000
S   1   1.00
      9.62837                1.00000000
S   1   1.00
      2.85332                1.00000000
S   1   1.00
      0.905661               1.00000000
S   1   1.00
      0.255611               1.00000000
S   1   1.00
      0.084500               1.00000000
P   4   1.00
    238.82507403             0.00071107
     42.1175                 0.01088929
      9.62837                0.07471358
      2.85332                0.25205556
P   1   1.00
      0.905661               1.00000000
P   1   1.00
      0.255611               1.00000000
P   1   1.00
      0.084500               1.00000000
D   1   1.00
      1.292000               1.00000000
