ECP
Uuo nelec 92
Uuo ul
2    1.0374           -0.211666
2    3.1099           -6.001543
2    7.3763          -40.273151
2   17.7236          -99.483131
2   50.9873         -300.288086
2  158.7679         -698.911865
1  514.7391          -86.382462
Uuo S
2    0.6279           -6.011416
2    0.7603           17.849394
2    1.1035          -33.594082
2    1.7832           65.429939
2    3.0609         -131.570038
2    6.0233          370.429199
2   12.8861         -324.954041
1   24.7489          201.721802
0  176.9262           13.128312
Uuo P
2    1.2406           22.772751
2    1.4725          -73.744926
2    1.9884          144.491562
2    2.9416         -258.592438
2    4.7745          525.101440
2    8.1409         -524.478577
2   15.7004          746.173645
1   56.0607          193.233841
0  214.5148           12.739911
Uuo D
2    0.8169           16.294556
2    0.9719          -46.406033
2    1.4213          104.539230
2    2.1256         -205.747482
2    3.5732          425.201996
2    6.3523         -497.616791
2   12.7393          660.944702
1   51.2715           45.717476
0   36.3097           12.926905
Uuo F
2    0.9784          -24.515936
2    1.1836           87.944298
2    1.6125         -175.530014
2    2.4940          336.897400
2    4.1191         -433.326447
2    7.3926          497.843475
2   15.5493         -170.563477
1   26.0905          125.270248
0  115.4018            8.370827
END
