****
Cd 0
S 11 1.00
973.241302 0.000234
132.752957 0.001107
20.464353 -0.129147
14.006684 0.574008
9.659607 -0.503684
5.267040 -0.540312
1.988865 0.543538
1.090861 0.649427
0.559800 0.206274
0.182508 0.006961
0.079026 -0.000935
S 11 1.00
973.241302 -0.000077
132.752957 -0.000353
20.464353 0.040095
14.006684 -0.185604
9.659607 0.177484
5.267040 0.162208
1.988865 -0.208669
1.090861 -0.325041
0.559800 -0.162814
0.182508 0.401347
0.079026 0.608387
S 11 1.00
973.241302 -0.000173
132.752957 -0.000968
20.464353 0.104780
14.006684 -0.480315
9.659607 0.480464
5.267040 0.372670
1.988865 -0.644709
1.090861 -1.364762
0.559800 1.403124
0.182508 1.170448
0.079026 -0.861584
S 11 1.00
973.241302 -0.000234
132.752957 -0.001050
20.464353 0.114036
14.006684 -0.537380
9.659607 0.494424
5.267040 0.715804
1.988865 -2.072806
1.090861 -0.348028
0.559800 2.991192
0.182508 -1.894640
0.079026 -0.556613
S 11 1.00
973.241302 -0.000308
132.752957 -0.003081
20.464353 0.311570
14.006684 -1.406745
9.659607 1.586442
5.267040 0.780398
1.988865 -6.527777
1.090861 8.351138
0.559800 -3.126949
0.182508 -1.936032
0.079026 3.568954
S 1 1.00
0.034059 1.0
P 11 1.00
116.760551 0.000301
26.777726 -0.009261
18.467398 0.044547
7.666820 -0.233057
2.538262 0.312928
1.455482 0.482878
0.740304 0.326530
0.317798 0.053368
0.144360 -0.002188
0.061259 0.001807
0.023997 -0.000581
P 11 1.00
116.760551 -0.000047
26.777726 0.001383
18.467398 -0.008647
7.666820 0.052813
2.538262 -0.086943
1.455482 -0.123903
0.740304 -0.096701
0.317798 0.085849
0.144360 0.347929
0.061259 0.523638
0.023997 0.208296
P 11 1.00
116.760551 -0.000235
26.777726 0.006877
18.467398 -0.033288
7.666820 0.186534
2.538262 -0.345593
1.455482 -0.602543
0.740304 0.299340
0.317798 0.893308
0.144360 0.163029
0.061259 -0.512248
0.023997 -0.255929
P 11 1.00
116.760551 -0.000660
26.777726 0.018512
18.467398 -0.065720
7.666820 0.316825
2.538262 -0.920253
1.455482 -0.569756
0.740304 1.782793
0.317798 -0.145701
0.144360 -1.302686
0.061259 0.562931
0.023997 0.388728
P 11 1.00
116.760551 0.001239
26.777726 -0.034826
18.467398 0.112020
7.666820 -0.530151
2.538262 2.713679
1.455482 -2.458233
0.740304 -0.845660
0.317798 2.830759
0.144360 -2.203082
0.061259 0.278774
0.023997 0.519864
P 1 1.00
0.008518 1.0
D 9 1.00
35.904448 0.002361
10.731802 -0.011015
7.401243 -0.008828
3.730317 0.153249
1.848612 0.360417
0.869886 0.388679
0.386981 0.252699
0.156939 0.070476
0.06 0.001380
D 9 1.00
35.904448 -0.003188
10.731802 0.014277
7.401243 0.016303
3.730317 -0.275654
1.848612 -0.571836
0.869886 0.092448
0.386981 0.615278
0.156939 0.278375
0.06 0.024682
D 9 1.00
35.904448 0.002602
10.731802 0.004205
7.401243 -0.074026
3.730317 0.508180
1.848612 0.399934
0.869886 -0.989949
0.386981 -0.066489
0.156939 0.720471
0.06 0.206801
D 9 1.00
35.904448 -0.001966
10.731802 -0.045969
7.401243 0.223402
3.730317 -1.268024
1.848612 0.775351
0.869886 0.874195
0.386981 -1.390090
0.156939 0.471893
0.06 0.485968
F 1 1.00
3.182 1.0
F 1 1.00
0.931 1.0
F 1 1.00
0.27 1.0
G 1 1.00
2.407 1.0
G 1 1.00
0.70 1.0
****

Cd 0
CD-ECP 4 28
g-ul potential
1
2 1.000000 0.000000
s-ul potential
2
2 13.355176 270.039448
2 7.308378 38.877766
p-ul potential
4
2 12.659728 64.607470
2 12.289639 129.219445
2 6.786176 10.622558
2 6.400743 21.265046
d-ul potential
4
2 11.161722 31.663965
2 11.219615 47.489216
2 4.537733 5.186200
2 4.335727 7.566063
f-ul potential
2
2 11.478986 -12.632785
2 11.487027 -16.760171

