$DATA
LANTHANUM
 S 6 
   1  896770.4166840000      0.0795111541
   2  398564.6296370000     -0.0375342446
   3  177139.8353940000      0.1595294291
   4   78728.8157310000      0.0758719262
   5   34990.5847690000      0.3462724565
   6   15551.3710090000      0.5145503537
 S 1 
   1    6911.7204480000      1.0000000000
 S 1 
   1    3071.8757550000      1.0000000000
 S 1 
   1    1365.2781130000      1.0000000000
 S 1 
   1     606.7902730000      1.0000000000
 S 1 
   1     269.6845660000      1.0000000000
 S 1 
   1     119.8598070000      1.0000000000
 S 1 
   1      53.2710250000      1.0000000000
 S 1 
   1      23.6760110000      1.0000000000
 S 1 
   1      10.5226720000      1.0000000000
 S 1 
   1       4.6767430000      1.0000000000
 S 1 
   1       2.0785520000      1.0000000000
 S 1 
   1       0.9238010000      1.0000000000
 S 1 
   1       0.4105780000      1.0000000000
 S 1 
   1       0.1824790000      1.0000000000
 S 1 
   1       0.0811020000      1.0000000000
 S 1 
   1       0.0360450000      1.0000000000
 S 1 
   1       0.0160200000      1.0000000000
 P 5 
   1   11986.2753990000      0.0109212514
   2    4794.5101600000      0.0152689903
   3    1917.8040640000      0.0763280147
   4     767.1216260000      0.2464929514
   5     306.8486500000      0.7490989198
 P 1 
   1     122.7394600000      1.0000000000
 P 1 
   1      49.0957840000      1.0000000000
 P 1 
   1      19.6383140000      1.0000000000
 P 1 
   1       7.8553250000      1.0000000000
 P 1 
   1       3.1421300000      1.0000000000
 P 1 
   1       1.2568520000      1.0000000000
 P 1 
   1       0.5027410000      1.0000000000
 P 1 
   1       0.2010960000      1.0000000000
 P 1 
   1       0.0804390000      1.0000000000
 P 1 
   1       0.0321750000      1.0000000000
 P 1 
   1       0.0128700000      1.0000000000
 D 4 
   1     797.4623660000      0.0083589126
   2     289.9863150000      0.0478945012
   3     105.4495690000      0.2592173271
   4      38.3452980000      0.7928724969
 D 1 
   1      13.9437450000      1.0000000000
 D 1 
   1       5.0704530000      1.0000000000
 D 1 
   1       1.8438010000      1.0000000000
 D 1 
   1       0.6704730000      1.0000000000
 D 1 
   1       0.2438080000      1.0000000000
 D 1 
   1       0.0886580000      1.0000000000
 D 1 
   1       0.0322390000      1.0000000000
 D 1 
   1       0.0117230000      1.0000000000
CERIUM
 S 6 
   1  928839.8476080000      0.0806755672
   2  412817.7100480000     -0.0382676928
   3  183474.5377990000      0.1614758923
   4   81544.2390220000      0.0755382180
   5   36241.8840100000      0.3477337088
   6   16107.5040040000      0.5119033445
 S 1 
   1    7158.8906690000      1.0000000000
 S 1 
   1    3181.7291860000      1.0000000000
 S 1 
   1    1414.1018600000      1.0000000000
 S 1 
   1     628.4897160000      1.0000000000
 S 1 
   1     279.3287630000      1.0000000000
 S 1 
   1     124.1461170000      1.0000000000
 S 1 
   1      55.1760520000      1.0000000000
 S 1 
   1      24.5226900000      1.0000000000
 S 1 
   1      10.8989730000      1.0000000000
 S 1 
   1       4.8439880000      1.0000000000
 S 1 
   1       2.1528840000      1.0000000000
 S 1 
   1       0.9568370000      1.0000000000
 S 1 
   1       0.4252610000      1.0000000000
 S 1 
   1       0.1890050000      1.0000000000
 S 1 
   1       0.0840020000      1.0000000000
 S 1 
   1       0.0373340000      1.0000000000
 S 1 
   1       0.0165930000      1.0000000000
 P 5 
   1   12451.0879550000      0.0111673036
   2    4980.4351820000      0.0153959998
   3    1992.1740730000      0.0769122559
   4     796.8696290000      0.2467846239
   5     318.7478520000      0.7484103650
 P 1 
   1     127.4991410000      1.0000000000
 P 1 
   1      50.9996560000      1.0000000000
 P 1 
   1      20.3998630000      1.0000000000
 P 1 
   1       8.1599450000      1.0000000000
 P 1 
   1       3.2639780000      1.0000000000
 P 1 
   1       1.3055910000      1.0000000000
 P 1 
   1       0.5222360000      1.0000000000
 P 1 
   1       0.2088950000      1.0000000000
 P 1 
   1       0.0835580000      1.0000000000
 P 1 
   1       0.0334230000      1.0000000000
 P 1 
   1       0.0133690000      1.0000000000
 D 4 
   1     837.0672260000      0.0083131758
   2     304.3880820000      0.0475524725
   3     110.6865750000      0.2580636392
   4      40.2496640000      0.7939743090
 D 1 
   1      14.6362410000      1.0000000000
 D 1 
   1       5.3222700000      1.0000000000
 D 1 
   1       1.9353710000      1.0000000000
 D 1 
   1       0.7037710000      1.0000000000
 D 1 
   1       0.2559170000      1.0000000000
 D 1 
   1       0.0930610000      1.0000000000
 D 1 
   1       0.0338400000      1.0000000000
 D 1 
   1       0.0123060000      1.0000000000
 F 4 
   1      22.0128040000      0.0921081125
   2       7.3376010000      0.3037720991
   3       2.4458670000      0.5075711376
   4       0.8152890000      0.4306657389
 F 1 
   1       0.2717630000      1.0000000000
 F 1 
   1       0.0905880000      1.0000000000
PRASEODYMIUM
 S 6 
   1  961538.7552820000      0.0818487018
   2  427350.5579030000     -0.0390096636
   3  189933.5812900000      0.1634331320
   4   84414.9250180000      0.0751890794
   5   37517.7444520000      0.3491982453
   6   16674.5530900000      0.5092547574
 S 1 
   1    7410.9124840000      1.0000000000
 S 1 
   1    3293.7388820000      1.0000000000
 S 1 
   1    1463.8839480000      1.0000000000
 S 1 
   1     650.6150880000      1.0000000000
 S 1 
   1     289.1622610000      1.0000000000
 S 1 
   1     128.5165610000      1.0000000000
 S 1 
   1      57.1184710000      1.0000000000
 S 1 
   1      25.3859870000      1.0000000000
 S 1 
   1      11.2826610000      1.0000000000
 S 1 
   1       5.0145160000      1.0000000000
 S 1 
   1       2.2286740000      1.0000000000
 S 1 
   1       0.9905220000      1.0000000000
 S 1 
   1       0.4402320000      1.0000000000
 S 1 
   1       0.1956590000      1.0000000000
 S 1 
   1       0.0869590000      1.0000000000
 S 1 
   1       0.0386490000      1.0000000000
 S 1 
   1       0.0171770000      1.0000000000
 P 5 
   1   12926.8771060000      0.0114184610
   2    5170.7508420000      0.0155251529
   3    2068.3003370000      0.0775083060
   4     827.3201350000      0.2470822704
   5     330.9280540000      0.7477069847
 P 1 
   1     132.3712220000      1.0000000000
 P 1 
   1      52.9484890000      1.0000000000
 P 1 
   1      21.1793950000      1.0000000000
 P 1 
   1       8.4717580000      1.0000000000
 P 1 
   1       3.3887030000      1.0000000000
 P 1 
   1       1.3554810000      1.0000000000
 P 1 
   1       0.5421930000      1.0000000000
 P 1 
   1       0.2168770000      1.0000000000
 P 1 
   1       0.0867510000      1.0000000000
 P 1 
   1       0.0347000000      1.0000000000
 P 1 
   1       0.0138800000      1.0000000000
 D 4 
   1     877.6091640000      0.0082732653
   2     319.1306050000      0.0472368131
   3     116.0474930000      0.2569425872
   4      42.1990880000      0.7950362929
 D 1 
   1      15.3451230000      1.0000000000
 D 1 
   1       5.5800450000      1.0000000000
 D 1 
   1       2.0291070000      1.0000000000
 D 1 
   1       0.7378570000      1.0000000000
 D 1 
   1       0.2683120000      1.0000000000
 D 1 
   1       0.0975680000      1.0000000000
 D 1 
   1       0.0354790000      1.0000000000
 D 1 
   1       0.0129020000      1.0000000000
 F 4 
   1      20.9298010000      0.1098455236
   2       6.9766000000      0.3348361810
   3       2.3255330000      0.5126153091
   4       0.7751780000      0.3863288841
 F 1 
   1       0.2583930000      1.0000000000
 F 1 
   1       0.0861310000      1.0000000000
NEODYMIUM
 S 6 
   1  994735.7959840000      0.0830299653
   2  442104.7982150000     -0.0397598145
   3  196491.0214290000      0.1654002056
   4   87329.3428570000      0.0748245369
   5   38813.0412700000      0.3506657720
   6   17250.2405640000      0.5066055827
 S 1 
   1    7666.7735840000      1.0000000000
 S 1 
   1    3407.4549260000      1.0000000000
 S 1 
   1    1514.4244120000      1.0000000000
 S 1 
   1     673.0775160000      1.0000000000
 S 1 
   1     299.1455630000      1.0000000000
 S 1 
   1     132.9535830000      1.0000000000
 S 1 
   1      59.0904820000      1.0000000000
 S 1 
   1      26.2624360000      1.0000000000
 S 1 
   1      11.6721940000      1.0000000000
 S 1 
   1       5.1876420000      1.0000000000
 S 1 
   1       2.3056190000      1.0000000000
 S 1 
   1       1.0247190000      1.0000000000
 S 1 
   1       0.4554310000      1.0000000000
 S 1 
   1       0.2024140000      1.0000000000
 S 1 
   1       0.0899620000      1.0000000000
 S 1 
   1       0.0399830000      1.0000000000
 S 1 
   1       0.0177700000      1.0000000000
 P 5 
   1   13410.3010510000      0.0116748397
   2    5364.1204200000      0.0156575447
   3    2145.6481680000      0.0781209663
   4     858.2592670000      0.2473991697
   5     343.3037070000      0.7469732723
 P 1 
   1     137.3214830000      1.0000000000
 P 1 
   1      54.9285930000      1.0000000000
 P 1 
   1      21.9714370000      1.0000000000
 P 1 
   1       8.7885750000      1.0000000000
 P 1 
   1       3.5154300000      1.0000000000
 P 1 
   1       1.4061720000      1.0000000000
 P 1 
   1       0.5624690000      1.0000000000
 P 1 
   1       0.2249880000      1.0000000000
 P 1 
   1       0.0899950000      1.0000000000
 P 1 
   1       0.0359980000      1.0000000000
 P 1 
   1       0.0143990000      1.0000000000
 D 4 
   1     918.9318400000      0.0082415893
   2     334.1570330000      0.0469541848
   3     121.5116480000      0.2559222004
   4      44.1860540000      0.7959992688
 D 1 
   1      16.0676560000      1.0000000000
 D 1 
   1       5.8427840000      1.0000000000
 D 1 
   1       2.1246490000      1.0000000000
 D 1 
   1       0.7726000000      1.0000000000
 D 1 
   1       0.2809450000      1.0000000000
 D 1 
   1       0.1021620000      1.0000000000
 D 1 
   1       0.0371500000      1.0000000000
 D 1 
   1       0.0135090000      1.0000000000
 F 4 
   1      23.0540210000      0.1072488264
   2       7.6846740000      0.3352944008
   3       2.5615580000      0.5162479782
   4       0.8538530000      0.3823870573
 F 1 
   1       0.2846180000      1.0000000000
 F 1 
   1       0.0948730000      1.0000000000
PROMETHIUM
 S 6 
   1  1028523.650946000      0.0842209460
   2  457121.6226430000     -0.0405191572
   3  203165.1656190000      0.1673795678
   4   90295.6291640000      0.0744442002
   5   40131.3907400000      0.3521376600
   6   17836.1736620000      0.5039529242
 S 1 
   1    7927.1882940000      1.0000000000
 S 1 
   1    3523.1947970000      1.0000000000
 S 1 
   1    1565.8643540000      1.0000000000
 S 1 
   1     695.9397130000      1.0000000000
 S 1 
   1     309.3065390000      1.0000000000
 S 1 
   1     137.4695730000      1.0000000000
 S 1 
   1      61.0975880000      1.0000000000
 S 1 
   1      27.1544840000      1.0000000000
 S 1 
   1      12.0686590000      1.0000000000
 S 1 
   1       5.3638490000      1.0000000000
 S 1 
   1       2.3839330000      1.0000000000
 S 1 
   1       1.0595260000      1.0000000000
 S 1 
   1       0.4709000000      1.0000000000
 S 1 
   1       0.2092890000      1.0000000000
 S 1 
   1       0.0930170000      1.0000000000
 S 1 
   1       0.0413410000      1.0000000000
 S 1 
   1       0.0183740000      1.0000000000
 P 5 
   1   13902.5411060000      0.0119364232
   2    5561.0164430000      0.0157927301
   3    2224.4065770000      0.0787479566
   4     889.7626310000      0.2477304047
   5     355.9050520000      0.7462151671
 P 1 
   1     142.3620210000      1.0000000000
 P 1 
   1      56.9448080000      1.0000000000
 P 1 
   1      22.7779230000      1.0000000000
 P 1 
   1       9.1111690000      1.0000000000
 P 1 
   1       3.6444680000      1.0000000000
 P 1 
   1       1.4577870000      1.0000000000
 P 1 
   1       0.5831150000      1.0000000000
 P 1 
   1       0.2332460000      1.0000000000
 P 1 
   1       0.0932980000      1.0000000000
 P 1 
   1       0.0373190000      1.0000000000
 P 1 
   1       0.0149280000      1.0000000000
 D 4 
   1     961.1107520000      0.0082166892
   2     349.4948190000      0.0466982801
   3     127.0890250000      0.2549808311
   4      46.2141910000      0.7968842105
 D 1 
   1      16.8051600000      1.0000000000
 D 1 
   1       6.1109670000      1.0000000000
 D 1 
   1       2.2221700000      1.0000000000
 D 1 
   1       0.8080620000      1.0000000000
 D 1 
   1       0.2938410000      1.0000000000
 D 1 
   1       0.1068510000      1.0000000000
 D 1 
   1       0.0388550000      1.0000000000
 D 1 
   1       0.0141290000      1.0000000000
 F 4 
   1      25.1300980000      0.1052422834
   2       8.3766990000      0.3357236566
   3       2.7922330000      0.5189436868
   4       0.9307440000      0.3793920874
 F 1 
   1       0.3102480000      1.0000000000
 F 1 
   1       0.1034160000      1.0000000000
SAMARIUM
 S 6 
   1  1062932.540176000      0.0854225644
   2  472414.4623000000     -0.0412882932
   3  209961.9832450000      0.1693726233
   4   93316.4369980000      0.0740477693
   5   41473.9719990000      0.3536147571
   6   18432.8764440000      0.5012951114
 S 1 
   1    8192.3895310000      1.0000000000
 S 1 
   1    3641.0620140000      1.0000000000
 S 1 
   1    1618.2497840000      1.0000000000
 S 1 
   1     719.2221260000      1.0000000000
 S 1 
   1     319.6542780000      1.0000000000
 S 1 
   1     142.0685680000      1.0000000000
 S 1 
   1      63.1415860000      1.0000000000
 S 1 
   1      28.0629270000      1.0000000000
 S 1 
   1      12.4724120000      1.0000000000
 S 1 
   1       5.5432940000      1.0000000000
 S 1 
   1       2.4636860000      1.0000000000
 S 1 
   1       1.0949720000      1.0000000000
 S 1 
   1       0.4866540000      1.0000000000
 S 1 
   1       0.2162910000      1.0000000000
 S 1 
   1       0.0961290000      1.0000000000
 S 1 
   1       0.0427240000      1.0000000000
 S 1 
   1       0.0189880000      1.0000000000
 P 5 
   1   14404.1721250000      0.0122032431
   2    5761.6688500000      0.0159304870
   3    2304.6675400000      0.0793882578
   4     921.8670160000      0.2480735863
   5     368.7468060000      0.7454354637
 P 1 
   1     147.4987230000      1.0000000000
 P 1 
   1      58.9994890000      1.0000000000
 P 1 
   1      23.5997960000      1.0000000000
 P 1 
   1       9.4399180000      1.0000000000
 P 1 
   1       3.7759670000      1.0000000000
 P 1 
   1       1.5103870000      1.0000000000
 P 1 
   1       0.6041550000      1.0000000000
 P 1 
   1       0.2416620000      1.0000000000
 P 1 
   1       0.0966650000      1.0000000000
 P 1 
   1       0.0386660000      1.0000000000
 P 1 
   1       0.0154660000      1.0000000000
 D 4 
   1    1004.1583960000      0.0081979450
   2     365.1485080000      0.0464665502
   3     132.7812750000      0.2541105408
   4      48.2841000000      0.7976990258
 D 1 
   1      17.5578550000      1.0000000000
 D 1 
   1       6.3846740000      1.0000000000
 D 1 
   1       2.3217000000      1.0000000000
 D 1 
   1       0.8442540000      1.0000000000
 D 1 
   1       0.3070020000      1.0000000000
 D 1 
   1       0.1116370000      1.0000000000
 D 1 
   1       0.0405950000      1.0000000000
 D 1 
   1       0.0147620000      1.0000000000
 F 4 
   1      27.1800850000      0.1036625254
   2       9.0600280000      0.3361826855
   3       3.0200090000      0.5210040128
   4       1.0066700000      0.3769804804
 F 1 
   1       0.3355570000      1.0000000000
 F 1 
   1       0.1118520000      1.0000000000
EUROPIUM
 S 6 
   1  1097819.871374000      0.0866343429
   2  487919.9428330000     -0.0420669593
   3  216853.3079260000      0.1713786117
   4   96379.2479670000      0.0736352449
   5   42835.2213190000      0.3550968719
   6   19037.8761420000      0.4986329013
 S 1 
   1    8461.2782850000      1.0000000000
 S 1 
   1    3760.5681270000      1.0000000000
 S 1 
   1    1671.3636120000      1.0000000000
 S 1 
   1     742.8282720000      1.0000000000
 S 1 
   1     330.1458990000      1.0000000000
 S 1 
   1     146.7315110000      1.0000000000
 S 1 
   1      65.2140050000      1.0000000000
 S 1 
   1      28.9840020000      1.0000000000
 S 1 
   1      12.8817790000      1.0000000000
 S 1 
   1       5.7252350000      1.0000000000
 S 1 
   1       2.5445490000      1.0000000000
 S 1 
   1       1.1309110000      1.0000000000
 S 1 
   1       0.5026270000      1.0000000000
 S 1 
   1       0.2233900000      1.0000000000
 S 1 
   1       0.0992840000      1.0000000000
 S 1 
   1       0.0441260000      1.0000000000
 S 1 
   1       0.0196120000      1.0000000000
 P 5 
   1   14914.5995620000      0.0124753791
   2    5965.8398250000      0.0160709313
   3    2386.3359300000      0.0800426473
   4     954.5343720000      0.2484301293
   5     381.8137490000      0.7446322655
 P 1 
   1     152.7255000000      1.0000000000
 P 1 
   1      61.0902000000      1.0000000000
 P 1 
   1      24.4360800000      1.0000000000
 P 1 
   1       9.7744320000      1.0000000000
 P 1 
   1       3.9097730000      1.0000000000
 P 1 
   1       1.5639090000      1.0000000000
 P 1 
   1       0.6255640000      1.0000000000
 P 1 
   1       0.2502250000      1.0000000000
 P 1 
   1       0.1000900000      1.0000000000
 P 1 
   1       0.0400360000      1.0000000000
 P 1 
   1       0.0160140000      1.0000000000
 D 4 
   1    1048.0606430000      0.0081850427
   2     381.1129610000      0.0462578304
   3     138.5865310000      0.2533083031
   4      50.3951020000      0.7984469248
 D 1 
   1      18.3254920000      1.0000000000
 D 1 
   1       6.6638150000      1.0000000000
 D 1 
   1       2.4232060000      1.0000000000
 D 1 
   1       0.8811660000      1.0000000000
 D 1 
   1       0.3204240000      1.0000000000
 D 1 
   1       0.1165180000      1.0000000000
 D 1 
   1       0.0423700000      1.0000000000
 D 1 
   1       0.0154070000      1.0000000000
 F 4 
   1      29.2179750000      0.1024027097
   2       9.7393250000      0.3366876564
   3       3.2464420000      0.5226087701
   4       1.0821470000      0.3749583066
 F 1 
   1       0.3607160000      1.0000000000
 F 1 
   1       0.1202390000      1.0000000000
GADOLINIUM
 S 6 
   1  1133304.941480000      0.0878579984
   2  503691.0851020000     -0.0428562640
   3  223862.7044900000      0.1734001640
   4   99494.5353290000      0.0732061259
   5   44219.7934790000      0.3565854507
   6   19653.2415460000      0.4959632472
 S 1 
   1    8734.7740210000      1.0000000000
 S 1 
   1    3882.1217870000      1.0000000000
 S 1 
   1    1725.3874610000      1.0000000000
 S 1 
   1     766.8388710000      1.0000000000
 S 1 
   1     340.8172760000      1.0000000000
 S 1 
   1     151.4743450000      1.0000000000
 S 1 
   1      67.3219310000      1.0000000000
 S 1 
   1      29.9208580000      1.0000000000
 S 1 
   1      13.2981590000      1.0000000000
 S 1 
   1       5.9102930000      1.0000000000
 S 1 
   1       2.6267970000      1.0000000000
 S 1 
   1       1.1674650000      1.0000000000
 S 1 
   1       0.5188730000      1.0000000000
 S 1 
   1       0.2306100000      1.0000000000
 S 1 
   1       0.1024940000      1.0000000000
 S 1 
   1       0.0455530000      1.0000000000
 S 1 
   1       0.0202460000      1.0000000000
 P 5 
   1   15432.8043060000      0.0127530073
   2    6173.1217220000      0.0162141666
   3    2469.2486890000      0.0807129985
   4     987.6994760000      0.2488007388
   5     395.0797900000      0.7438036522
 P 1 
   1     158.0319160000      1.0000000000
 P 1 
   1      63.2127660000      1.0000000000
 P 1 
   1      25.2851070000      1.0000000000
 P 1 
   1      10.1140430000      1.0000000000
 P 1 
   1       4.0456170000      1.0000000000
 P 1 
   1       1.6182470000      1.0000000000
 P 1 
   1       0.6472990000      1.0000000000
 P 1 
   1       0.2589190000      1.0000000000
 P 1 
   1       0.1035680000      1.0000000000
 P 1 
   1       0.0414270000      1.0000000000
 P 1 
   1       0.0165710000      1.0000000000
 D 4 
   1    1092.7062230000      0.0081777135
   2     397.3477180000      0.0460741058
   3     144.4900790000      0.2525566877
   4      52.5418470000      0.7991417324
 D 1 
   1      19.1061260000      1.0000000000
 D 1 
   1       6.9476820000      1.0000000000
 D 1 
   1       2.5264300000      1.0000000000
 D 1 
   1       0.9187020000      1.0000000000
 D 1 
   1       0.3340730000      1.0000000000
 D 1 
   1       0.1214810000      1.0000000000
 D 1 
   1       0.0441750000      1.0000000000
 D 1 
   1       0.0160640000      1.0000000000
 F 4 
   1      34.7127000000      0.0891091235
   2      11.5709000000      0.3215449112
   3       3.8569670000      0.5353098555
   4       1.2856560000      0.3797503493
 F 1 
   1       0.4285520000      1.0000000000
 F 1 
   1       0.1428510000      1.0000000000
TERBIUM
 S 6 
   1  1169335.032050000      0.0890938110
   2  519704.4586890000     -0.0436564266
   3  230979.7594170000      0.1754376760
   4  102657.6708520000      0.0727602016
   5   45625.6314900000      0.3580808427
   6   20278.0584400000      0.4932856519
 S 1 
   1    9012.4704180000      1.0000000000
 S 1 
   1    4005.5424080000      1.0000000000
 S 1 
   1    1780.2410700000      1.0000000000
 S 1 
   1     791.2182530000      1.0000000000
 S 1 
   1     351.6525570000      1.0000000000
 S 1 
   1     156.2900250000      1.0000000000
 S 1 
   1      69.4622330000      1.0000000000
 S 1 
   1      30.8721040000      1.0000000000
 S 1 
   1      13.7209350000      1.0000000000
 S 1 
   1       6.0981930000      1.0000000000
 S 1 
   1       2.7103080000      1.0000000000
 S 1 
   1       1.2045810000      1.0000000000
 S 1 
   1       0.5353700000      1.0000000000
 S 1 
   1       0.2379420000      1.0000000000
 S 1 
   1       0.1057520000      1.0000000000
 S 1 
   1       0.0470010000      1.0000000000
 S 1 
   1       0.0208890000      1.0000000000
 P 5 
   1   15962.9363470000      0.0130358300
   2    6385.1745390000      0.0163593896
   3    2554.0698150000      0.0813918043
   4    1021.6279260000      0.2491778844
   5     408.6511700000      0.7429613036
 P 1 
   1     163.4604680000      1.0000000000
 P 1 
   1      65.3841870000      1.0000000000
 P 1 
   1      26.1536750000      1.0000000000
 P 1 
   1      10.4614700000      1.0000000000
 P 1 
   1       4.1845880000      1.0000000000
 P 1 
   1       1.6738350000      1.0000000000
 P 1 
   1       0.6695340000      1.0000000000
 P 1 
   1       0.2678140000      1.0000000000
 P 1 
   1       0.1071250000      1.0000000000
 P 1 
   1       0.0428500000      1.0000000000
 P 1 
   1       0.0171400000      1.0000000000
 D 4 
   1    1138.5148960000      0.0081741750
   2     414.0054170000      0.0458996926
   3     150.5474240000      0.2518663725
   4      54.7445180000      0.7997812111
 D 1 
   1      19.9070970000      1.0000000000
 D 1 
   1       7.2389450000      1.0000000000
 D 1 
   1       2.6323430000      1.0000000000
 D 1 
   1       0.9572160000      1.0000000000
 D 1 
   1       0.3480780000      1.0000000000
 D 1 
   1       0.1265740000      1.0000000000
 D 1 
   1       0.0460270000      1.0000000000
 D 1 
   1       0.0167370000      1.0000000000
 F 4 
   1      32.1811360000      0.1056163733
   2      10.7270450000      0.3444200656
   3       3.5756820000      0.5204366548
   4       1.1918940000      0.3682262001
 F 1 
   1       0.3972980000      1.0000000000
 F 1 
   1       0.1324330000      1.0000000000
DYSPROSIUM
 S 6 
   1  1205955.486947000      0.0903428630
   2  535980.2164210000     -0.0444681710
   3  238213.4295200000      0.1774927899
   4  105872.6353420000      0.0722970710
   5   47054.5045970000      0.3595840181
   6   20913.1131540000      0.4905981927
 S 1 
   1    9294.7169570000      1.0000000000
 S 1 
   1    4130.9853140000      1.0000000000
 S 1 
   1    1835.9934730000      1.0000000000
 S 1 
   1     815.9970990000      1.0000000000
 S 1 
   1     362.6653770000      1.0000000000
 S 1 
   1     161.1846120000      1.0000000000
 S 1 
   1      71.6376050000      1.0000000000
 S 1 
   1      31.8389360000      1.0000000000
 S 1 
   1      14.1506380000      1.0000000000
 S 1 
   1       6.2891720000      1.0000000000
 S 1 
   1       2.7951880000      1.0000000000
 S 1 
   1       1.2423060000      1.0000000000
 S 1 
   1       0.5521360000      1.0000000000
 S 1 
   1       0.2453940000      1.0000000000
 S 1 
   1       0.1090640000      1.0000000000
 S 1 
   1       0.0484730000      1.0000000000
 S 1 
   1       0.0215430000      1.0000000000
 P 5 
   1   16500.5200280000      0.0133242640
   2    6600.2080110000      0.0165074070
   3    2640.0832040000      0.0820866953
   4    1056.0332820000      0.2495693427
   5     422.4133130000      0.7420930548
 P 1 
   1     168.9653250000      1.0000000000
 P 1 
   1      67.5861300000      1.0000000000
 P 1 
   1      27.0344520000      1.0000000000
 P 1 
   1      10.8137810000      1.0000000000
 P 1 
   1       4.3255120000      1.0000000000
 P 1 
   1       1.7302050000      1.0000000000
 P 1 
   1       0.6920820000      1.0000000000
 P 1 
   1       0.2768330000      1.0000000000
 P 1 
   1       0.1107330000      1.0000000000
 P 1 
   1       0.0442930000      1.0000000000
 P 1 
   1       0.0177170000      1.0000000000
 D 4 
   1    1185.0486620000      0.0081759694
   2     430.9267860000      0.0457486314
   3     156.7006500000      0.2512290651
   4      56.9820540000      0.8003665713
 D 1 
   1      20.7207470000      1.0000000000
 D 1 
   1       7.5348170000      1.0000000000
 D 1 
   1       2.7399330000      1.0000000000
 D 1 
   1       0.9963390000      1.0000000000
 D 1 
   1       0.3623050000      1.0000000000
 D 1 
   1       0.1317470000      1.0000000000
 D 1 
   1       0.0479080000      1.0000000000
 D 1 
   1       0.0174210000      1.0000000000
 F 4 
   1      33.8369440000      0.1064739060
   2      11.2789810000      0.3470768094
   3       3.7596600000      0.5199274047
   4       1.2532200000      0.3656764404
 F 1 
   1       0.4177400000      1.0000000000
 F 1 
   1       0.1392470000      1.0000000000
HOLMIUM
 S 6 
   1  1243224.036239000      0.0916062304
   2  552544.0161060000     -0.0452922287
   3  245575.1182690000      0.1795671204
   4  109144.4970090000      0.0718162856
   5   48508.6653370000      0.3610959069
   6   21559.4068170000      0.4878990411
 S 1 
   1    9581.9585850000      1.0000000000
 S 1 
   1    4258.6482600000      1.0000000000
 S 1 
   1    1892.7325600000      1.0000000000
 S 1 
   1     841.2144710000      1.0000000000
 S 1 
   1     373.8730980000      1.0000000000
 S 1 
   1     166.1658210000      1.0000000000
 S 1 
   1      73.8514760000      1.0000000000
 S 1 
   1      32.8228780000      1.0000000000
 S 1 
   1      14.5879460000      1.0000000000
 S 1 
   1       6.4835320000      1.0000000000
 S 1 
   1       2.8815700000      1.0000000000
 S 1 
   1       1.2806980000      1.0000000000
 S 1 
   1       0.5691990000      1.0000000000
 S 1 
   1       0.2529770000      1.0000000000
 S 1 
   1       0.1124340000      1.0000000000
 S 1 
   1       0.0499710000      1.0000000000
 S 1 
   1       0.0222090000      1.0000000000
 P 5 
   1   17047.2980980000      0.0136182532
   2    6818.9192390000      0.0166578364
   3    2727.5676960000      0.0827946813
   4    1091.0270780000      0.2499712885
   5     436.4108310000      0.7412042815
 P 1 
   1     174.5643330000      1.0000000000
 P 1 
   1      69.8257330000      1.0000000000
 P 1 
   1      27.9302930000      1.0000000000
 P 1 
   1      11.1721170000      1.0000000000
 P 1 
   1       4.4688470000      1.0000000000
 P 1 
   1       1.7875390000      1.0000000000
 P 1 
   1       0.7150160000      1.0000000000
 P 1 
   1       0.2860060000      1.0000000000
 P 1 
   1       0.1144020000      1.0000000000
 P 1 
   1       0.0457610000      1.0000000000
 P 1 
   1       0.0183040000      1.0000000000
 D 4 
   1    1232.4390880000      0.0081823081
   2     448.1596690000      0.0456151830
   3     162.9671520000      0.2506446545
   4      59.2607830000      0.8009003833
 D 1 
   1      21.5493750000      1.0000000000
 D 1 
   1       7.8361370000      1.0000000000
 D 1 
   1       2.8495040000      1.0000000000
 D 1 
   1       1.0361830000      1.0000000000
 D 1 
   1       0.3767940000      1.0000000000
 D 1 
   1       0.1370160000      1.0000000000
 D 1 
   1       0.0498240000      1.0000000000
 D 1 
   1       0.0181180000      1.0000000000
 F 4 
   1      35.5734580000      0.1070474035
   2      11.8578190000      0.3492390310
   3       3.9526060000      0.5196158163
   4       1.3175350000      0.3635101990
 F 1 
   1       0.4391780000      1.0000000000
 F 1 
   1       0.1463930000      1.0000000000
ERBIUM
 S 6 
   1  1280982.1879360001      0.0928836082
   2  569325.4168600000     -0.0461284543
   3  253033.5186050000      0.1816601576
   4  112459.3416020000      0.0713177661
   5   49981.9296010000      0.3626164446
   6   22214.1909340000      0.4851886717
 S 1 
   1    9872.9737480000      1.0000000000
 S 1 
   1    4387.9883330000      1.0000000000
 S 1 
   1    1950.2170370000      1.0000000000
 S 1 
   1     866.7631270000      1.0000000000
 S 1 
   1     385.2280570000      1.0000000000
 S 1 
   1     171.2124700000      1.0000000000
 S 1 
   1      76.0944310000      1.0000000000
 S 1 
   1      33.8197470000      1.0000000000
 S 1 
   1      15.0309990000      1.0000000000
 S 1 
   1       6.6804440000      1.0000000000
 S 1 
   1       2.9690860000      1.0000000000
 S 1 
   1       1.3195940000      1.0000000000
 S 1 
   1       0.5864860000      1.0000000000
 S 1 
   1       0.2606610000      1.0000000000
 S 1 
   1       0.1158490000      1.0000000000
 S 1 
   1       0.0514880000      1.0000000000
 S 1 
   1       0.0228840000      1.0000000000
 P 5 
   1   17602.8164910000      0.0139178757
   2    7041.1265960000      0.0168107462
   3    2816.4506390000      0.0835162231
   4    1126.5802550000      0.2503844798
   5     450.6321020000      0.7402938859
 P 1 
   1     180.2528410000      1.0000000000
 P 1 
   1      72.1011360000      1.0000000000
 P 1 
   1      28.8404550000      1.0000000000
 P 1 
   1      11.5361820000      1.0000000000
 P 1 
   1       4.6144730000      1.0000000000
 P 1 
   1       1.8457890000      1.0000000000
 P 1 
   1       0.7383160000      1.0000000000
 P 1 
   1       0.2953260000      1.0000000000
 P 1 
   1       0.1181310000      1.0000000000
 P 1 
   1       0.0472520000      1.0000000000
 P 1 
   1       0.0189010000      1.0000000000
 D 4 
   1    1280.6903600000      0.0081929081
   2     465.7055860000      0.0454981314
   3     169.3474860000      0.2501094031
   4      61.5809040000      0.8013863466
 D 1 
   1      22.3930560000      1.0000000000
 D 1 
   1       8.1429290000      1.0000000000
 D 1 
   1       2.9610650000      1.0000000000
 D 1 
   1       1.0767510000      1.0000000000
 D 1 
   1       0.3915460000      1.0000000000
 D 1 
   1       0.1423800000      1.0000000000
 D 1 
   1       0.0517750000      1.0000000000
 D 1 
   1       0.0188270000      1.0000000000
 F 4 
   1      37.3757410000      0.1074308773
   2      12.4585800000      0.3510442874
   3       4.1528600000      0.5194282228
   4       1.3842870000      0.3616415423
 F 1 
   1       0.4614290000      1.0000000000
 F 1 
   1       0.1538100000      1.0000000000
THULIUM
 S 6 
   1  1319284.994790000      0.0941761439
   2  586348.8865740000     -0.0469776299
   3  260599.5051440000      0.1837736233
   4  115822.0022860000      0.0708010254
   5   51476.4454610000      0.3641466174
   6   22878.4202050000      0.4824651351
 S 1 
   1   10168.1867580000      1.0000000000
 S 1 
   1    4519.1941150000      1.0000000000
 S 1 
   1    2008.5307180000      1.0000000000
 S 1 
   1     892.6803190000      1.0000000000
 S 1 
   1     396.7468080000      1.0000000000
 S 1 
   1     176.3319150000      1.0000000000
 S 1 
   1      78.3697400000      1.0000000000
 S 1 
   1      34.8309960000      1.0000000000
 S 1 
   1      15.4804420000      1.0000000000
 S 1 
   1       6.8801970000      1.0000000000
 S 1 
   1       3.0578650000      1.0000000000
 S 1 
   1       1.3590510000      1.0000000000
 S 1 
   1       0.6040230000      1.0000000000
 S 1 
   1       0.2684550000      1.0000000000
 S 1 
   1       0.1193130000      1.0000000000
 S 1 
   1       0.0530280000      1.0000000000
 S 1 
   1       0.0235680000      1.0000000000
 P 5 
   1   18167.9700320000      0.0142231897
   2    7267.1880130000      0.0169659042
   3    2906.8752050000      0.0842502099
   4    1162.7500820000      0.2508063410
   5     465.1000330000      0.7393649038
 P 1 
   1     186.0400130000      1.0000000000
 P 1 
   1      74.4160050000      1.0000000000
 P 1 
   1      29.7664020000      1.0000000000
 P 1 
   1      11.9065610000      1.0000000000
 P 1 
   1       4.7626240000      1.0000000000
 P 1 
   1       1.9050500000      1.0000000000
 P 1 
   1       0.7620200000      1.0000000000
 P 1 
   1       0.3048080000      1.0000000000
 P 1 
   1       0.1219230000      1.0000000000
 P 1 
   1       0.0487690000      1.0000000000
 P 1 
   1       0.0195080000      1.0000000000
 D 4 
   1    1329.8192350000      0.0082074330
   2     483.5706310000      0.0453960236
   3     175.8438660000      0.2496184342
   4      63.9432240000      0.8018291722
 D 1 
   1      23.2520810000      1.0000000000
 D 1 
   1       8.4553020000      1.0000000000
 D 1 
   1       3.0746550000      1.0000000000
 D 1 
   1       1.1180570000      1.0000000000
 D 1 
   1       0.4065660000      1.0000000000
 D 1 
   1       0.1478420000      1.0000000000
 D 1 
   1       0.0537610000      1.0000000000
 D 1 
   1       0.0195490000      1.0000000000
 F 4 
   1      39.2338200000      0.1076871989
   2      13.0779400000      0.3525865219
   3       4.3593130000      0.5193181235
   4       1.4531040000      0.3600065057
 F 1 
   1       0.4843680000      1.0000000000
 F 1 
   1       0.1614560000      1.0000000000
YTTERBIUM
 S 6 
   1  1358076.401925000      0.0954843109
   2  603589.5119670000     -0.0478401115
   3  268262.0053190000      0.1859081976
   4  119227.5579190000      0.0702657501
   5   52990.0257420000      0.3656869256
   6   23551.1225520000      0.4797276126
 S 1 
   1   10467.1655790000      1.0000000000
 S 1 
   1    4652.0735910000      1.0000000000
 S 1 
   1    2067.5882620000      1.0000000000
 S 1 
   1     918.9281170000      1.0000000000
 S 1 
   1     408.4124960000      1.0000000000
 S 1 
   1     181.5166650000      1.0000000000
 S 1 
   1      80.6740730000      1.0000000000
 S 1 
   1      35.8551440000      1.0000000000
 S 1 
   1      15.9356190000      1.0000000000
 S 1 
   1       7.0824980000      1.0000000000
 S 1 
   1       3.1477770000      1.0000000000
 S 1 
   1       1.3990120000      1.0000000000
 S 1 
   1       0.6217830000      1.0000000000
 S 1 
   1       0.2763480000      1.0000000000
 S 1 
   1       0.1228210000      1.0000000000
 S 1 
   1       0.0545870000      1.0000000000
 S 1 
   1       0.0242610000      1.0000000000
 P 5 
   1   18741.9577990000      0.0145342832
   2    7496.7831200000      0.0171234589
   3    2998.7132480000      0.0849975020
   4    1199.4852990000      0.2512384859
   5     479.7941200000      0.7384151751
 P 1 
   1     191.9176480000      1.0000000000
 P 1 
   1      76.7670590000      1.0000000000
 P 1 
   1      30.7068240000      1.0000000000
 P 1 
   1      12.2827290000      1.0000000000
 P 1 
   1       4.9130920000      1.0000000000
 P 1 
   1       1.9652370000      1.0000000000
 P 1 
   1       0.7860950000      1.0000000000
 P 1 
   1       0.3144380000      1.0000000000
 P 1 
   1       0.1257750000      1.0000000000
 P 1 
   1       0.0503100000      1.0000000000
 P 1 
   1       0.0201240000      1.0000000000
 D 4 
   1    1379.8152340000      0.0082257584
   2     501.7509940000      0.0453083497
   3     182.4549070000      0.2491705173
   4      66.3472390000      0.8022301572
 D 1 
   1      24.1262690000      1.0000000000
 D 1 
   1       8.7731890000      1.0000000000
 D 1 
   1       3.1902500000      1.0000000000
 D 1 
   1       1.1600910000      1.0000000000
 D 1 
   1       0.4218510000      1.0000000000
 D 1 
   1       0.1534000000      1.0000000000
 D 1 
   1       0.0557820000      1.0000000000
 D 1 
   1       0.0202840000      1.0000000000
 F 4 
   1      41.1409390000      0.1078587474
   2      13.7136460000      0.3539311673
   3       4.5712150000      0.5192553935
   4       1.5237380000      0.3585568709
 F 1 
   1       0.5079130000      1.0000000000
 F 1 
   1       0.1693040000      1.0000000000
LUTETIUM
 S 6 
   1  1397555.920017000      0.0968100207
   2  621135.9644520000     -0.0487171953
   3  276060.4286450000      0.1880667514
   4  122693.5238420000      0.0697111611
   5   54530.4550410000      0.3672388775
   6   24235.7577960000      0.4769729776
 S 1 
   1   10771.4479090000      1.0000000000
 S 1 
   1    4787.3101820000      1.0000000000
 S 1 
   1    2127.6934140000      1.0000000000
 S 1 
   1     945.6415170000      1.0000000000
 S 1 
   1     420.2851190000      1.0000000000
 S 1 
   1     186.7933860000      1.0000000000
 S 1 
   1      83.0192830000      1.0000000000
 S 1 
   1      36.8974590000      1.0000000000
 S 1 
   1      16.3988710000      1.0000000000
 S 1 
   1       7.2883870000      1.0000000000
 S 1 
   1       3.2392830000      1.0000000000
 S 1 
   1       1.4396810000      1.0000000000
 S 1 
   1       0.6398580000      1.0000000000
 S 1 
   1       0.2843820000      1.0000000000
 S 1 
   1       0.1263920000      1.0000000000
 S 1 
   1       0.0561740000      1.0000000000
 S 1 
   1       0.0249660000      1.0000000000
 P 5 
   1   19323.3677850000      0.0148513135
   2    7729.3471140000      0.0172835586
   3    3091.7388460000      0.0857599466
   4    1236.6955380000      0.2516820331
   5     494.6782150000      0.7374423755
 P 1 
   1     197.8712860000      1.0000000000
 P 1 
   1      79.1485140000      1.0000000000
 P 1 
   1      31.6594060000      1.0000000000
 P 1 
   1      12.6637620000      1.0000000000
 P 1 
   1       5.0655050000      1.0000000000
 P 1 
   1       2.0262020000      1.0000000000
 P 1 
   1       0.8104810000      1.0000000000
 P 1 
   1       0.3241920000      1.0000000000
 P 1 
   1       0.1296770000      1.0000000000
 P 1 
   1       0.0518710000      1.0000000000
 P 1 
   1       0.0207480000      1.0000000000
 D 4 
   1    1430.5278870000      0.0082481954
   2     520.1919590000      0.0452381483
   3     189.1607120000      0.2487627058
   4      68.7857140000      0.8025905492
 D 1 
   1      25.0129870000      1.0000000000
 D 1 
   1       9.0956320000      1.0000000000
 D 1 
   1       3.3075020000      1.0000000000
 D 1 
   1       1.2027280000      1.0000000000
 D 1 
   1       0.4373560000      1.0000000000
 D 1 
   1       0.1590380000      1.0000000000
 D 1 
   1       0.0578320000      1.0000000000
 D 1 
   1       0.0210300000      1.0000000000
 F 4 
   1      46.7781990000      0.0968866264
   2      15.5927330000      0.3412299326
   3       5.1975780000      0.5279693134
   4       1.7325260000      0.3658309691
 F 1 
   1       0.5775090000      1.0000000000
 F 1 
   1       0.1925030000      1.0000000000
$END
