basis &quot;Fe_m6-31G*&quot; CARTESIAN
  Fe   S
     61132.620000000      0.00176611
      9179.342000000      0.01353038
      2090.857000000      0.06673128
       589.247900000      0.23148230
       188.754300000      0.47970580
        64.446290000      0.35019760
  Fe  SP
      1259.980000000      0.00243801      0.00402802
       299.876100000      0.03224048      0.03144647
        96.849170000      0.12657240      0.13683170
        36.310200000     -0.03139902      0.34872360
        14.729960000     -0.62075930      0.46179310
         6.066075000     -0.45029140      0.20430580
  Fe  SP
        50.434850000     -0.00387326     -0.00701713
        16.839290000      0.07196598     -0.02877660
         7.192086000      0.25565910      0.06181383
         3.053420000     -0.28828370      0.39549460
         1.273643000     -0.73428220      0.49890590
         0.504091000     -0.20493530      0.17912510
  Fe  SP
         1.950316000      0.05694869     -0.45937960
         0.736721000      0.28829150      0.28521390
         0.114177000     -1.13815900      0.90764850
  Fe  SP
         0.041148000      1.00000000      1.00000000
  Fe   D
        19.2960488121     0.1050074059
         5.0216501028     0.4228007951
         1.4414455281     0.6740867843
  Fe   D
         0.3646837240     1.00000000
  Fe   F
        0.80000000      1.00000000
end
