****
Cu    0
S   1   1.00
 0.23288900000E-01   1.0000000000
P   1   1.00
 0.29883500000E-01   1.0000000000
D   1   1.00
 0.55680900000E-01   1.0000000000
F   1   1.00
 0.94777800000E-01   1.0000000000
G   1   1.00
 0.15111300000       1.0000000000
H   1   1.00
 0.45598900000       1.0000000000
I   1   1.00
 0.78727000000       1.0000000000
K   1   1.00
  1.4574600000       1.0000000000
L   1   1.00
  3.3272300000       1.0000000000
****
Zn    0
S   1   1.00
 0.30682000000E-01   1.0000000000
P   1   1.00
 0.34686500000E-01   1.0000000000
D   1   1.00
 0.65335500000E-01   1.0000000000
F   1   1.00
 0.11185700000       1.0000000000
G   1   1.00
 0.16568700000       1.0000000000
H   1   1.00
 0.56954500000       1.0000000000
I   1   1.00
  1.0587200000       1.0000000000
K   1   1.00
  1.7630300000       1.0000000000
L   1   1.00
  3.8049500000       1.0000000000
****
Ag    0
S   1   1.00
 0.14118400000E-01   1.0000000000
P   1   1.00
 0.17634300000E-01   1.0000000000
D   1   1.00
 0.30937500000E-01   1.0000000000
F   1   1.00
 0.54930500000E-01   1.0000000000
G   1   1.00
 0.86288100000E-01   1.0000000000
H   1   1.00
 0.34596600000       1.0000000000
I   1   1.00
 0.46888000000       1.0000000000
K   1   1.00
 0.80076200000       1.0000000000
L   1   1.00
  1.7456200000       1.0000000000
****
Cd    0
S   1   1.00
 0.16303700000E-01   1.0000000000
P   1   1.00
 0.17727900000E-01   1.0000000000
D   1   1.00
 0.34861700000E-01   1.0000000000
F   1   1.00
 0.56494100000E-01   1.0000000000
G   1   1.00
 0.87927400000E-01   1.0000000000
H   1   1.00
 0.47212200000       1.0000000000
I   1   1.00
 0.55994000000       1.0000000000
K   1   1.00
 0.94234600000       1.0000000000
L   1   1.00
  2.0311400000       1.0000000000
****
Au    0
S   1   1.00
 0.12004200000E-01   1.0000000000
P   1   1.00
 0.15001800000E-01   1.0000000000
D   1   1.00
 0.28563500000E-01   1.0000000000
F   1   1.00
 0.51776500000E-01   1.0000000000
G   1   1.00
 0.77576500000E-01   1.0000000000
H   1   1.00
 0.25870800000       1.0000000000
I   1   1.00
 0.41514900000       1.0000000000
K   1   1.00
 0.62057800000       1.0000000000
L   1   1.00
  1.3237400000       1.0000000000
****
Hg    0
S   1   1.00
 0.15189900000E-01   1.0000000000
P   1   1.00
 0.17736300000E-01   1.0000000000
D   1   1.00
 0.35076900000E-01   1.0000000000
F   1   1.00
 0.60451500000E-01   1.0000000000
G   1   1.00
 0.95320000000E-01   1.0000000000
H   1   1.00
 0.34576000000       1.0000000000
I   1   1.00
 0.50002700000       1.0000000000
K   1   1.00
 0.70871500000       1.0000000000
L   1   1.00
  1.4963200000       1.0000000000
****
