# BASIS SET = aug-cc-pVQZ-PP      
#Elements                             References                                
#--------                             ----------                                
#Y-Pd: K.A. Peterson, D. Figgen, M. Dolg, and H. Stoll, J. Chem. Phys. 126, 124101 (2007).
#
# BASIS SET: ( 14s 11p 10d 3f 2g 1h ) -> [ 6s 6p 5d 3f 2g 1h ] 
 BASIS "aobasis" print
 Y   S
      5177.1300000  0.0000060 -0.0000020 -0.0000030 -0.0000040 -0.0000120
       803.7880000  0.0000420 -0.0000130 -0.0000340 -0.0000520  0.0000460
       176.8550000  0.0001850 -0.0000630 -0.0000560 -0.0000830 -0.0006750
        24.7094000  0.0068560 -0.0020340 -0.0065930 -0.0098760  0.0212080
        15.4311000 -0.0514100  0.0156890  0.0389400  0.0577990 -0.0598710
         9.6370600  0.1537220 -0.0487030 -0.1029080 -0.1538970  0.0151140
         3.6556900 -0.3427500  0.1209540  0.2703540  0.4217130 -0.0377770
         2.1887900 -0.2814160  0.0857950  0.0618350  0.1309820  1.1622360
         0.9669010  0.4317850 -0.1647410 -0.1353620 -0.5555320 -3.2770720
         0.5203350  0.6443500 -0.3133730 -1.2866270 -2.5771630  1.2701190
         0.2687380  0.2560410 -0.2505130  0.5668990  4.1711070  3.1537770
         0.0934310  0.0142160  0.3309260  2.0738270 -1.4383750 -6.7129510
         0.0442780 -0.0008570  0.6689400 -1.1966140 -1.6047110  7.3005270
 Y   S
         0.0205860  1.0000000
 Y   S
         0.0096000  1.0000000
 Y   P
       107.4110000  0.0000910 -0.0000300 -0.0000650 -0.0000790 -0.0001660
         7.8253700  0.0412730 -0.0128200 -0.0284960 -0.0378270 -0.0512630
         4.8896400 -0.1207510  0.0389180  0.0852470  0.1192150  0.1531410
         2.6346700 -0.0913090  0.0262170  0.0687010  0.0674820  0.2656770
         1.2906400  0.2467110 -0.0850530 -0.1845780 -0.2648700 -1.1525810
         0.6865630  0.4542820 -0.1644870 -0.6131370 -1.1887760 -1.1729520
         0.3642540  0.3496890 -0.1767940 -0.2279870  1.3402300  4.9116730
         0.1880790  0.1146010  0.0390610  1.3845570  1.1973990 -5.0069800
         0.0906470  0.0109550  0.4379790  0.1841280 -2.3967800  1.9625810
         0.0433930  0.0016130  0.5157770 -0.8904790  0.7039560  0.7231000
 Y   P
         0.0203400  1.0000000
 Y   P
         0.0095000  1.0000000
 Y   D
        44.4707000  0.0001300 -0.0001640  0.0001980 -0.0003660
        12.2260000  0.0012450 -0.0014080  0.0019390 -0.0021570
         5.0145900 -0.0064180  0.0073280 -0.0100050  0.0129660
         1.6657600  0.0515240 -0.0672140  0.0955710 -0.1214120
         0.8894000  0.1608100 -0.1989690  0.2915650 -0.6795100
         0.4492320  0.2592560 -0.3268610  0.4281810  0.0093200
         0.2178540  0.3131190 -0.2274790 -0.3428950  1.4118300
         0.1023240  0.2970510  0.2344810 -0.8129610 -0.9492730
         0.0468400  0.1865630  0.5414920  0.3614820 -0.5277300
 Y   D
         0.0205940  1.0000000
 Y   D
         0.0091000  1.0000000
 Y   F
         0.9135000  1.0000000
 Y   F
         0.2836000  1.0000000
 Y   F
         0.0880000  1.0000000
 Y   F
         0.0277000  1.0000000
 Y   G
         0.5819000  1.0000000
 Y   G
         0.1735000  1.0000000
 Y   G
         0.0537000  1.0000000
 Y   H
         0.3395000  1.0000000
 Y   H
         0.0987000  1.0000000
#
# BASIS SET: ( 14s 11p 10d 3f 2g 1h ) -> [ 6s 6p 5d 3f 2g 1h ] 
 Zr  S
      5675.2400000  0.0000060 -0.0000020 -0.0000030 -0.0000060 -0.0000160
       863.1340000  0.0000460 -0.0000150 -0.0000400 -0.0000510  0.0000580
       190.3400000  0.0001980 -0.0000680 -0.0000710 -0.0001690 -0.0008910
        26.9090000  0.0070570 -0.0021350 -0.0072040 -0.0077740  0.0273980
        16.8039000 -0.0530490  0.0164650  0.0429900  0.0527550 -0.0769940
        10.4957000  0.1577920 -0.0508100 -0.1141280 -0.1563380  0.0179110
         3.9316800 -0.3577070  0.1293950  0.3101060  0.4515910 -0.0205690
         2.4065300 -0.2830480  0.0858250  0.0689160  0.2384230  1.4847690
         1.0562800  0.4624190 -0.1802650 -0.2137110 -1.1251000 -5.2993640
         0.5710270  0.6391000 -0.3258040 -1.4303860 -2.0104270  5.0797270
         0.2958580  0.2418360 -0.2273070  0.8787700  4.3180980 -0.0139520
         0.1043250  0.0136140  0.3456950  1.8905350 -2.3194350 -4.7172460
         0.0485630 -0.0007280  0.6582420 -1.2450350 -0.6481260  6.0430530
 Zr  S
         0.0223560  1.0000000
 Zr  S
         0.0103000  1.0000000
 Zr  P
       122.6140000  0.0000890 -0.0000290 -0.0000420 -0.0000720 -0.0001010
         8.6017600  0.0431890 -0.0132920 -0.0186700 -0.0353270 -0.0557630
         5.3756700 -0.1256900  0.0402610  0.0562710  0.1073430  0.1714680
         2.8732600 -0.0984530  0.0278420  0.0412580  0.0781030  0.1546890
         1.4314800  0.2616530 -0.0900280 -0.1303570 -0.2483300 -0.7228250
         0.7585420  0.4684370 -0.1740550 -0.2424890 -0.7742400 -1.2765790
         0.3983330  0.3431180 -0.1576400 -0.2520430  0.1204770  2.9768200
         0.2005520  0.1015390  0.0813280  0.2222450  1.5143590 -1.0541120
         0.0942630  0.0077750  0.4341340  0.6873330 -0.4188840 -1.4600030
         0.0439730  0.0014680  0.4929950  0.2793880 -0.7176520  1.3306580
 Zr  P
         0.0202460  1.0000000
 Zr  P
         0.0093000  1.0000000
 Zr  D
        48.6431000  0.0001600 -0.0001990  0.0003110 -0.0004680
        13.5835000  0.0015130 -0.0016270  0.0020970 -0.0028050
         5.3945300 -0.0091330  0.0100510 -0.0135190  0.0199580
         1.8630000  0.0638690 -0.0817780  0.1372450 -0.2202750
         1.0079200  0.1893790 -0.2318160  0.3797260 -0.7531930
         0.5198200  0.2877480 -0.3431630  0.3322720  0.4522480
         0.2594550  0.3152610 -0.1316050 -0.5609850  1.1905720
         0.1255900  0.2608760  0.3309010 -0.6443880 -1.2301770
         0.0589320  0.1415580  0.5074600  0.4851650 -0.2159390
 Zr  D
         0.0262290  1.0000000
 Zr  D
         0.0117000  1.0000000
 Zr  F
         1.3601000  1.0000000
 Zr  F
         0.4291000  1.0000000
 Zr  F
         0.1354000  1.0000000
 Zr  F
         0.0454000  1.0000000
 Zr  G
         0.8169000  1.0000000
 Zr  G
         0.2490000  1.0000000
 Zr  G
         0.0851000  1.0000000
 Zr  H
         0.5010000  1.0000000
 Zr  H
         0.1681000  1.0000000
#
# BASIS SET: ( 14s 11p 10d 3f 2g 1h ) -> [ 6s 6p 5d 3f 2g 1h ] 
 Nb  S
      5729.3600000  0.0000080 -0.0000030 -0.0000040 -0.0000080 -0.0000200
       898.7570000  0.0000520 -0.0000170 -0.0000460 -0.0000580  0.0000500
       203.1540000  0.0002160 -0.0000750 -0.0000850 -0.0002260 -0.0009920
        29.0821000  0.0073960 -0.0022520 -0.0076920 -0.0074160  0.0264760
        18.1596000 -0.0552510  0.0172420  0.0460280  0.0539120 -0.0672280
        11.3420000  0.1632580 -0.0528630 -0.1222600 -0.1667540 -0.0180330
         4.2245400 -0.3721490  0.1363550  0.3382530  0.5029010  0.1081030
         2.6381700 -0.2827570  0.0845410  0.0701100  0.2662620  1.5653000
         1.1509900  0.4840580 -0.1912600 -0.2716550 -1.5007590 -6.7398560
         0.6250000  0.6333390 -0.3296300 -1.4798190 -1.5285370  7.9760920
         0.3244810  0.2343950 -0.2097360  1.0436440  4.2085080 -2.5603720
         0.1141370  0.0132460  0.3537950  1.7512880 -2.6574950 -2.9311650
         0.0524230 -0.0007750  0.6495660 -1.2255670 -0.1836000  4.7735390
 Nb  S
         0.0239040  1.0000000
 Nb  S
         0.0109000  1.0000000
 Nb  P
       138.4600000  0.0000870 -0.0000290 -0.0000430 -0.0000730 -0.0001020
         9.3123800  0.0460850 -0.0143860 -0.0210770 -0.0390570 -0.0630370
         5.8201500 -0.1347720  0.0438130  0.0638960  0.1198810  0.1953600
         3.0589600 -0.1053350  0.0302870  0.0466950  0.0864220  0.1871900
         1.5902700  0.2747760 -0.0963090 -0.1449560 -0.2891420 -0.9029120
         0.8361380  0.4792360 -0.1837030 -0.2742540 -0.8052000 -1.0655850
         0.4360320  0.3375730 -0.1496950 -0.2375990  0.2953950  3.0265000
         0.2167160  0.0941580  0.1031560  0.2952600  1.4185360 -1.4246220
         0.1018830  0.0062330  0.4396420  0.6708660 -0.5209570 -1.1257930
         0.0473870  0.0014690  0.4785870  0.2356770 -0.6615440  1.2566670
 Nb  P
         0.0217480  1.0000000
 Nb  P
         0.0100000  1.0000000
 Nb  D
        55.5243000  0.0001800 -0.0002210  0.0003560 -0.0005480
        15.8430000  0.0015650 -0.0016600  0.0023390 -0.0030070
         5.7920600 -0.0100360  0.0108870 -0.0159450  0.0229940
         2.1776800  0.0585180 -0.0759490  0.1419710 -0.2487660
         1.2209000  0.1897930 -0.2327040  0.4109560 -0.7513270
         0.6445770  0.2945090 -0.3415990  0.3210380  0.5055700
         0.3278110  0.3174790 -0.1222670 -0.5989470  1.1509160
         0.1609180  0.2524380  0.3328420 -0.6084580 -1.1909780
         0.0761310  0.1316200  0.5027080  0.4610850 -0.2850970
 Nb  D
         0.0339110  1.0000000
 Nb  D
         0.0151000  1.0000000
 Nb  F
         1.8010000  1.0000000
 Nb  F
         0.5748000  1.0000000
 Nb  F
         0.1835000  1.0000000
 Nb  F
         0.0634000  1.0000000
 Nb  G
         1.0578000  1.0000000
 Nb  G
         0.3318000  1.0000000
 Nb  G
         0.1221000  1.0000000
 Nb  H
         0.6732000  1.0000000
 Nb  H
         0.2487000  1.0000000
#
# BASIS SET: ( 14s 11p 10d 3f 2g 1h ) -> [ 6s 6p 5d 3f 2g 1h ] 
 Mo  S
      6711.2300000  0.0000080 -0.0000030 -0.0000050 -0.0000090 -0.0000180
       988.2620000  0.0000590 -0.0000190 -0.0000490 -0.0000660 -0.0000170
       216.2910000  0.0002440 -0.0000840 -0.0001130 -0.0002910 -0.0008440
        31.1617000  0.0077510 -0.0023280 -0.0076210 -0.0072570  0.0129570
        19.4654000 -0.0577500  0.0178340  0.0466430  0.0559090 -0.0099490
        12.1603000  0.1702780 -0.0546970 -0.1260310 -0.1790880 -0.1236980
         4.5171000 -0.3983930  0.1452280  0.3550690  0.5626060  0.4468930
         2.8203200 -0.2761780  0.0805810  0.0788460  0.2990240  1.4039530
         1.2602800  0.5039470 -0.1986470 -0.3292100 -1.8724510 -7.7842940
         0.6800130  0.6368170 -0.3318030 -1.4622420 -0.9933480 10.2859540
         0.3514060  0.2246810 -0.1945790  1.1047470  3.9567310 -4.7884940
         0.1247460  0.0120130  0.3483100  1.6428490 -2.7368330 -1.2294860
         0.0566870 -0.0007040  0.6441110 -1.1446510 -0.0070370  3.4559250
 Mo  S
         0.0255690  1.0000000
 Mo  S
         0.0115000  1.0000000
 Mo  P
       152.9580000  0.0000890 -0.0000300 -0.0000460 -0.0000820 -0.0001570
        10.0454000  0.0486580 -0.0151180 -0.0234060 -0.0425660 -0.0617300
         6.2786900 -0.1429160  0.0462370  0.0713700  0.1316610  0.1912730
         3.2529000 -0.1119240  0.0321610  0.0523310  0.1041920  0.3034920
         1.7561900  0.2872550 -0.1003680 -0.1606860 -0.3540870 -1.2601600
         0.9164400  0.4882670 -0.1878280 -0.3056960 -0.8231200 -0.6601690
         0.4752100  0.3325040 -0.1412290 -0.2096950  0.4691120  2.9941100
         0.2340410  0.0879450  0.1129270  0.3498440  1.3060670 -1.8628630
         0.1099870  0.0051370  0.4365490  0.6427110 -0.6005210 -0.6548950
         0.0509000  0.0014690  0.4735680  0.2113020 -0.6033790  1.0766410
 Mo  P
         0.0231980  1.0000000
 Mo  P
         0.0106000  1.0000000
 Mo  D
        64.0194000  0.0001670 -0.0001970  0.0003680 -0.0003500
        17.5538000  0.0016530 -0.0017110  0.0022850 -0.0041070
         6.5001600 -0.0132930  0.0142690 -0.0210710  0.0359670
         2.4048200  0.0670070 -0.0826730  0.1657440 -0.2938650
         1.3421000  0.2091290 -0.2573070  0.4848470 -0.8126500
         0.7078230  0.3096950 -0.3434210  0.2113940  0.8503400
         0.3603360  0.3139960 -0.0548000 -0.7066180  0.8690250
         0.1770770  0.2323510  0.3765310 -0.4649570 -1.3237980
         0.0836650  0.1119340  0.4797980  0.5321680  0.0049480
 Mo  D
         0.0370260  1.0000000
 Mo  D
         0.0164000  1.0000000
 Mo  F
         2.1810000  1.0000000
 Mo  F
         0.7026000  1.0000000
 Mo  F
         0.2263000  1.0000000
 Mo  F
         0.0792000  1.0000000
 Mo  G
         1.2568000  1.0000000
 Mo  G
         0.4007000  1.0000000
 Mo  G
         0.1525000  1.0000000
 Mo  H
         0.8384000  1.0000000
 Mo  H
         0.3289000  1.0000000
#
# BASIS SET: ( 14s 11p 10d 3f 2g 1h ) -> [ 6s 6p 5d 3f 2g 1h ] 
 Tc  S
      7011.0800000  0.0000090 -0.0000030 -0.0000060 -0.0000110 -0.0000160
      1046.1000000  0.0000670 -0.0000220 -0.0000540 -0.0000760 -0.0001130
       230.4930000  0.0002740 -0.0000930 -0.0001390 -0.0003310 -0.0005110
        33.3218000  0.0082370 -0.0024160 -0.0077180 -0.0077450 -0.0109830
        20.8105000 -0.0606330  0.0183200  0.0477700  0.0590240  0.0864930
        12.9975000  0.1778160 -0.0560010 -0.1303120 -0.1882670 -0.2861790
         4.8305100 -0.4220620  0.1511880  0.3691480  0.5902840  1.0012380
         3.0155200 -0.2693360  0.0755970  0.0873940  0.3330380  0.7225520
         1.3706200  0.5218430 -0.2027390 -0.3819580 -2.0874360 -7.6503270
         0.7358360  0.6380050 -0.3248550 -1.4316690 -0.6503990 10.7993970
         0.3788160  0.2160910 -0.1823170  1.1436500  3.7087420 -5.5917980
         0.1335490  0.0112120  0.3372970  1.5516400 -2.6700620 -0.4226910
         0.0601560 -0.0003020  0.6378330 -1.0701580  0.0200220  2.7545010
 Tc  S
         0.0269230  1.0000000
 Tc  S
         0.0120000  1.0000000
 Tc  P
       165.0311000  0.0000940 -0.0000310 -0.0000510 -0.0000970 -0.0002000
        10.7957000  0.0509640 -0.0155010 -0.0254430 -0.0448590 -0.0617730
         6.7484100 -0.1500490  0.0475240  0.0778710  0.1386420  0.1884450
         3.4824900 -0.1153530  0.0326450  0.0573030  0.1301660  0.4209310
         1.9185300  0.2970100 -0.1022890 -0.1772360 -0.4343680 -1.6231020
         1.0018800  0.4901870 -0.1840740 -0.3257380 -0.7982230 -0.2356560
         0.5221550  0.3265400 -0.1346980 -0.1883490  0.5413080  2.8630840
         0.2608820  0.0873840  0.1036920  0.3694040  1.2254840 -2.0324030
         0.1212740  0.0060650  0.4224280  0.6276010 -0.5919300 -0.4381220
         0.0554020  0.0011260  0.4828080  0.2078840 -0.5926290  0.9624810
 Tc  P
         0.0248480  1.0000000
 Tc  P
         0.0111000  1.0000000
 Tc  D
        71.1813000  0.0001750 -0.0001940  0.0003950 -0.0002340
        19.5319000  0.0017220 -0.0017430  0.0025090 -0.0055190
         7.2374300 -0.0138320  0.0144030 -0.0230280  0.0446410
         2.6113400  0.0740660 -0.0844590  0.1928110 -0.3882320
         1.4773400  0.2185740 -0.2669030  0.5425200 -0.8042540
         0.7880050  0.3134600 -0.3360340  0.1303490  1.1596620
         0.4049350  0.3079090 -0.0315050 -0.7811880  0.5374260
         0.2003640  0.2213540  0.3870680 -0.3613460 -1.3024870
         0.0949110  0.1051100  0.4744620  0.5512450  0.1537280
 Tc  D
         0.0419450  1.0000000
 Tc  D
         0.0185000  1.0000000
 Tc  F
         2.5389000  1.0000000
 Tc  F
         0.8280000  1.0000000
 Tc  F
         0.2700000  1.0000000
 Tc  F
         0.0956000  1.0000000
 Tc  G
         1.4683000  1.0000000
 Tc  G
         0.4823000  1.0000000
 Tc  G
         0.1907000  1.0000000
 Tc  H
         0.9932000  1.0000000
 Tc  H
         0.4063000  1.0000000
#
# BASIS SET: ( 14s 11p 10d 3f 2g 1h ) -> [ 6s 6p 5d 3f 2g 1h ] 
 Ru  S
      7269.8900000  0.0000110 -0.0000040 -0.0000070 -0.0000120 -0.0000160
      1087.8400000  0.0000780 -0.0000250 -0.0000650 -0.0000840 -0.0001810
       241.7870000  0.0003110 -0.0001060 -0.0001740 -0.0003620 -0.0003320
        35.4525000  0.0087340 -0.0024970 -0.0083680 -0.0076580 -0.0254290
        22.1415000 -0.0636040  0.0188420  0.0517850  0.0584390  0.1443970
        13.8292000  0.1857150 -0.0575810 -0.1417710 -0.1862370 -0.3836440
         5.1321300 -0.4544900  0.1604580  0.4144270  0.5749660  1.3902860
         3.1705900 -0.2563420  0.0691260  0.0784730  0.4015520  0.1271540
         1.4948700  0.5330450 -0.2039790 -0.4446880 -2.1997860 -6.8551520
         0.8005300  0.6399720 -0.3204980 -1.4550350 -0.4355220  9.6961050
         0.4116380  0.2152730 -0.1746560  1.2722320  3.4276070 -4.7399940
         0.1424170  0.0112610  0.3326960  1.4072450 -2.4454790 -0.9214660
         0.0635630 -0.0000950  0.6303210 -0.9996440 -0.1499430  3.0543570
 Ru  S
         0.0282960  1.0000000
 Ru  S
         0.0126000  1.0000000
 Ru  P
       174.3070000  0.0001030 -0.0000330 -0.0000610  0.0001120 -0.0002500
        11.5040000  0.0539940 -0.0157130 -0.0287850  0.0492620 -0.0629920
         7.1917600 -0.1610120  0.0487720  0.0893050 -0.1538200  0.1916210
         3.5749800 -0.1290380  0.0351930  0.0707170 -0.1731520  0.6528290
         2.1307800  0.3147630 -0.1032230 -0.2047470  0.5309750 -2.1533740
         1.0892200  0.5041410 -0.1811150 -0.3715110  0.8176260  0.4094420
         0.5586370  0.3252710 -0.1243880 -0.1436350 -0.7867320  2.4570950
         0.2704770  0.0787020  0.1120280  0.4622210 -1.0474860 -2.2868480
         0.1238960  0.0037630  0.4225110  0.5855810  0.7549080  0.0777690
         0.0558230  0.0012860  0.4772310  0.1507490  0.4632510  0.7656040
 Ru  P
         0.0248420  1.0000000
 Ru  P
         0.0111000  1.0000000
 Ru  D
        75.3751000  0.0001800 -0.0002030 -0.0003550 -0.0001820
        19.8901000  0.0020840 -0.0020860 -0.0031930 -0.0072830
         7.8792400 -0.0186710  0.0194280  0.0319560  0.0616630
         2.9083400  0.0780540 -0.0871060 -0.1855990 -0.4441680
         1.6388300  0.2263280 -0.2864130 -0.5831850 -0.7998390
         0.8757300  0.3171000 -0.3319080 -0.0727660  1.3061620
         0.4504830  0.3050360 -0.0021210  0.7987070  0.3470880
         0.2227700  0.2151500  0.4023550  0.3016360 -1.2223020
         0.1053420  0.0997580  0.4543320 -0.5409680  0.1744000
 Ru  D
         0.0464550  1.0000000
 Ru  D
         0.0205000  1.0000000
 Ru  F
         2.8980000  1.0000000
 Ru  F
         0.9588000  1.0000000
 Ru  F
         0.3172000  1.0000000
 Ru  F
         0.1138000  1.0000000
 Ru  G
         1.7100000  1.0000000
 Ru  G
         0.5778000  1.0000000
 Ru  G
         0.2370000  1.0000000
 Ru  H
         1.1646000  1.0000000
 Ru  H
         0.4964000  1.0000000
#
# BASIS SET: ( 14s 11p 10d 3f 2g 1h ) -> [ 6s 6p 5d 3f 2g 1h ] 
 Rh  S
      7374.2200000  0.0000130 -0.0000040 -0.0000090 -0.0000140 -0.0000200
      1114.7200000  0.0000920 -0.0000290 -0.0000760 -0.0000950 -0.0002080
       249.9380000  0.0003570 -0.0001190 -0.0002050 -0.0003820 -0.0003950
        37.5315000  0.0091740 -0.0025760 -0.0086430 -0.0080940 -0.0264950
        23.4385000 -0.0666920  0.0194110  0.0537070  0.0598120  0.1507880
        14.6379000  0.1956740 -0.0596780 -0.1483390 -0.1876680 -0.4024970
         5.5542100 -0.4574820  0.1589680  0.4122880  0.5255080  1.3689580
         3.4224200 -0.2746970  0.0738260  0.1007430  0.4667230  0.2373890
         1.6492800  0.5224540 -0.1968910 -0.4427320 -2.0232050 -6.6015610
         0.8832260  0.6524920 -0.3141660 -1.4323570 -0.6914780  8.6166140
         0.4519700  0.2257080 -0.1768790  1.2199820  3.3320100 -3.5310110
         0.1530060  0.0117950  0.3157110  1.3428560 -1.9922090 -1.7537080
         0.0678490 -0.0001350  0.6247220 -0.8361540 -0.6067250  3.5259850
 Rh  S
         0.0299320  1.0000000
 Rh  S
         0.0132000  1.0000000
 Rh  P
       186.8620000  0.0001090 -0.0000350 -0.0000680  0.0001220  0.0002540
        12.3059000  0.0560310 -0.0167420 -0.0314700  0.0521280  0.0713490
         7.6935800 -0.1675940  0.0520850  0.0979240 -0.1624920 -0.2177380
         3.7795600 -0.1363730  0.0385720  0.0812320 -0.2125080 -0.7639570
         2.3232600  0.3251810 -0.1095340 -0.2287880  0.6239090  2.4866360
         1.1847300  0.5055390 -0.1882860 -0.4007930  0.7831600 -0.8314040
         0.6092370  0.3232040 -0.1245600 -0.1097740 -0.8575390 -2.1695430
         0.2968270  0.0788210  0.1171100  0.4791740 -0.9666410  2.2490950
         0.1372710  0.0040650  0.4230670  0.5581190  0.7421150 -0.1275420
         0.0621260  0.0012500  0.4736850  0.1517420  0.4634940 -0.7284670
 Rh  P
         0.0276060  1.0000000
 Rh  P
         0.0123000  1.0000000
 Rh  D
        80.6204000  0.0002370 -0.0002760 -0.0004280 -0.0002410
        22.1259000  0.0022370 -0.0023470 -0.0036360 -0.0084470
         7.9583400 -0.0176500  0.0190780  0.0308490  0.0698380
         3.1956900  0.0788370 -0.0936260 -0.1829010 -0.5173290
         1.8113700  0.2317500 -0.3085340 -0.6144640 -0.7709280
         0.9713830  0.3192230 -0.3262390 -0.0158290  1.4511960
         0.5017970  0.3020620  0.0310980  0.8110440  0.1698730
         0.2490680  0.2104350  0.4099490  0.2541130 -1.1898870
         0.1179700  0.0966100  0.4368930 -0.5519210  0.2468430
 Rh  D
         0.0519500  1.0000000
 Rh  D
         0.0229000  1.0000000
 Rh  F
         3.3131000  1.0000000
 Rh  F
         1.1058000  1.0000000
 Rh  F
         0.3691000  1.0000000
 Rh  F
         0.1335000  1.0000000
 Rh  G
         1.9565000  1.0000000
 Rh  G
         0.6740000  1.0000000
 Rh  G
         0.2836000  1.0000000
 Rh  H
         1.3436000  1.0000000
 Rh  H
         0.5929000  1.0000000
#
# BASIS SET: ( 14s 11p 10d 3f 2g 1h ) -> [ 6s 6p 5d 3f 2g 1h ] 
 Pd  S
      7844.8900000  0.0000150 -0.0000050 -0.0000100  0.0000020 -0.0000150
      1169.5300000  0.0001070 -0.0000330 -0.0000840  0.0000150 -0.0001090
       259.6440000  0.0004120 -0.0001350 -0.0002300  0.0000580 -0.0004080
        39.2211000  0.0098640 -0.0027160 -0.0090740  0.0012900 -0.0090780
        24.4934000 -0.0719220  0.0205170  0.0563390 -0.0092020  0.0648030
        15.2969000  0.2128330 -0.0636890 -0.1563130  0.0283700 -0.1999130
         6.0389600 -0.4542200  0.1551180  0.3943670 -0.0690030  0.4866890
         3.7622800 -0.2996210  0.0800520  0.1184910 -0.0717590  0.5061480
         1.8071000  0.5046120 -0.1865700 -0.3911140  0.2549580 -1.8058520
         0.9743050  0.6622770 -0.3054990 -1.3967980  0.1451930 -1.0058890
         0.4972030  0.2406810 -0.1813090  1.1011240 -0.4647570  3.2670160
         0.1620200  0.0126460  0.3039740  1.3128540  0.2244370 -1.5764190
         0.0714600 -0.0004720  0.6177640 -0.6576300  0.1291750 -0.9382990
 Pd  S
         0.0313100  1.0000000
 Pd  S
         0.0137000  1.0000000
 Pd  P
        98.8243000  0.0003180 -0.0000510 -0.0001660  0.0004190  0.0000090
        27.9859000 -0.0046710  0.0006780  0.0022660 -0.0058840 -0.0013240
        17.4873000  0.0292410 -0.0066790 -0.0161180  0.0317000  0.0372040
         6.7863800 -0.1992820  0.0544150  0.1219530 -0.2240400 -0.3882460
         1.9878800  0.4101390 -0.1382020 -0.3403790  0.8656960  2.6384130
         1.0657300  0.4471440 -0.1410000 -0.3281810  0.3452800 -2.7457290
         0.5838290  0.2362210 -0.1010710 -0.0330520 -0.9931720 -0.6384020
         0.3146360  0.0624690  0.1265930  0.5487950 -0.6775520  1.9045610
         0.1357370  0.0060750  0.4211200  0.5332220  0.7731840 -0.1954810
         0.0602770 -0.0000850  0.4722370  0.0994340  0.3765310 -0.6798620
 Pd  P
         0.0265400  1.0000000
 Pd  P
         0.0117000  1.0000000
 Pd  D
        78.3406000  0.0003190 -0.0003900 -0.0005710 -0.0004130
        21.0235000  0.0031690 -0.0033600 -0.0049650 -0.0116470
         7.5187300 -0.0301280  0.0334560  0.0523140  0.1255530
         3.6893300  0.0820580 -0.0998880 -0.1757260 -0.5684920
         2.0193400  0.2405330 -0.3344540 -0.6558300 -0.7972550
         1.0717600  0.3254140 -0.3267360  0.0297190  1.5702270
         0.5516620  0.3009480  0.0663700  0.8321610  0.0164980
         0.2739330  0.2050090  0.4205140  0.1960240 -1.1631360
         0.1301110  0.0921770  0.4170070 -0.5651970  0.3227120
 Pd  D
         0.0574730  1.0000000
 Pd  D
         0.0254000  1.0000000
 Pd  F
         3.7196000  1.0000000
 Pd  F
         1.2537000  1.0000000
 Pd  F
         0.4226000  1.0000000
 Pd  F
         0.1540000  1.0000000
 Pd  G
         2.2230000  1.0000000
 Pd  G
         0.7801000  1.0000000
 Pd  G
         0.3364000  1.0000000
 Pd  H
         1.5307000  1.0000000
 Pd  H
         0.6971000  1.0000000
END

 ECP
 Y  nelec 28 ! # core electrons
 Y ul
  2          1.0               0.0
 Y  S
  2          7.85827500      135.13497400
  2          3.38212800       15.41163200
 Y  P
  2          6.84979100       29.25143700
  2          6.71009200       58.50836300
  2          3.04215900        3.78024300
  2          2.93733000        7.67654700
 Y  D
  2          5.41631500       11.84991100
  2          5.33341600       17.77810300
  2          1.97621200        2.06238300
  2          1.96111100        3.07565000
 Y  F
  2          5.02859000       -6.92807800
  2          5.00558200       -9.15509900
 Zr nelec 28 ! # core electrons
 Zr ul
  2          1.0               0.0
 Zr S
  2          8.63652800      150.24299400
  2          3.71763900       18.78003600
 Zr P
  2          7.62672800       33.19279100
  2          7.45320700       66.38903900
  2          3.35838900        4.62072600
  2          3.22973800        9.26027000
 Zr D
  2          5.93808600       13.99338300
  2          5.82554400       20.99588200
  2          2.20501900        2.28516600
  2          2.20629200        3.44126000
 Zr F
  2          4.80021500       -5.23932000
  2          4.79899200       -6.98742400
 Nb nelec 28 ! # core electrons
 Nb ul
  2          1.0               0.0
 Nb S
  2          9.37657800      165.15673600
  2          4.04357200       21.82395100
 Nb P
  2          8.36360900       37.24928400
  2          8.16689800       74.50738900
  2          3.69307500        5.43948600
  2          3.55104700       10.91325200
 Nb D
  2          6.68910800       15.21454900
  2          6.53719300       22.83350800
  2          2.55111800        3.00005200
  2          2.56789600        4.55373400
 Nb F
  2          5.56828500       -6.28135400
  2          5.67137200       -8.75564400
 Mo nelec 28 ! # core electrons
 Mo ul
  2          1.0               0.0
 Mo S
  2         10.09700000      180.07685300
  2          4.37567000       24.71592000
 Mo P
  2          9.12656400       41.22767800
  2          8.86322300       82.45267000
  2          4.04494800        6.34509200
  2          3.86665700       12.45842300
 Mo D
  2          7.53575400       19.30874400
  2          7.27897600       28.97767400
  2          2.76320500        3.18951600
  2          2.77208500        4.70016900
 Mo F
  2          6.30663300       -7.17888800
  2          6.35644800       -9.74597800
 Tc nelec 28 ! # core electrons
 Tc ul
  2          1.0               0.0
 Tc S
  2         10.79936900      195.09130300
  2          4.70725700       27.34041300
 Tc P
  2          9.82669900       45.06081200
  2          9.56111500       90.11729500
  2          4.37857800        7.07051700
  2          4.19090700       14.04801900
 Tc D
  2          8.33604500       21.65775500
  2          8.24453300       32.47195900
  2          3.09370700        3.78952500
  2          3.16872200        6.05343000
 Tc F
  2          7.04094000       -7.99562300
  2          7.06947300      -10.74569600
 Ru nelec 28 ! # core electrons
 Ru ul
  2          1.0               0.0
 Ru S
  2         11.50059000      209.78649300
  2          5.06857500       30.21430700
 Ru P
  2         10.53263400       48.75124400
  2         10.19201000       97.49652900
  2          4.73489200        7.86018800
  2          4.50906500       15.32975100
 Ru D
  2          8.87797700       26.96750600
  2          8.76612200       40.43230300
  2          3.17019600        3.34075800
  2          3.22885100        5.25635200
 Ru F
  2          7.82024900       -8.84752500
  2          7.83964700      -11.83551800
 Rh nelec 28 ! # core electrons
 Rh ul
  2          1.0               0.0
 Rh S
  2         12.19481600      225.31205400
  2          5.40513700       32.44158200
 Rh P
  2         11.28075500       52.87282600
  2         10.92724800      105.74552600
  2          5.09011700        8.61934400
  2          4.85183200       16.97345900
 Rh D
  2          9.13633700       25.10850100
  2          8.96480800       37.69573100
  2          3.64361200        4.20258400
  2          3.63600700        6.29279000
 Rh F
  2          8.61622800       -9.67356800
  2          8.62943500      -12.89984700
 Pd nelec 28 ! # core electrons
 Pd ul
  2          1.0               0.0
 Pd S
  2         12.79882500      240.26278900
  2          5.80052800       34.72996100
 Pd P
  2         11.87469700       56.74692900
  2         11.47433500      113.44441700
  2          5.51599900        9.34563900
  2          5.24804300       18.34544700
 Pd D
  2          8.50221200       28.59555400
  2          7.98332400       43.45392100
  2          3.10762800        1.85228600
  2          2.47673400        1.40676500
 Pd F
  2          9.67957100      -10.98725500
  2          9.69134900      -14.62619000
 END
