****
Cu    0
S   1   1.00
  23.424100000       1.0000000000
S   1   1.00
  12.213700000       1.0000000000
S   1   1.00
  6.3025500000       1.0000000000
P   1   1.00
  22.552700000       1.0000000000
P   1   1.00
  12.164700000       1.0000000000
P   1   1.00
  6.8425800000       1.0000000000
D   1   1.00
  17.913700000       1.0000000000
D   1   1.00
  11.354500000       1.0000000000
F   1   1.00
  13.696100000       1.0000000000
F   1   1.00
  7.0700900000       1.0000000000
F   1   1.00
  4.1311300000       1.0000000000
G   1   1.00
  24.118800000       1.0000000000
S   1   1.00
  3.2852400000       1.0000000000
S   1   1.00
  1.9278700000       1.0000000000
S   1   1.00
 0.93842000000       1.0000000000
S   1   1.00
 0.43458300000       1.0000000000
S   1   1.00
 0.22069100000       1.0000000000
S   1   1.00
 0.10225600000       1.0000000000
S   1   1.00
 0.61337300000E-01   1.0000000000
P   1   1.00
  3.1745700000       1.0000000000
P   1   1.00
  1.6452000000       1.0000000000
P   1   1.00
 0.88908200000       1.0000000000
P   1   1.00
 0.52035100000       1.0000000000
P   1   1.00
 0.31185200000       1.0000000000
P   1   1.00
 0.16550100000       1.0000000000
P   1   1.00
 0.82921600000E-01   1.0000000000
D   1   1.00
  5.5049200000       1.0000000000
D   1   1.00
  3.0745600000       1.0000000000
D   1   1.00
  1.5074500000       1.0000000000
D   1   1.00
 0.75226000000       1.0000000000
D   1   1.00
 0.46232300000       1.0000000000
D   1   1.00
 0.25701500000       1.0000000000
D   1   1.00
 0.14039000000       1.0000000000
F   1   1.00
  1.9086100000       1.0000000000
F   1   1.00
 0.90724300000       1.0000000000
F   1   1.00
 0.41993700000       1.0000000000
F   1   1.00
 0.21272200000       1.0000000000
G   1   1.00
  8.9443700000       1.0000000000
G   1   1.00
  5.1213900000       1.0000000000
G   1   1.00
  2.3632500000       1.0000000000
G   1   1.00
  1.1061800000       1.0000000000
G   1   1.00
 0.51777600000       1.0000000000
H   1   1.00
  10.857900000       1.0000000000
H   1   1.00
  5.5790700000       1.0000000000
H   1   1.00
  2.2707300000       1.0000000000
I   1   1.00
  10.105100000       1.0000000000
I   1   1.00
  5.0052400000       1.0000000000
****
Zn    0
S   1   1.00
  26.115900000       1.0000000000
S   1   1.00
  13.624200000       1.0000000000
S   1   1.00
  7.1601200000       1.0000000000
P   1   1.00
  25.203300000       1.0000000000
P   1   1.00
  13.741700000       1.0000000000
P   1   1.00
  7.8308800000       1.0000000000
D   1   1.00
  20.536600000       1.0000000000
D   1   1.00
  12.515200000       1.0000000000
F   1   1.00
  15.126000000       1.0000000000
F   1   1.00
  7.9203000000       1.0000000000
F   1   1.00
  4.6854700000       1.0000000000
G   1   1.00
  28.645200000       1.0000000000
S   1   1.00
  3.9164500000       1.0000000000
S   1   1.00
  2.2057100000       1.0000000000
S   1   1.00
 0.96942600000       1.0000000000
S   1   1.00
 0.45711100000       1.0000000000
S   1   1.00
 0.24860400000       1.0000000000
S   1   1.00
 0.12794500000       1.0000000000
S   1   1.00
 0.78124100000E-01   1.0000000000
P   1   1.00
  3.8853400000       1.0000000000
P   1   1.00
  1.9634000000       1.0000000000
P   1   1.00
  1.0248500000       1.0000000000
P   1   1.00
 0.59708700000       1.0000000000
P   1   1.00
 0.36063400000       1.0000000000
P   1   1.00
 0.19227300000       1.0000000000
P   1   1.00
 0.95376700000E-01   1.0000000000
D   1   1.00
  6.1889800000       1.0000000000
D   1   1.00
  3.5658500000       1.0000000000
D   1   1.00
  1.7782200000       1.0000000000
D   1   1.00
 0.86263100000       1.0000000000
D   1   1.00
 0.53211700000       1.0000000000
D   1   1.00
 0.30413200000       1.0000000000
D   1   1.00
 0.16208300000       1.0000000000
F   1   1.00
  2.1242000000       1.0000000000
F   1   1.00
  1.0911200000       1.0000000000
F   1   1.00
 0.44511400000       1.0000000000
F   1   1.00
 0.21777800000       1.0000000000
G   1   1.00
  10.851900000       1.0000000000
G   1   1.00
  6.4536800000       1.0000000000
G   1   1.00
  3.0448000000       1.0000000000
G   1   1.00
  1.4874200000       1.0000000000
G   1   1.00
 0.56765900000       1.0000000000
H   1   1.00
  12.590700000       1.0000000000
H   1   1.00
  6.5738100000       1.0000000000
H   1   1.00
  2.6996000000       1.0000000000
I   1   1.00
  10.114700000       1.0000000000
I   1   1.00
  5.5154100000       1.0000000000
****
Ag    0
S   1   1.00
  9.3162500000       1.0000000000
S   1   1.00
  5.0208700000       1.0000000000
S   1   1.00
  3.0352000000       1.0000000000
P   1   1.00
  10.013000000       1.0000000000
P   1   1.00
  5.9451100000       1.0000000000
P   1   1.00
  3.9351400000       1.0000000000
D   1   1.00
  6.4962300000       1.0000000000
D   1   1.00
  4.5759500000       1.0000000000
D   1   1.00
  3.2374800000       1.0000000000
F   1   1.00
  7.7773800000       1.0000000000
F   1   1.00
  4.2771700000       1.0000000000
F   1   1.00
  2.6602000000       1.0000000000
G   1   1.00
  13.373700000       1.0000000000
G   1   1.00
  6.4442700000       1.0000000000
G   1   1.00
  3.4820100000       1.0000000000
G   1   1.00
  1.7635500000       1.0000000000
H   1   1.00
  4.4415400000       1.0000000000
I   1   1.00
  4.5607200000       1.0000000000
S   1   1.00
  1.8140500000       1.0000000000
S   1   1.00
  1.0442800000       1.0000000000
S   1   1.00
 0.47865700000       1.0000000000
S   1   1.00
 0.21988700000       1.0000000000
S   1   1.00
 0.11125000000       1.0000000000
S   1   1.00
 0.51326000000E-01   1.0000000000
S   1   1.00
 0.30706000000E-01   1.0000000000
P   1   1.00
  2.1690300000       1.0000000000
P   1   1.00
 0.91108800000       1.0000000000
P   1   1.00
 0.47039700000       1.0000000000
P   1   1.00
 0.26390500000       1.0000000000
P   1   1.00
 0.15671300000       1.0000000000
P   1   1.00
 0.83164400000E-01   1.0000000000
P   1   1.00
 0.41722300000E-01   1.0000000000
D   1   1.00
  1.6927200000       1.0000000000
D   1   1.00
 0.85110600000       1.0000000000
D   1   1.00
 0.39826000000       1.0000000000
D   1   1.00
 0.23655100000       1.0000000000
D   1   1.00
 0.13059700000       1.0000000000
D   1   1.00
 0.70718200000E-01   1.0000000000
F   1   1.00
  1.1789500000       1.0000000000
F   1   1.00
 0.67414700000       1.0000000000
F   1   1.00
 0.26709100000       1.0000000000
F   1   1.00
 0.11429500000       1.0000000000
G   1   1.00
 0.73069700000       1.0000000000
G   1   1.00
 0.33650000000       1.0000000000
H   1   1.00
  2.6861200000       1.0000000000
H   1   1.00
  1.2666300000       1.0000000000
I   1   1.00
  2.3854100000       1.0000000000
****
Cd    0
S   1   1.00
  10.554300000       1.0000000000
S   1   1.00
  5.7012000000       1.0000000000
S   1   1.00
  3.5145600000       1.0000000000
P   1   1.00
  11.550300000       1.0000000000
P   1   1.00
  6.7403400000       1.0000000000
P   1   1.00
  4.4433200000       1.0000000000
D   1   1.00
  7.3557600000       1.0000000000
D   1   1.00
  5.3171100000       1.0000000000
D   1   1.00
  3.8119500000       1.0000000000
F   1   1.00
  8.5326100000       1.0000000000
F   1   1.00
  4.7634900000       1.0000000000
F   1   1.00
  3.0572800000       1.0000000000
G   1   1.00
  15.664100000       1.0000000000
G   1   1.00
  7.6506300000       1.0000000000
G   1   1.00
  4.0557800000       1.0000000000
G   1   1.00
  2.0851600000       1.0000000000
H   1   1.00
  5.0487600000       1.0000000000
I   1   1.00
  5.1586800000       1.0000000000
S   1   1.00
  2.1407500000       1.0000000000
S   1   1.00
  1.2340700000       1.0000000000
S   1   1.00
 0.56920500000       1.0000000000
S   1   1.00
 0.26637000000       1.0000000000
S   1   1.00
 0.13443800000       1.0000000000
S   1   1.00
 0.61176500000E-01   1.0000000000
S   1   1.00
 0.36378500000E-01   1.0000000000
P   1   1.00
  2.5304300000       1.0000000000
P   1   1.00
  1.0964700000       1.0000000000
P   1   1.00
 0.57691900000       1.0000000000
P   1   1.00
 0.31573400000       1.0000000000
P   1   1.00
 0.18511000000       1.0000000000
P   1   1.00
 0.98209900000E-01   1.0000000000
P   1   1.00
 0.49401900000E-01   1.0000000000
D   1   1.00
  1.9146500000       1.0000000000
D   1   1.00
  1.0062600000       1.0000000000
D   1   1.00
 0.47066200000       1.0000000000
D   1   1.00
 0.27934700000       1.0000000000
D   1   1.00
 0.15500800000       1.0000000000
D   1   1.00
 0.83628600000E-01   1.0000000000
F   1   1.00
  1.3613100000       1.0000000000
F   1   1.00
 0.83706300000       1.0000000000
F   1   1.00
 0.33910900000       1.0000000000
F   1   1.00
 0.13924400000       1.0000000000
G   1   1.00
 0.91949000000       1.0000000000
G   1   1.00
 0.43286300000       1.0000000000
H   1   1.00
  3.0953200000       1.0000000000
H   1   1.00
  1.4810800000       1.0000000000
I   1   1.00
  2.7416300000       1.0000000000
****
Au    0
S   1   1.00
  6.7290400000       1.0000000000
S   1   1.00
  4.2555700000       1.0000000000
S   1   1.00
  3.0269500000       1.0000000000
S   1   1.00
  1.9300800000       1.0000000000
S   1   1.00
 0.97362000000       1.0000000000
P   1   1.00
  7.4273700000       1.0000000000
P   1   1.00
  4.8392700000       1.0000000000
P   1   1.00
  3.4032000000       1.0000000000
D   1   1.00
  4.5996700000       1.0000000000
D   1   1.00
  3.5124500000       1.0000000000
D   1   1.00
  2.6186500000       1.0000000000
F   1   1.00
  6.1575500000       1.0000000000
F   1   1.00
  3.2839200000       1.0000000000
F   1   1.00
  1.9857000000       1.0000000000
G   1   1.00
  9.2226200000       1.0000000000
G   1   1.00
  4.2555800000       1.0000000000
G   1   1.00
  2.5176100000       1.0000000000
G   1   1.00
  1.3496800000       1.0000000000
H   1   1.00
  3.4698600000       1.0000000000
H   1   1.00
  2.2355800000       1.0000000000
I   1   1.00
  3.4116400000       1.0000000000
S   1   1.00
 0.39018500000       1.0000000000
S   1   1.00
 0.17863900000       1.0000000000
S   1   1.00
 0.89119600000E-01   1.0000000000
S   1   1.00
 0.41244500000E-01   1.0000000000
S   1   1.00
 0.24628000000E-01   1.0000000000
P   1   1.00
  1.7930800000       1.0000000000
P   1   1.00
 0.86580400000       1.0000000000
P   1   1.00
 0.43412300000       1.0000000000
P   1   1.00
 0.22067000000       1.0000000000
P   1   1.00
 0.12757300000       1.0000000000
P   1   1.00
 0.67176200000E-01   1.0000000000
P   1   1.00
 0.33482400000E-01   1.0000000000
D   1   1.00
  1.3490200000       1.0000000000
D   1   1.00
 0.68324000000       1.0000000000
D   1   1.00
 0.31953000000       1.0000000000
D   1   1.00
 0.18944700000       1.0000000000
D   1   1.00
 0.10459100000       1.0000000000
D   1   1.00
 0.56597500000E-01   1.0000000000
F   1   1.00
 0.95121000000       1.0000000000
F   1   1.00
 0.55808300000       1.0000000000
F   1   1.00
 0.22414800000       1.0000000000
F   1   1.00
 0.92634700000E-01   1.0000000000
G   1   1.00
 0.57370300000       1.0000000000
G   1   1.00
 0.26293700000       1.0000000000
H   1   1.00
 0.90207500000       1.0000000000
I   1   1.00
  1.8643600000       1.0000000000
****
Hg    0
S   1   1.00
  7.1271900000       1.0000000000
S   1   1.00
  4.9690000000       1.0000000000
S   1   1.00
  3.3962900000       1.0000000000
S   1   1.00
  2.1612000000       1.0000000000
S   1   1.00
  1.0833100000       1.0000000000
P   1   1.00
  8.7812700000       1.0000000000
P   1   1.00
  5.2912600000       1.0000000000
P   1   1.00
  3.5998100000       1.0000000000
D   1   1.00
  5.2338800000       1.0000000000
D   1   1.00
  3.8381000000       1.0000000000
D   1   1.00
  2.9059100000       1.0000000000
F   1   1.00
  6.5562500000       1.0000000000
F   1   1.00
  3.4922600000       1.0000000000
F   1   1.00
  2.2748100000       1.0000000000
G   1   1.00
  10.440300000       1.0000000000
G   1   1.00
  4.9014000000       1.0000000000
G   1   1.00
  2.9031800000       1.0000000000
G   1   1.00
  1.5726200000       1.0000000000
H   1   1.00
  3.7940500000       1.0000000000
H   1   1.00
  2.4996200000       1.0000000000
I   1   1.00
  3.9377200000       1.0000000000
S   1   1.00
 0.43854500000       1.0000000000
S   1   1.00
 0.21876600000       1.0000000000
S   1   1.00
 0.11138000000       1.0000000000
S   1   1.00
 0.49765200000E-01   1.0000000000
S   1   1.00
 0.29387300000E-01   1.0000000000
P   1   1.00
  2.0849900000       1.0000000000
P   1   1.00
  1.0807200000       1.0000000000
P   1   1.00
 0.55398900000       1.0000000000
P   1   1.00
 0.25563900000       1.0000000000
P   1   1.00
 0.14935100000       1.0000000000
P   1   1.00
 0.78938600000E-01   1.0000000000
P   1   1.00
 0.39616600000E-01   1.0000000000
D   1   1.00
  1.6539500000       1.0000000000
D   1   1.00
 0.81112800000       1.0000000000
D   1   1.00
 0.38351900000       1.0000000000
D   1   1.00
 0.22518200000       1.0000000000
D   1   1.00
 0.12418400000       1.0000000000
D   1   1.00
 0.66959200000E-01   1.0000000000
F   1   1.00
  1.1263000000       1.0000000000
F   1   1.00
 0.67863100000       1.0000000000
F   1   1.00
 0.28052700000       1.0000000000
F   1   1.00
 0.11275000000       1.0000000000
G   1   1.00
 0.68519700000       1.0000000000
G   1   1.00
 0.32744300000       1.0000000000
H   1   1.00
  1.0228300000       1.0000000000
I   1   1.00
  2.1236200000       1.0000000000
****
