$DATA
HAFNIUM
S  6 
   1  1437551.912320000      0.0516758248
   2  638911.9610310000     -0.0113830494
   3  283960.8715690000      0.1154925477
   4  126204.8318090000      0.0902195270
   5   56091.0363590000      0.3228758271
   6   24929.3494930000      0.5529004085
S  1 
   1   11079.7108860000      1.0000000000
S  1 
   1    4924.3159490000      1.0000000000
S  1 
   1    2188.5848660000      1.0000000000
S  1 
   1     972.7043850000      1.0000000000
S  1 
   1     432.3130600000      1.0000000000
S  1 
   1     192.1391380000      1.0000000000
S  1 
   1      85.3951720000      1.0000000000
S  1 
   1      37.9534100000      1.0000000000
S  1 
   1      16.8681820000      1.0000000000
S  1 
   1       7.4969700000      1.0000000000
S  1 
   1       3.3319870000      1.0000000000
S  1 
   1       1.4808830000      1.0000000000
S  1 
   1       0.6581700000      1.0000000000
S  1 
   1       0.2925200000      1.0000000000
S  1 
   1       0.1300090000      1.0000000000
S  1 
   1       0.0577820000      1.0000000000
P  5 
   1   19914.2829780000      0.0103541074
   2    7965.7131910000      0.0161223652
   3    3186.2852760000      0.0776696383
   4    1274.5141110000      0.2498066789
   5     509.8056440000      0.7450641868
P  1 
   1     203.9222580000      1.0000000000
P  1 
   1      81.5689030000      1.0000000000
P  1 
   1      32.6275610000      1.0000000000
P  1 
   1      13.0510240000      1.0000000000
P  1 
   1       5.2204100000      1.0000000000
P  1 
   1       2.0881640000      1.0000000000
P  1 
   1       0.8352660000      1.0000000000
P  1 
   1       0.3341060000      1.0000000000
P  1 
   1       0.1336420000      1.0000000000
P  1 
   1       0.0534570000      1.0000000000
D  4 
   1    1482.1570510000      0.0075939919
   2     538.9662000000      0.0442014288
   3     195.9877090000      0.2475107490
   4      71.2682580000      0.8041122380
D  1 
   1      25.9157300000      1.0000000000
D  1 
   1       9.4239020000      1.0000000000
D  1 
   1       3.4268730000      1.0000000000
D  1 
   1       1.2461360000      1.0000000000
D  1 
   1       0.4531400000      1.0000000000
D  1 
   1       0.1647780000      1.0000000000
D  1 
   1       0.0599190000      1.0000000000
F  4 
   1      52.2664550000      0.0884683221
   2      17.4221520000      0.3311805575
   3       5.8073840000      0.5354244953
   4       1.9357950000      0.3702347476
F  1 
   1       0.6452650000      1.0000000000
F  1 
   1       0.2150880000      1.0000000000

TANTALUM
S  6 
   1  1478149.466003000      0.0526871449
   2  656955.3182230000     -0.0116629893
   3  291980.1414330000      0.1170400192
   4  129768.9517480000      0.0904504027
   5   57675.0896660000      0.3239128943
   6   25633.3731850000      0.5503807748
S  1 
   1   11392.6103040000      1.0000000000
S  1 
   1    5063.3823570000      1.0000000000
S  1 
   1    2250.3921590000      1.0000000000
S  1 
   1    1000.1742930000      1.0000000000
S  1 
   1     444.5219080000      1.0000000000
S  1 
   1     197.5652920000      1.0000000000
S  1 
   1      87.8067970000      1.0000000000
S  1 
   1      39.0252430000      1.0000000000
S  1 
   1      17.3445520000      1.0000000000
S  1 
   1       7.7086900000      1.0000000000
S  1 
   1       3.4260840000      1.0000000000
S  1 
   1       1.5227040000      1.0000000000
S  1 
   1       0.6767570000      1.0000000000
S  1 
   1       0.3007810000      1.0000000000
S  1 
   1       0.1336800000      1.0000000000
S  1 
   1       0.0594140000      1.0000000000
P  5 
   1   20513.3784920000      0.0105231917
   2    8205.3513970000      0.0162749800
   3    3282.1405590000      0.0781849118
   4    1312.8562230000      0.2502345368
   5     525.1424890000      0.7442909131
P  1 
   1     210.0569960000      1.0000000000
P  1 
   1      84.0227980000      1.0000000000
P  1 
   1      33.6091190000      1.0000000000
P  1 
   1      13.4436480000      1.0000000000
P  1 
   1       5.3774590000      1.0000000000
P  1 
   1       2.1509840000      1.0000000000
P  1 
   1       0.8603930000      1.0000000000
P  1 
   1       0.3441570000      1.0000000000
P  1 
   1       0.1376630000      1.0000000000
P  1 
   1       0.0550650000      1.0000000000
D  4 
   1    1534.6795270000      0.0076033808
   2     558.0652820000      0.0441244841
   3     202.9328300000      0.2471271420
   4      73.7937560000      0.8044562230
D  1 
   1      26.8340930000      1.0000000000
D  1 
   1       9.7578520000      1.0000000000
D  1 
   1       3.5483100000      1.0000000000
D  1 
   1       1.2902940000      1.0000000000
D  1 
   1       0.4691980000      1.0000000000
D  1 
   1       0.1706170000      1.0000000000
D  1 
   1       0.0620430000      1.0000000000
F  4 
   1      57.6707580000      0.0821243102
   2      19.2235860000      0.3227955030
   3       6.4078620000      0.5418256061
   4       2.1359540000      0.3730670397
F  1 
   1       0.7119850000      1.0000000000
F  1 
   1       0.2373280000      1.0000000000

TUNGSTEN
S  6 
   1  1519303.147809000      0.0537132340
   2  675245.8434700000     -0.0119483375
   3  300109.2637650000      0.1186041422
   4  133381.8950070000      0.0906770925
   5   59280.8422250000      0.3249522124
   6   26347.0409890000      0.5478423096
S  1 
   1   11709.7959950000      1.0000000000
S  1 
   1    5204.3537760000      1.0000000000
S  1 
   1    2313.0461220000      1.0000000000
S  1 
   1    1028.0204990000      1.0000000000
S  1 
   1     456.8980000000      1.0000000000
S  1 
   1     203.0657780000      1.0000000000
S  1 
   1      90.2514570000      1.0000000000
S  1 
   1      40.1117590000      1.0000000000
S  1 
   1      17.8274480000      1.0000000000
S  1 
   1       7.9233100000      1.0000000000
S  1 
   1       3.5214710000      1.0000000000
S  1 
   1       1.5650980000      1.0000000000
S  1 
   1       0.6955990000      1.0000000000
S  1 
   1       0.3091550000      1.0000000000
S  1 
   1       0.1374020000      1.0000000000
S  1 
   1       0.0610680000      1.0000000000
P  5 
   1   21121.4421570000      0.0106945867
   2    8448.5768630000      0.0164306117
   3    3379.4307450000      0.0787085552
   4    1351.7722980000      0.2506724097
   5     540.7089190000      0.7435012320
P  1 
   1     216.2835680000      1.0000000000
P  1 
   1      86.5134270000      1.0000000000
P  1 
   1      34.6053710000      1.0000000000
P  1 
   1      13.8421480000      1.0000000000
P  1 
   1       5.5368590000      1.0000000000
P  1 
   1       2.2147440000      1.0000000000
P  1 
   1       0.8858970000      1.0000000000
P  1 
   1       0.3543590000      1.0000000000
P  1 
   1       0.1417440000      1.0000000000
P  1 
   1       0.0566970000      1.0000000000
D  4 
   1    1588.1265100000      0.0076152113
   2     577.5005490000      0.0440574263
   3     210.0002000000      0.2467685126
   4      76.3637090000      0.8047753930
D  1 
   1      27.7686210000      1.0000000000
D  1 
   1      10.0976810000      1.0000000000
D  1 
   1       3.6718840000      1.0000000000
D  1 
   1       1.3352300000      1.0000000000
D  1 
   1       0.4855380000      1.0000000000
D  1 
   1       0.1765590000      1.0000000000
D  1 
   1       0.0642030000      1.0000000000
F  4 
   1      63.0800830000      0.0769410801
   2      21.0266940000      0.3155702178
   3       7.0088980000      0.5474985879
   4       2.3362990000      0.3749868231
F  1 
   1       0.7787660000      1.0000000000
F  1 
   1       0.2595890000      1.0000000000

RHENIUM
S  6 
   1  1560962.277531000      0.0547542890
   2  693761.0122360000     -0.0122392862
   3  308338.2276600000      0.1201851456
   4  137039.2122930000      0.0908992031
   5   60906.3165750000      0.3259943100
   6   27069.4740330000      0.5452845162
S  1 
   1   12030.8773480000      1.0000000000
S  1 
   1    5347.0565990000      1.0000000000
S  1 
   1    2376.4696000000      1.0000000000
S  1 
   1    1056.2087110000      1.0000000000
S  1 
   1     469.4260940000      1.0000000000
S  1 
   1     208.6338190000      1.0000000000
S  1 
   1      92.7261420000      1.0000000000
S  1 
   1      41.2116190000      1.0000000000
S  1 
   1      18.3162750000      1.0000000000
S  1 
   1       8.1405670000      1.0000000000
S  1 
   1       3.6180300000      1.0000000000
S  1 
   1       1.6080130000      1.0000000000
S  1 
   1       0.7146730000      1.0000000000
S  1 
   1       0.3176320000      1.0000000000
S  1 
   1       0.1411700000      1.0000000000
S  1 
   1       0.0627420000      1.0000000000
P  5 
   1   21738.2577630000      0.0108683326
   2    8695.3031050000      0.0165892914
   3    3478.1212420000      0.0792407537
   4    1391.2484970000      0.2511205376
   5     556.4993990000      0.7426947452
P  1 
   1     222.5997590000      1.0000000000
P  1 
   1      89.0399040000      1.0000000000
P  1 
   1      35.6159620000      1.0000000000
P  1 
   1      14.2463850000      1.0000000000
P  1 
   1       5.6985540000      1.0000000000
P  1 
   1       2.2794220000      1.0000000000
P  1 
   1       0.9117690000      1.0000000000
P  1 
   1       0.3647070000      1.0000000000
P  1 
   1       0.1458830000      1.0000000000
P  1 
   1       0.0583530000      1.0000000000
D  4 
   1    1642.4889360000      0.0076294519
   2     597.2687040000      0.0439999887
   3     217.1886200000      0.2464351245
   4      78.9776800000      0.8050696692
D  1 
   1      28.7191560000      1.0000000000
D  1 
   1      10.4433300000      1.0000000000
D  1 
   1       3.7975740000      1.0000000000
D  1 
   1       1.3809360000      1.0000000000
D  1 
   1       0.5021590000      1.0000000000
D  1 
   1       0.1826030000      1.0000000000
D  1 
   1       0.0664010000      1.0000000000
F  4 
   1      68.4670820000      0.0727014070
   2      22.8223610000      0.3094477033
   3       7.6074540000      0.5525796328
   4       2.5358180000      0.3760607269
F  1 
   1       0.8452730000      1.0000000000
F  1 
   1       0.2817580000      1.0000000000

OSMIUM
S  6 
   1  1603231.663005000      0.0558112137
   2  712547.4057800000     -0.0125361330
   3  316687.7359020000      0.1217840550
   4  140750.1048450000      0.0911165624
   5   62555.6021540000      0.3270393298
   6   27802.4898460000      0.5427063627
S  1 
   1   12356.6621540000      1.0000000000
S  1 
   1    5491.8498460000      1.0000000000
S  1 
   1    2440.8221540000      1.0000000000
S  1 
   1    1084.8098460000      1.0000000000
S  1 
   1     482.1377090000      1.0000000000
S  1 
   1     214.2834260000      1.0000000000
S  1 
   1      95.2370780000      1.0000000000
S  1 
   1      42.3275900000      1.0000000000
S  1 
   1      18.8122620000      1.0000000000
S  1 
   1       8.3610060000      1.0000000000
S  1 
   1       3.7160020000      1.0000000000
S  1 
   1       1.6515570000      1.0000000000
S  1 
   1       0.7340250000      1.0000000000
S  1 
   1       0.3262330000      1.0000000000
S  1 
   1       0.1449930000      1.0000000000
S  1 
   1       0.0644410000      1.0000000000
P  5 
   1   22364.2477120000      0.0110444239
   2    8945.6990850000      0.0167509298
   3    3578.2796340000      0.0797809886
   4    1431.3118540000      0.2515778930
   5     572.5247410000      0.7418726907
P  1 
   1     229.0098970000      1.0000000000
P  1 
   1      91.6039590000      1.0000000000
P  1 
   1      36.6415830000      1.0000000000
P  1 
   1      14.6566330000      1.0000000000
P  1 
   1       5.8626530000      1.0000000000
P  1 
   1       2.3450610000      1.0000000000
P  1 
   1       0.9380250000      1.0000000000
P  1 
   1       0.3752100000      1.0000000000
P  1 
   1       0.1500840000      1.0000000000
P  1 
   1       0.0600340000      1.0000000000
D  4 
   1    1697.7626800000      0.0076460526
   2     617.3682470000      0.0439521700
   3     224.4975440000      0.2461267126
   4      81.6354710000      0.8053393006
D  1 
   1      29.6856260000      1.0000000000
D  1 
   1      10.7947730000      1.0000000000
D  1 
   1       3.9253720000      1.0000000000
D  1 
   1       1.4274080000      1.0000000000
D  1 
   1       0.5190570000      1.0000000000
D  1 
   1       0.1887480000      1.0000000000
D  1 
   1       0.0686360000      1.0000000000
F  4 
   1      73.9542110000      0.0690038588
   2      24.6514040000      0.3038343893
   3       8.2171350000      0.5572135569
   4       2.7390450000      0.3769029132
F  1 
   1       0.9130150000      1.0000000000
F  1 
   1       0.3043380000      1.0000000000

IRIDIUM
S  6 
   1  1646069.065505000      0.0568842800
   2  731586.2513360000     -0.0128391157
   3  325149.4450380000      0.1234012072
   4  144510.8644610000      0.0913287490
   5   64227.0508720000      0.3280875973
   6   28545.3559430000      0.5401074934
S  1 
   1   12686.8248640000      1.0000000000
S  1 
   1    5638.5888280000      1.0000000000
S  1 
   1    2506.0394790000      1.0000000000
S  1 
   1    1113.7953240000      1.0000000000
S  1 
   1     495.0201440000      1.0000000000
S  1 
   1     220.0089530000      1.0000000000
S  1 
   1      97.7817570000      1.0000000000
S  1 
   1      43.4585590000      1.0000000000
S  1 
   1      19.3149150000      1.0000000000
S  1 
   1       8.5844070000      1.0000000000
S  1 
   1       3.8152920000      1.0000000000
S  1 
   1       1.6956850000      1.0000000000
S  1 
   1       0.7536380000      1.0000000000
S  1 
   1       0.3349500000      1.0000000000
S  1 
   1       0.1488670000      1.0000000000
S  1 
   1       0.0661630000      1.0000000000
P  5 
   1   22999.3004910000      0.0112228954
   2    9199.7201960000      0.0169155347
   3    3679.8880790000      0.0803293211
   4    1471.9552310000      0.2520444225
   5     588.7820930000      0.7410350230
P  1 
   1     235.5128370000      1.0000000000
P  1 
   1      94.2051350000      1.0000000000
P  1 
   1      37.6820540000      1.0000000000
P  1 
   1      15.0728220000      1.0000000000
P  1 
   1       6.0291290000      1.0000000000
P  1 
   1       2.4116510000      1.0000000000
P  1 
   1       0.9646610000      1.0000000000
P  1 
   1       0.3858640000      1.0000000000
P  1 
   1       0.1543460000      1.0000000000
P  1 
   1       0.0617380000      1.0000000000
D  4 
   1    1753.9495300000      0.0076649463
   2     637.7998290000      0.0439133175
   3     231.9272110000      0.2458428981
   4      84.3371670000      0.8055848862
D  1 
   1      30.6680610000      1.0000000000
D  1 
   1      11.1520220000      1.0000000000
D  1 
   1       4.0552810000      1.0000000000
D  1 
   1       1.4746480000      1.0000000000
D  1 
   1       0.5362350000      1.0000000000
D  1 
   1       0.1949950000      1.0000000000
D  1 
   1       0.0709070000      1.0000000000
F  4 
   1      79.5129200000      0.0657967469
   2      26.5043070000      0.2987792647
   3       8.8347690000      0.5614405265
   4       2.9449230000      0.3774662763
F  1 
   1       0.9816410000      1.0000000000
F  1 
   1       0.3272140000      1.0000000000

PLATINUM
S  6 
   1  1689601.567586000      0.0579744822
   2  750934.0300380000     -0.0131485386
   3  333748.4577950000      0.1250376331
   4  148332.6479090000      0.0915357526
   5   65925.6212930000      0.3291388088
   6   29300.2761300000      0.5374871372
S  1 
   1   13022.3449470000      1.0000000000
S  1 
   1    5787.7088650000      1.0000000000
S  1 
   1    2572.3150510000      1.0000000000
S  1 
   1    1143.2511340000      1.0000000000
S  1 
   1     508.1116150000      1.0000000000
S  1 
   1     225.8273840000      1.0000000000
S  1 
   1     100.3677260000      1.0000000000
S  1 
   1      44.6078780000      1.0000000000
S  1 
   1      19.8257240000      1.0000000000
S  1 
   1       8.8114330000      1.0000000000
S  1 
   1       3.9161920000      1.0000000000
S  1 
   1       1.7405300000      1.0000000000
S  1 
   1       0.7735690000      1.0000000000
S  1 
   1       0.3438080000      1.0000000000
S  1 
   1       0.1528040000      1.0000000000
S  1 
   1       0.0679130000      1.0000000000
P  5 
   1   23642.6439910000      0.0114038264
   2    9457.0575960000      0.0170832567
   3    3782.8230390000      0.0808865027
   4    1513.1292150000      0.2525218434
   5     605.2516860000      0.7401795918
P  1 
   1     242.1006740000      1.0000000000
P  1 
   1      96.8402700000      1.0000000000
P  1 
   1      38.7361080000      1.0000000000
P  1 
   1      15.4944430000      1.0000000000
P  1 
   1       6.1977770000      1.0000000000
P  1 
   1       2.4791110000      1.0000000000
P  1 
   1       0.9916440000      1.0000000000
P  1 
   1       0.3966580000      1.0000000000
P  1 
   1       0.1586630000      1.0000000000
P  1 
   1       0.0634650000      1.0000000000
D  4 
   1    1811.0792460000      0.0076859038
   2     658.5742710000      0.0438830548
   3     239.4815530000      0.2455800062
   4      87.0842010000      0.8058096324
D  1 
   1      31.6669820000      1.0000000000
D  1 
   1      11.5152660000      1.0000000000
D  1 
   1       4.1873700000      1.0000000000
D  1 
   1       1.5226800000      1.0000000000
D  1 
   1       0.5537020000      1.0000000000
D  1 
   1       0.2013460000      1.0000000000
D  1 
   1       0.0732170000      1.0000000000
F  4 
   1      85.1418590000      0.0630025930
   2      28.3806200000      0.2942449828
   3       9.4602070000      0.5654427257
   4       3.1534020000      0.3776048160
F  1 
   1       1.0511340000      1.0000000000
F  1 
   1       0.3503780000      1.0000000000

GOLD
S  6 
   1  1733435.947505000      0.0590807322
   2  770415.9766690000     -0.0134645875
   3  342407.1007420000      0.1266921940
   4  152180.9336630000      0.0917367275
   5   67635.9705170000      0.3301931428
   6   30060.4313410000      0.5348469165
S  1 
   1   13360.1917070000      1.0000000000
S  1 
   1    5937.8629810000      1.0000000000
S  1 
   1    2639.0502140000      1.0000000000
S  1 
   1    1172.9112060000      1.0000000000
S  1 
   1     521.2938690000      1.0000000000
S  1 
   1     231.6861640000      1.0000000000
S  1 
   1     102.9716290000      1.0000000000
S  1 
   1      45.7651680000      1.0000000000
S  1 
   1      20.3400750000      1.0000000000
S  1 
   1       9.0400330000      1.0000000000
S  1 
   1       4.0177930000      1.0000000000
S  1 
   1       1.7856860000      1.0000000000
S  1 
   1       0.7936380000      1.0000000000
S  1 
   1       0.3527280000      1.0000000000
S  1 
   1       0.1567680000      1.0000000000
S  1 
   1       0.0696750000      1.0000000000
P  5 
   1   24294.8435030000      0.0115872041
   2    9717.9374010000      0.0172539241
   3    3887.1749600000      0.0814517242
   4    1554.8699840000      0.2530078514
   5     621.9479940000      0.7393090162
P  1 
   1     248.7791970000      1.0000000000
P  1 
   1      99.5116790000      1.0000000000
P  1 
   1      39.8046720000      1.0000000000
P  1 
   1      15.9218690000      1.0000000000
P  1 
   1       6.3687470000      1.0000000000
P  1 
   1       2.5474990000      1.0000000000
P  1 
   1       1.0190000000      1.0000000000
P  1 
   1       0.4076000000      1.0000000000
P  1 
   1       0.1630400000      1.0000000000
P  1 
   1       0.0652160000      1.0000000000
D  4 
   1    1869.1275770000      0.0077089561
   2     679.6827550000      0.0438603813
   3     247.1573660000      0.2453386745
   4      89.8754060000      0.8060134198
D  1 
   1      32.6819660000      1.0000000000
D  1 
   1      11.8843510000      1.0000000000
D  1 
   1       4.3215820000      1.0000000000
D  1 
   1       1.5714840000      1.0000000000
D  1 
   1       0.5714490000      1.0000000000
D  1 
   1       0.2078000000      1.0000000000
D  1 
   1       0.0755630000      1.0000000000
F  4 
   1      90.8433260000      0.0605345523
   2      30.2811090000      0.2901111191
   3      10.0937030000      0.5690283920
   4       3.3645680000      0.3777374345
F  1 
   1       1.1215230000      1.0000000000
F  1 
   1       0.3738410000      1.0000000000

MERCURY
S  6 
   1  1778058.504339000      0.0602054606
   2  790248.2241510000     -0.0137877098
   3  351221.4329560000      0.1283678813
   4  156098.4146470000      0.0919313574
   5   69377.0731760000      0.3312523420
   6   30834.2547450000      0.5321824272
S  1 
   1   13704.1132200000      1.0000000000
S  1 
   1    6090.7169870000      1.0000000000
S  1 
   1    2706.9853270000      1.0000000000
S  1 
   1    1203.1045900000      1.0000000000
S  1 
   1     534.7131510000      1.0000000000
S  1 
   1     237.6502890000      1.0000000000
S  1 
   1     105.6223510000      1.0000000000
S  1 
   1      46.9432670000      1.0000000000
S  1 
   1      20.8636740000      1.0000000000
S  1 
   1       9.2727440000      1.0000000000
S  1 
   1       4.1212200000      1.0000000000
S  1 
   1       1.8316530000      1.0000000000
S  1 
   1       0.8140680000      1.0000000000
S  1 
   1       0.3618080000      1.0000000000
S  1 
   1       0.1608040000      1.0000000000
S  1 
   1       0.0714680000      1.0000000000
P  5 
   1   24956.6090260000      0.0117730437
   2    9982.6436100000      0.0174274735
   3    3993.0574440000      0.0820247415
   4    1597.2229780000      0.2535016505
   5     638.8891910000      0.7384241477
P  1 
   1     255.5556760000      1.0000000000
P  1 
   1     102.2222710000      1.0000000000
P  1 
   1      40.8889080000      1.0000000000
P  1 
   1      16.3555630000      1.0000000000
P  1 
   1       6.5422250000      1.0000000000
P  1 
   1       2.6168900000      1.0000000000
P  1 
   1       1.0467560000      1.0000000000
P  1 
   1       0.4187020000      1.0000000000
P  1 
   1       0.1674810000      1.0000000000
P  1 
   1       0.0669920000      1.0000000000
D  4 
   1    1928.0943100000      0.0077342373
   2     701.1252040000      0.0438457293
   3     254.9546200000      0.2451221478
   4      92.7107710000      0.8061934159
D  1 
   1      33.7130080000      1.0000000000
D  1 
   1      12.2592750000      1.0000000000
D  1 
   1       4.4579180000      1.0000000000
D  1 
   1       1.6210610000      1.0000000000
D  1 
   1       0.5894770000      1.0000000000
D  1 
   1       0.2143550000      1.0000000000
D  1 
   1       0.0779470000      1.0000000000
F  4 
   1      96.6910160000      0.0582675208
   2      32.2303390000      0.2861400713
   3      10.7434460000      0.5722326707
   4       3.5811490000      0.3781000402
F  1 
   1       1.1937160000      1.0000000000
F  1 
   1       0.3979050000      1.0000000000
$END

