
****
Cu 0
S 11 1.00
1807.730825 0.000188
251.743965 0.001075
58.182580 -0.021019
39.813486 0.070323
10.797311 -0.418102
2.502287 0.620678
1.197172 0.500523
0.822621 0.010979
0.555612 0.096116
0.141669 0.002099
0.061692 0.000732
S 11 1.00
1807.730825 -0.000049
251.743965 -0.000225
58.182580 0.004106
39.813486 -0.015312
10.797311 0.104015
2.502287 -0.201801
1.197172 -0.106154
0.822621 -0.241450
0.555612 0.104632
0.141669 0.497805
0.061692 0.484503
S 11 1.00
1807.730825 0.000111
251.743965 0.000356
58.182580 -0.005871
39.813486 0.027787
10.797311 -0.226135
2.502287 0.670281
1.197172 -0.378058
0.822621 1.595158
0.555612 -1.722149
0.141669 -1.017339
0.061692 0.821045
S 11 1.00
1807.730825 0.000304
251.743965 -0.000538
58.182580 0.013989
39.813486 0.013509
10.797311 -0.428005
2.502287 1.984372
1.197172 -1.342020
0.822621 0.890964
0.555612 -2.075507
0.141669 1.795494
0.061692 -0.196668
S 11 1.00
1807.730825 -0.000880
251.743965 0.007398
58.182580 -0.151319
39.813486 0.192731
10.797311 0.393105
2.502287 -4.042306
1.197172 7.327937
0.822621 -1.351192
0.555612 -3.184816
0.141669 0.005792
0.061692 1.887507
S 1 1.00
0.027442 1.0
P 11 1.00
349.782623 0.000246
57.563402 0.005104
20.878136 -0.043193
14.398715 -0.047677
4.668692 0.297048
2.247633 0.474523
1.032126 0.313383
0.426079 0.061090
0.241597 -0.003666
0.094585 0.002271
0.038386 -0.000725
P 11 1.00
349.782623 -0.000030
57.563402 -0.000668
20.878136 0.006166
14.398715 0.004753
4.668692 -0.040902
2.247633 -0.066856
1.032126 -0.040345
0.426079 0.008179
0.241597 0.112300
0.094585 0.311345
0.038386 0.490504
P 11 1.00
349.782623 -0.000149
57.563402 -0.003461
20.878136 0.036186
14.398715 0.017315
4.668692 -0.253758
2.247633 -0.354667
1.032126 0.118535
0.426079 0.440770
0.241597 0.492460
0.094585 0.112273
0.038386 -0.425970
P 11 1.00
349.782623 -0.000294
57.563402 -0.005294
20.878136 0.068054
14.398715 0.022884
4.668692 -0.622932
2.247633 -0.370647
1.032126 0.947867
0.426079 0.755384
0.241597 -1.012201
0.094585 -0.500249
0.038386 0.454322
P 11 1.00
349.782623 0.000379
57.563402 0.007809
20.878136 -0.146879
14.398715 0.055947
4.668692 1.309825
2.247633 -0.919982
1.032126 -1.194123
0.426079 2.207012
0.241597 -0.671507
0.094585 -0.953165
0.038386 0.420796
P 1 1.00
0.016132 1.0
D 9 1.00
141.417530 0.002622
44.248492 0.024991
17.365523 0.093857
7.333206 0.224797
3.146885 0.336204
1.302529 0.345518
0.501866 0.261482
0.171762 0.103927
0.06 0.003859
D 9 1.00
141.417530 -0.003326
44.248492 -0.031660
17.365523 -0.122639
7.333206 -0.299321
3.146885 -0.337406
1.302529 0.069660
0.501866 0.526638
0.171762 0.362134
0.06 0.029417
D 9 1.00
141.417530 0.003990
44.248492 0.038735
17.365523 0.154667
7.333206 0.396791
3.146885 0.097948
1.302529 -0.729168
0.501866 -0.091988
0.171762 0.683651
0.06 0.135736
D 9 1.00
141.417530 0.005662
44.248492 0.055453
17.365523 0.238599
7.333206 0.588797
3.146885 -0.745051
1.302529 -0.399266
0.501866 1.070381
0.171762 -0.564880
0.06 -0.291175
F 1 1.00
5.10 1.0
F 1 1.00
1.275 1.0
F 1 1.00
0.32 1.0
G 1 1.00
3.68 1.0
G 1 1.00
0.92 1.0
****

Cu 0
Cu-ECP  4     10
g-ul potential
1
2 1.000000 0.000000
s-ul potential
2
2 30.110543 355.750512
2 13.076310 70.930906
p-ul potential
4
2 32.692614 77.969931
2 32.770339 155.927448
2 13.751067 18.021132
2 13.322166 36.094372
d-ul potential
4
2 38.996511 -12.343410
2 39.539788 -18.273362
2 12.287511 -0.984705
2 11.459300 -1.318747
f-ul potential
2
2 6.190102 -0.227264
2 8.118780 -0.468773