! BASIS=&quot;ECP60MDF&quot;
Hg 0
S 11 1.00
515.045436 0.000215
32.499190 0.032629
22.237722 -0.203775
15.336360 0.396885
5.571357 -0.840619
1.663852 0.619627
1.138617 0.403985
0.778700 0.229456
0.532166 0.145233
0.171043 0.008258
0.077308 -0.001400
S 11 1.00
515.045436 -0.000090
32.499190 -0.008835
22.237722 0.063585
15.336360 -0.135895
5.571357 0.336523
1.663852 -0.424855
1.138617 0.016643
0.778700 -0.509056
0.532166 0.142399
0.171043 0.556566
0.077308 0.506452
S 11 1.00
515.045436 -0.000178
32.499190 -0.025919
22.237722 0.158417
15.336360 -0.314072
5.571357 0.781793
1.663852 -1.631668
1.138617 0.931238
0.778700 -2.845978
0.532166 3.264985
0.171043 0.638138
0.077308 -1.021330
S 11 1.00
515.045436 0.000240
32.499190 0.033641
22.237722 -0.208944
15.336360 0.422087
5.571357 -1.152641
1.663852 3.455717
1.138617 0.210455
0.778700 -3.280062
0.532166 -0.812236
0.171043 2.706381
0.077308 -0.793576
S 11 1.00
515.045436 0.000477
32.499190 -0.012363
22.237722 -0.101060
15.336360 0.420528
5.571357 -1.819620
1.663852 12.577307
1.138617 -14.104150
0.778700 -4.083179
0.532166 8.863974
0.171043 -1.427656
0.077308 -1.407726
S 1 1.00
0.035510 1.0
P 11 1.00
35.878921 0.003698
23.052400 -0.031813
15.898207 0.082132
6.187346 -0.302777
2.146179 0.301956
1.298698 0.505686
0.665038 0.338833
0.279834 0.051481
0.128381 -0.002260
0.055083 0.001833
0.021655 -0.000606
P 11 1.00
35.878921 -0.000456
23.052400 0.006147
15.898207 -0.018997
6.187346 0.081705
2.146179 -0.100859
1.298698 -0.165302
0.665038 -0.104347
0.279834 0.146483
0.128381 0.384523
0.055083 0.489508
0.021655 0.162158
P 11 1.00
35.878921 -0.000921
23.052400 0.016062
15.898207 -0.052896
6.187346 0.240672
2.146179 -0.306212
1.298698 -0.779275
0.665038 0.415101
0.279834 1.010117
0.128381 -0.060698
0.055083 -0.517522
0.021655 -0.200953
P 11 1.00
35.878921 -0.005720
23.052400 0.041421
15.898207 -0.101042
6.187346 0.416266
2.146179 -1.023723
1.298698 -0.740778
0.665038 2.231675
0.279834 -0.639565
0.128381 -1.103703
0.055083 0.726475
0.021655 0.253814
P 11 1.00
35.878921 0.002399
23.052400 -0.040200
15.898207 0.138516
6.187346 -0.796503
2.146179 4.402267
1.298698 -4.995026
0.665038 0.890289
0.279834 2.045617
0.128381 -2.288376
0.055083 0.735927
0.021655 0.262573
P 1 1.00
0.007729 1.0
D 9 1.00
104.214776 0.000046
15.362043 0.001782
10.508334 0.018509
7.247127 -0.073878
1.951178 0.299352
0.907988 0.453496
0.390814 0.344099
0.151696 0.108858
0.06 0.002506
D 9 1.00
104.214776 -0.000140
15.362043 0.003326
10.508334 -0.042766
7.247127 0.120406
1.951178 -0.587326
0.907988 -0.377297
0.390814 0.670111
0.151696 0.406738
0.06 0.028407
D 9 1.00
104.214776 0.000162
15.362043 -0.004308
10.508334 0.058037
7.247127 -0.166504
1.951178 1.126030
0.907988 -0.840553
0.390814 -0.563944
0.151696 0.851017
0.06 0.173001
D 9 1.00
104.214776 0.001881
15.362043 -0.156458
10.508334 0.419625
7.247127 -0.245482
1.951178 -1.425073
0.907988 2.420042
0.390814 -1.833346
0.151696 0.472348
0.06 0.479765
F 1 1.00
1.905 1.0
F 1 1.00
0.632 1.0
F 1 1.00
0.21 1.0
G 1 1.00
1.855 1.0
G 1 1.00
0.62 1.0
****

Hg 0
HG-ECP    5    60
h potential
1
2 1.000000 0.000000
s-h potential
2
2 12.413071 275.774797
2 6.897913 49.267898
p-h potential
4
2 11.310320 80.506984
2 10.210773 161.034824
2 5.939804 9.083416
2 5.019755 18.367773
d-h potential
4
2 8.407895 51.137256
2 8.214086 76.707459
2 4.012612 6.561821
2 3.795398 9.818070
f-h potential
2
2 3.273106 9.429001
2 3.208321 12.494856
g-h potential
2
2 4.485296 -6.338414
2 4.513200 -8.099863
