
H  0
S     1    1.00
  5.1158895200       1.0000000000
S     1    1.00
  1.1429652800       1.0000000000
S     1    1.00
 0.29166153000       1.0000000000
P     1    1.00
  1.9149640300       1.0000000000
P     1    1.00
 0.98640124000       1.0000000000
D     1     1.00
  1.1720834700       1.0000000000
****
He  0
S     1    1.00
  16.985710431       1.0000000000
S     1    1.00
  3.5895822131       1.0000000000
S     1    1.00
 0.56732036282       1.0000000000
P     1    1.00
  5.1632496043       1.0000000000
P     1    1.00
  1.8631232694       1.0000000000
****
B  0
S     1    1.00
  53.624169220       1.0000000000
S     1    1.00
  10.647681740       1.0000000000
S     1    1.00
  4.0209077100       1.0000000000
S     1    1.00
  1.2037175100       1.0000000000
S     1    1.00
 0.55743169000       1.0000000000
S     1    1.00
 0.26732426000       1.0000000000
S     1    1.00
 0.11742728000       1.0000000000
P     1    1.00
  16.721776900       1.0000000000
P     1    1.00
  5.1153121300       1.0000000000
P     1    1.00
  1.3638755800       1.0000000000
P     1    1.00
 0.54219482000       1.0000000000
P     1    1.00
 0.21504896000       1.0000000000
D     1     1.00
  2.4796791400       1.0000000000
D     1     1.00
 0.77325939000       1.0000000000
D     1     1.00
 0.37335687000       1.0000000000
D     1     1.00
 0.16785145000       1.0000000000
F     1     1.00
  2.5277246200       1.0000000000
F     1     1.00
 0.56505305000       1.0000000000
****
C  0
S     1    1.00
  62.745300000       1.0000000000
S     1    1.00
  13.804500000       1.0000000000
S     1    1.00
  4.7727700000       1.0000000000
S     1    1.00
  1.5133300000       1.0000000000
S     1    1.00
 0.78269700000       1.0000000000
S     1    1.00
 0.40907200000       1.0000000000
S     1    1.00
 0.20679600000       1.0000000000
P     1    1.00
  20.885100000       1.0000000000
P     1    1.00
  6.0052300000       1.0000000000
P     1    1.00
  1.7206000000       1.0000000000
P     1    1.00
 0.75446500000       1.0000000000
P     1    1.00
 0.32166700000       1.0000000000
D     1     1.00
  10.171500000       1.0000000000
D     1     1.00
  2.6784400000       1.0000000000
D     1     1.00
 0.92251500000       1.0000000000
D     1     1.00
 0.34084200000       1.0000000000
F     1     1.00
  2.7429300000       1.0000000000
F     1     1.00
 0.89575600000       1.0000000000
****
N  0
S     1    1.00
  87.686400000       1.0000000000
S     1    1.00
  20.467900000       1.0000000000
S     1    1.00
  7.6243600000       1.0000000000
S     1    1.00
  2.3442600000       1.0000000000
S     1    1.00
  1.1232400000       1.0000000000
S     1    1.00
 0.72353900000       1.0000000000
S     1    1.00
 0.32726100000       1.0000000000
P     1    1.00
  29.237300000       1.0000000000
P     1    1.00
  8.5529900000       1.0000000000
P     1    1.00
  2.5336400000       1.0000000000
P     1    1.00
  1.0946100000       1.0000000000
P     1    1.00
 0.46110400000       1.0000000000
D     1     1.00
  12.327800000       1.0000000000
D     1     1.00
  3.4281600000       1.0000000000
D     1     1.00
  1.2853700000       1.0000000000
D     1     1.00
 0.47785000000       1.0000000000
F     1     1.00
  3.4011800000       1.0000000000
F     1     1.00
  1.3347300000       1.0000000000
****
O  0
S     1    1.00
  109.46100000       1.0000000000
S     1    1.00
  25.578000000       1.0000000000
S     1    1.00
  9.5514800000       1.0000000000
S     1    1.00
  2.9396000000       1.0000000000
S     1    1.00
  1.3963800000       1.0000000000
S     1    1.00
 0.90506100000       1.0000000000
S     1    1.00
 0.42137600000       1.0000000000
P     1    1.00
  36.129200000       1.0000000000
P     1    1.00
  10.881700000       1.0000000000
P     1    1.00
  3.2059400000       1.0000000000
P     1    1.00
  1.4038700000       1.0000000000
P     1    1.00
 0.61276300000       1.0000000000
D     1     1.00
  15.251100000       1.0000000000
D     1     1.00
  4.5208700000       1.0000000000
D     1     1.00
  1.8122100000       1.0000000000
D     1     1.00
 0.59220100000       1.0000000000
F     1     1.00
  4.2219400000       1.0000000000
F     1     1.00
  1.7902100000       1.0000000000
****
F  0
S     1    1.00
  130.33700000       1.0000000000
S     1    1.00
  31.839300000       1.0000000000
S     1    1.00
  11.017900000       1.0000000000
S     1    1.00
  3.7067700000       1.0000000000
S     1    1.00
  1.7365700000       1.0000000000
S     1    1.00
  1.0842400000       1.0000000000
S     1    1.00
 0.53659500000       1.0000000000
P     1    1.00
  42.927100000       1.0000000000
P     1    1.00
  12.631400000       1.0000000000
P     1    1.00
  4.2579100000       1.0000000000
P     1    1.00
  1.9121800000       1.0000000000
P     1    1.00
 0.78673000000       1.0000000000
D     1     1.00
  19.925300000       1.0000000000
D     1     1.00
  5.9666400000       1.0000000000
D     1     1.00
  2.4467800000       1.0000000000
D     1     1.00
 0.74369500000       1.0000000000
F     1     1.00
  5.7541300000       1.0000000000
F     1     1.00
  2.4457900000       1.0000000000
****
ne  0
S     1    1.00
  164.92915503       1.0000000000
S     1    1.00
  38.124510400       1.0000000000
S     1    1.00
  11.056871790       1.0000000000
S     1    1.00
  4.1675023800       1.0000000000
S     1    1.00
  1.4806601700       1.0000000000
S     1    1.00
 0.90165326000       1.0000000000
S     1    1.00
 0.59844563000       1.0000000000
P     1    1.00
  53.854197730       1.0000000000
P     1    1.00
  15.694631650       1.0000000000
P     1    1.00
  5.2089260800       1.0000000000
P     1    1.00
  2.5530366200       1.0000000000
P     1    1.00
 0.95908051000       1.0000000000
D     1     1.00
  22.371520270       1.0000000000
D     1     1.00
  7.4194818200       1.0000000000
D     1     1.00
  3.2614921300       1.0000000000
D     1     1.00
 0.91518501000       1.0000000000
F     1     1.00
  7.8889440700       1.0000000000
F     1     1.00
  3.2850883500       1.0000000000
****
