

BASIS &quot;ao basis&quot; PRINT
#BASIS SET: (8p,6d,5f)
Uuo    P
     33.7170100              1.0000000
Uuo    P
     10.8165580              1.0000000
Uuo    P
      5.6934640              1.0000000
Uuo    P
      2.8023531              1.0000000
Uuo    P
      1.2949519              1.0000000
Uuo    P
      7.5067182              1.0000000
Uuo    P
      0.3084952              1.0000000
Uuo    P
      0.1046683              1.0000000
Uuo    D
     37.0793660              1.0000000
Uuo    D
      5.9976251              1.0000000
Uuo    D
      2.9362844              1.0000000
Uuo    D
      1.4975514              1.0000000
Uuo    D
      0.6199286              1.0000000
Uuo    D
      0.2486012              1.0000000
Uuo    F
     33.7170100              1.0000000
Uuo    F
     10.8165580              1.0000000
Uuo    F
      5.6934640              1.0000000
Uuo    F
      2.8023531              1.0000000
Uuo    F
      1.2949519              1.0000000
END

ECP
Uuo nelec 78
Uuo ul
2    3.0473           -0.018051
2    5.8375          -10.535128
2   14.4605          -60.171432
2   46.5594         -230.609894
2  150.9489         -580.812378
1  514.0043          -76.589127
Uuo S
2    1.6018          -11.460676
2    2.2339           59.044952
2    3.3368         -144.236008
2    6.1487          102.835762
2    6.1500          283.381073
2   13.0862         -328.943817
1   23.8472          172.123260
0   50.1999            8.991834
Uuo P
2    2.0450          -38.008705
2    2.4713          139.492508
2    3.3696         -302.084717
2    5.1946          669.513794
2    8.5288         -734.128479
2   15.3574          794.957031
1   45.6968           41.396904
0   40.0217           15.011317
Uuo D
2    1.5223          -28.540867
2    1.7980           97.736313
2    2.4332         -202.570648
2    3.7071          421.559967
2    6.0510         -452.875549
2   10.4227          479.521240
1   34.5214           44.074200
0   29.5252           10.242098
Uuo F
2    1.2259           -3.612687
2    1.5017           11.499070
2    2.1850          -24.057346
2    3.4469           47.093880
2    5.8829         -101.671394
2   10.8910          237.376450
1   19.0499          -19.678320
0   38.9577            8.136366
END
