Sc   0
S   11   1.00 
   5400187546.00              0.00000000070900 
   808649286.000              0.00000000529998 
   121090918.100              0.00000007381977 
   18132719.2100              0.00000063606602 
  2715278.0000000             0.00000833468500       
  406598.4000000              0.00007095245670    
   92530.0400000              0.00036922113939      
   26207.9200000              0.00155979188397      
    8549.4290000              0.00564831025376      
    3085.9750000              0.01809794584000      
    1203.1720000              0.05161657082748                            
S   11   1.00 
   5400187546.00             -0.00000000020591 
   808649286.000             -0.00000000155034 
   121090918.100             -0.00000002139589 
   18132719.2100             -0.00000018575493 
  2715278.0000000            -0.00000241754592      
  406598.4000000             -0.00002071794196    
   92530.0400000             -0.00010691234645     
   26207.9200000             -0.00045749963439     
    8549.4290000             -0.00163870379031      
    3085.9750000             -0.00539925531028     
    1203.1720000             -0.01541275697786                        
S   11   1.00 
   5400187546.00             -0.00000000007359 
   808649286.000             -0.00000000055492 
   121090918.100             -0.00000000770816 
   18132719.2100             -0.00000006656606 
  2715278.0000000            -0.00000087053902       
  406598.4000000             -0.00000742569902    
   92530.0400000             -0.00003856133916     
   26207.9200000             -0.00016367985385     
    8549.4290000             -0.00059264348450     
    3085.9750000             -0.00192995323796      
    1203.1720000             -0.00560919085363
S    1   1.00        
     498.4869000              1.0000000
S    1   1.00        
     216.7360000              1.0000000
S    1   1.00       
      97.8747600              1.0000000  
S    1   1.00          
      45.2043300              1.0000000      
S    1   1.00      
      20.2118700              1.0000000   
S    1   1.00    
       9.5747510              1.0000000       
S    1   1.00   
       4.5403460              1.0000000          
S    1   1.00 
       1.9956870              1.0000000       
S    1   1.00   
       0.9422150              1.0000000     
S    1   1.00   
       0.4178450              1.0000000    
S    1   1.00 
       0.0957610              1.0000000      
S    1   1.00
       0.0513510              1.0000000      
S    1   1.00
       0.0238780              1.0000000        
S    1   1.00
       1.110000E-02           1.0000000
P   10   1.00
   44742.9760600             -0.00000299236038 
   10592.1900000             -0.00003930428147       
    2507.5330000             -0.00041562122224            
     814.4571000             -0.00216714393728            
     311.5195000             -0.01030820636545            
     131.9617000             -0.03443645148482            
      59.9871800             -0.09670511787959             
      28.6625000             -0.20864444532851              
      14.1085100             -0.32331437626300              
       7.1037060             -0.32315817617108                        
P   10   1.00
   44742.9760600              0.00000096312900 
   10592.1900000              0.00001428445600       
    2507.5330000              0.00014059133400          
     814.4571000              0.00078221761600            
     311.5195000              0.00352654822200          
     131.9617000              0.01258733274800            
      59.9871800              0.03436618681300             
      28.6625000              0.08168069948200              
      14.1085100              0.12296776037400             
       7.1037060              0.13503413212000  
P    1   1.00          
       3.6092000              1.0000000  
P    1   1.00              
       1.7760700              1.0000000      
P    1   1.00          
       0.8547600              1.0000000
P    1   1.00                
       0.4022390              1.0000000  
P    1   1.00               
       0.1546650              1.0000000   
P    1   1.00             
       0.0649450              1.0000000        
P    1   1.00
       0.0263590              1.0000000        
P    1   1.00
       1.066000E-02           1.0000000
D    4   1.00
   173.104303800              0.00013624376199 
      50.5138000              0.00207238024124       
      14.7405000              0.01508037162950     
       5.1950000              0.05103084091121    
D    1   1.00   
       2.0284600              1.0000000
D    1   1.00 
       0.8040860              1.0000000    
D    1   1.00  
       0.3076890              1.0000000  
D    1   1.00      
       0.1113920              1.0000000        
D    1   1.00
       0.0373520              1.0000000        
D    1   1.00
       1.244000E-02           1.0000000        
F    1   1.00
       0.7267000              1.0000000        
F    1   1.00
       0.1665000              1.0000000        
F    1   1.00
       4.063000E-02           1.0000000        
G    1   1.00
       0.4187000              1.0000000        
G    1   1.00
       9.473000E-02           1.0000000
****
Ti   0
S   11   1.00 
  5995240645.000              0.00000000070001 
  897767619.8000              0.00000000522908 
  134437756.0000              0.00000007282011 
  20131612.95000              0.00000062759955 
  3014643.000000              0.00000822171714    
  451432.9000000              0.00006999832242   
  102733.8000000              0.00036422736279    
   29098.1700000              0.00153881617985     
    9492.3300000              0.00557265191762     
    3426.3460000              0.01786084627543 
     1335.8960000             0.05097660420617             
S   11   1.00 
  5995240645.000              0.00000000020485 
  897767619.8000              0.00000000154085 
  134437756.0000              0.00000002128704 
  20131612.95000              0.00000018471355 
  3014643.000000              0.00000240509931    
  451432.9000000              0.00002059960004   
  102733.8000000              0.00010638788437    
   29098.1700000              0.00045475795047     
    9492.3300000              0.00163132523308     
    3426.3460000              0.00536660200989 
     1335.8960000             0.01536244762098                      
S   11   1.00 
  5995240645.000              0.00000000007557 
  897767619.8000              0.00000000056830 
  134437756.0000              0.00000000789073 
  20131612.95000              0.00000006816602 
  3014643.000000              0.00000089107247    
  451432.9000000              0.00000760315128   
  102733.8000000              0.00003946890685    
   29098.1700000              0.00016760684325     
    9492.3300000              0.00060659749824     
    3426.3460000              0.00197707149865       
     1335.8960000             0.00574577574817     
S    1   1.00      
     553.5026000              1.0000000
S    1   1.00       
     240.6925000              1.0000000
S    1   1.00       
     108.7293000              1.0000000
S    1   1.00        
      50.2645700              1.0000000
S    1   1.00        
      22.5800400              1.0000000
S    1   1.00       
      10.7143200              1.0000000
S    1   1.00        
       5.0935460              1.0000000
S    1   1.00        
       2.2441830              1.0000000 
S    1   1.00      
       1.0595700              1.0000000
S    1   1.00     
       0.4688490              1.0000000
S    1   1.00     
       0.1061430              1.0000000
S    1   1.00     
       0.0552620              1.0000000     
S    1   1.00
       0.0254650              1.0000000        
S    1   1.00
       0.0117300              1.0000000   
P   10   1.00 
   50318.8388700              0.00000292240112 
   11912.0300000              0.00003884893882       
    2819.9470000              0.00040793328891        
     915.9479000              0.00214353074768        
     350.3842000              0.01014901783959      
     148.4825000              0.03419833682451       
      67.5394400              0.09627197303897       
      32.3033200              0.20941716856342         
      15.9278600              0.32677010609629       
       8.0380350              0.32735987729500            
P   10   1.00 
   50318.8388700              0.00000097389482 
   11912.0300000              0.00001442526406       
    2819.9470000              0.00014213820381        
     915.9479000              0.00079139402416        
     350.3842000              0.00357628169833       
     148.4825000              0.01279497463196       
      67.5394400              0.03526000378067       
      32.3033200              0.08405452244497         
      15.9278600              0.12838228563560       
       8.0380350              0.14043333712189
P    1   1.00        
       4.0939160              1.0000000
P    1   1.00       
       2.0223900              1.0000000  
P    1   1.00        
       0.9761020              1.0000000 
P    1   1.00        
      0.4595950               1.0000000 
P    1   1.00        
       0.1771520              1.0000000 
P    1   1.00        
       0.0735170              1.0000000        
P    1   1.00
       0.0294010              1.0000000        
P    1   1.00
       0.0117600              1.0000000  
D    4   1.00 
   217.753530900              0.00025508501510 
      64.0130000              0.00379768368590        
      18.8179000              0.02939079979023      
       6.7287000              0.10134735336131      
D    1   1.00    
       2.6641300              1.0000000    
D    1   1.00     
       1.0786800              1.0000000
D    1   1.00        
       0.4232090              1.0000000 
D    1   1.00        
       0.1559990              1.0000000               
D    1   1.00
       0.0518840              1.0000000        
D    1   1.00
       0.0172600              1.0000000        
F    1   1.00
       1.2483000              1.0000000        
F    1   1.00
       0.2836000              1.0000000        
F    1   1.00
       0.0826600              1.0000000        
G    1   1.00
       0.7251000              1.0000000        
G    1   1.00
       0.2114800              1.0000000
****
V    0
S   11   1.00
   6606283572.00             -0.00000000069300 
   989266134.200             -0.00000000517903 
   148138885.300             -0.00000007214548 
   22183241.2600             -0.00000062161017 
  3321857.000000             -0.00000814556161       
  497435.6000000             -0.00006934184291       
  113202.7000000             -0.00036083576226       
   32063.3300000             -0.00152449982215        
   10459.6200000             -0.00552106690949        
    3775.5060000             -0.01769970960528        
    1472.0400000             -0.05054022482545                                      
S   11   1.00
   6606283572.00              0.00000000020404 
   989266134.200              0.00000000153930 
   148138885.300              0.00000002128109 
   22183241.2600              0.00000018448742 
  3321857.000000              0.00000240422153       
  497435.6000000              0.00002057798230       
  113202.7000000              0.00010636603478       
   32063.3300000              0.00045419307714        
   10459.6200000              0.00163153555418        
    3775.5060000              0.00535956070543        
    1472.0400000              0.01538020666197                                        
S   11   1.00
   6606283572.00             -0.00000000007615 
   989266134.200             -0.00000000057009 
   148138885.300             -0.00000000791217 
   22183241.2600             -0.00000006837209 
  3321857.000000             -0.00000089360034       
  497435.6000000             -0.00000762714382       
  113202.7000000             -0.00003957381343       
   32063.3300000             -0.00016817528812        
   10459.6200000             -0.00060813802704        
    3775.5060000             -0.00198469148632        
    1472.0400000             -0.00576321311997
S    1   1.00           
     609.9331000              1.0000000 
S    1   1.00           
     265.2634000              1.0000000  
S    1   1.00           
     119.8607000              1.0000000  
S    1   1.00        
      55.4489100              1.0000000 
S    1   1.00         
      24.9837200              1.0000000
S    1   1.00         
      11.8805600              1.0000000
S    1   1.00          
       5.6603110              1.0000000 
S    1   1.00         
       2.4957030              1.0000000 
S    1   1.00        
       1.1778660              1.0000000  
S    1   1.00     
       0.5200440              1.0000000
S    1   1.00      
       0.1159650              1.0000000  
S    1   1.00     
       0.0589380              1.0000000     
S    1   1.00
       0.0269460              1.0000000        
S    1   1.00
       0.0123200              1.0000000 
P   10   1.00
   56069.6287300             -0.00000284985900 
   13273.2000000             -0.00003828183215      
    3142.1260000             -0.00039942542205        
    1020.5880000             -0.00211325575355       
     390.4407000             -0.00996511082924        
     165.5043000             -0.03381897476893        
      75.3200600             -0.09541086605366         
      36.0550300             -0.20880706536316         
      17.8043600             -0.32729896053814        
       9.0029290             -0.32760004844800            
P   10   1.00 
   56069.6287300             -0.00000095072658 
   13273.2000000             -0.00001413570067      
    3142.1260000             -0.00013897745889       
    1020.5880000             -0.00077637203760       
     390.4407000             -0.00350662207279        
     165.5043000             -0.01259802735472       
      75.3200600             -0.03491144816453         
      36.0550300             -0.08358195962798        
      17.8043600             -0.12860940069456        
       9.0029290             -0.14052928441556  
P    1   1.00       
       4.5945440              1.0000000   
P    1   1.00     
       2.2767600              1.0000000 
P    1   1.00         
       1.1011780              1.0000000 
P    1   1.00         
       0.5186380              1.0000000 
P    1   1.00         
       0.2005650              1.0000000  
P    1   1.00        
       0.0812910              1.0000000        
P    1   1.00
       0.0317950              1.0000000        
P    1   1.00
       0.0124400              1.0000000  
D    4   1.00 
   262.854390700              0.00021641171081 
      77.6115000              0.00322889687920       
      22.9159000              0.02582024185118        
       8.2795400              0.09113499109552 
D    1   1.00        
       3.3099300              1.0000000    
D    1   1.00    
       1.3586300              1.0000000  
D    1   1.00       
       0.5413500              1.0000000 
D    1   1.00       
       0.2023560              1.0000000               
D    1   1.00
       0.0675680              1.0000000        
D    1   1.00
       0.0225600              1.0000000        
F    1   1.00
       1.7749000              1.0000000        
F    1   1.00
       0.4125000              1.0000000        
F    1   1.00
       0.1311200              1.0000000        
G    1   1.00
       1.1368000              1.0000000        
G    1   1.00
       0.3846500              1.0000000
****
Cr   0
S   11   1.00 
   12289145322.0             -3.55986E-10 
   1840090021.00             -2.65389E-09 
   275522113.000             -3.69395E-08 
   41254739.6500             -3.18849E-07 
  6177194.0000000            -0.00000417318499   
  924929.5000000             -0.00003555840100   
  210486.5000000             -0.00018507037372   
   59620.0500000             -0.00078254947238     
   19450.7600000             -0.00284541301926    
    7022.0560000             -0.00919901790122      
    2738.7630000             -0.02690690538251                      
S   11   1.00 
   12289145322.0             -1.05484E-10 
   1840090021.00             -7.85162E-10 
   275522113.000             -1.09684E-08 
   41254739.6500             -9.43568E-08 
  6177194.0000000            -0.00000123875347   
  924929.5000000             -0.00001052454622   
  210486.5000000             -0.00005500454573   
   59620.0500000             -0.00023156206604     
   19450.7600000             -0.00084927978933    
    7022.0560000             -0.00273924772534      
    2738.7630000             -0.00820711830514                         
S   11   1.00 
   12289145322.0              3.95978E-11 
   1840090021.00              2.92034E-10 
   275522113.000              4.08649E-09 
   41254739.6500              3.51104E-08 
  6177194.0000000             0.00000046146273   
  924929.5000000              0.00000391632328   
  210486.5000000              0.00002049857051   
   59620.0500000              0.00008613656216     
   19450.7600000              0.00031676264426    
    7022.0560000              0.00101928737678      
    2738.7630000              0.00306983960714 
S    1   1.00     
    1135.8140000              1.0000000  
S    1   1.00      
     495.0923000              1.0000000 
S    1   1.00      
     224.7487000              1.0000000    
S    1   1.00   
     105.3836000              1.0000000 
S    1   1.00      
      50.1935900              1.0000000
S    1   1.00        
      22.2495700              1.0000000
S    1   1.00       
      10.9826500              1.0000000
S    1   1.00        
       5.3836650              1.0000000
S    1   1.00       
       2.3436850              1.0000000
S    1   1.00        
       1.1052020              1.0000000
S    1   1.00     
       0.4878480              1.0000000
S    1   1.00     
       0.0895990              1.0000000     
S    1   1.00
       0.0334230              1.0000000        
S    1   1.00
       0.0124700              1.0000000   
P   10   1.00 
   61058.9365100              0.00000287946638 
   14454.2000000              0.00003891861527        
    3421.6760000              0.00040388735412        
    1111.3870000              0.00214786273441       
     425.1918000              0.01009439442646       
     180.2623000              0.03433445185706      
      82.0611700              0.09692227585513        
      39.2972600              0.21185886804748        
      19.4195900              0.33067488278000       
       9.8288990              0.32539778001178               
P   10   1.00 
   61058.9365100             -0.00000096548372 
   14454.2000000             -0.00001432276438        
    3421.6760000             -0.00014076927784       
    1111.3870000             -0.00078711132432        
     425.1918000             -0.00355845463342        
     180.2623000             -0.01277054721323        
      82.0611700             -0.03556379394436        
      39.2972600             -0.08488696483073       
      19.4195900             -0.13034865140270       
       9.8288990             -0.13972637366277  
P    1   1.00      
       5.0168100              1.0000000 
P    1   1.00       
       2.4870910              1.0000000
P    1   1.00
       1.1987800              1.0000000        
P    1   1.00
       0.5586950              1.0000000        
P    1   1.00
       0.2089240              1.0000000        
P    1   1.00
       0.0846080              1.0000000         
P    1   1.00
       0.0332580              1.0000000        
P    1   1.00
       0.0130700              1.0000000 
D    4   1.00 
   299.408479400              0.00019707100509 
      88.5768000              0.00296310343310         
      26.2045000              0.02397573260197      
       9.5174700              0.08559604057117  
D    1   1.00     
       3.8224800              1.0000000    
D    1   1.00  
       1.5751200              1.0000000   
D    1   1.00    
       0.6289280              1.0000000   
D    1   1.00        
       0.2344240              1.0000000        
D    1   1.00
       0.0768150              1.0000000        
D    1   1.00
       0.0251700              1.0000000        
F    1   1.00
       2.2510000              1.0000000        
F    1   1.00
       0.5315000              1.0000000        
F    1   1.00
       0.1763600              1.0000000        
G    1   1.00
       1.4459000              1.0000000        
G    1   1.00
       0.5132900              1.0000000
****
Mn   0
S   11   1.00 
   7876988530.00             -6.87005E-10 
   1179549104.00             -5.12804E-09 
   176632996.800             -7.14126E-08 
   26450120.1700             -6.15433E-07 
  3960805.0000000            -0.00000806344271    
  593115.5000000             -0.00006865727947      
  134976.8000000             -0.00035720196431      
   38230.6700000             -0.00150948053065      
   12471.5400000             -0.00546601319886       
    4501.7430000             -0.01753050429736         
    1755.2120000             -0.05007830961386                                   
S   11   1.00 
   7876988530.00              2.05009E-10 
   1179549104.00              1.54307E-09 
   176632996.800              2.13599E-08 
   26450120.1700              1.85004E-07 
  3960805.0000000             0.00000241303534   
  593115.5000000              0.00002063748037       
  134976.8000000              0.00010679444979       
   38230.6700000              0.00045531699892       
   12471.5400000              0.00163905482677       
    4501.7430000              0.00537171166094         
    1755.2120000              0.01547411990632                                       
S   11   1.00 
   7876988530.00              7.69399E-11 
   1179549104.00              5.79547E-10 
   176632996.800              8.04172E-09 
   26450120.1700              6.95337E-08 
  3960805.0000000             0.00000090829328    
  593115.5000000              0.00000775702687       
  134976.8000000              0.00004022080455      
   38230.6700000              0.00017106701883       
   12471.5400000              0.00061806547926       
    4501.7430000              0.00201987994813         
    1755.2120000              0.00586206852531  
S    1   1.00         
     727.3039000              1.0000000  
S    1   1.00         
     316.3678000              1.0000000 
S    1   1.00         
     143.0098000              1.0000000   
S    1   1.00        
      66.2180500              1.0000000 
S    1   1.00          
      29.9189600              1.0000000 
S    1   1.00         
      14.3031800              1.0000000  
S    1   1.00        
       6.8394510              1.0000000 
S    1   1.00          
       3.0123740              1.0000000  
S    1   1.00         
       1.4188080              1.0000000 
S    1   1.00     
       0.6236240              1.0000000 
S    1   1.00        
       0.1340980              1.0000000  
S    1   1.00       
       0.0655480              1.0000000      
S    1   1.00
       0.0295840              1.0000000        
S    1   1.00
       0.0133500              1.0000000  
P   10   1.00 
   68459.6299300             -0.00000272889236 
   16205.8600000             -0.00003745203986       
    3836.2740000             -0.00038554215004       
    1246.0480000             -0.00206850578400       
     476.7535000             -0.00966686168941     
     202.1895000             -0.03326176553114      
      92.0948700             -0.09404819465724      
      44.1472000             -0.20827019956338      
      21.8546800             -0.32850417671497        
      11.0859600             -0.32852322399800           
P   10   1.00 
   68459.6299300              0.00000094464651 
   16205.8600000              0.00001394743433      
    3836.2740000              0.00013762889016       
    1246.0480000              0.00076830061012       
     476.7535000              0.00348908389921     
     202.1895000              0.01254404884404      
      92.0948700              0.03532697141607      
      44.1472000              0.08462487466012      
      21.8546800              0.13295399571404       
      11.0859600              0.14297399892075     
P    1   1.00   
       5.6741080              1.0000000
P    1   1.00        
       2.8231700              1.0000000
P    1   1.00       
       1.3686210              1.0000000
P    1   1.00        
       0.6444310              1.0000000 
P    1   1.00       
       0.2483820              1.0000000   
P    1   1.00    
       0.0972550              1.0000000        
P    1   1.00
       0.0366330              1.0000000        
P    1   1.00
       0.0138000              1.0000000 
D    4   1.00 
   339.651921600              0.00017411963350 
     100.6630000              0.00260915721492       
      29.8336000              0.02146784822595       
      10.8894000              0.07716191652952  
D    1   1.00        
       4.3935800              1.0000000 
D    1   1.00        
       1.8178200              1.0000000 
D    1   1.00        
       0.7278270              1.0000000 
D    1   1.00        
       0.2712950              1.0000000               
D    1   1.00
       0.0883090              1.0000000        
D    1   1.00
       0.0287500              1.0000000        
F    1   1.00
       2.7382000              1.0000000        
F    1   1.00
       0.6543000              1.0000000        
F    1   1.00
       0.2226000              1.0000000        
G    1   1.00
       1.7335000              1.0000000        
G    1   1.00
       0.6321300              1.0000000
****
Fe   0
S   11   1.00 
   8584004113.00              6.8102E-10 
   1285418254.00              5.08315E-09 
   192485938.500              7.07811E-08 
   28823953.9100              6.10199E-07 
  4316265.0000000             0.00000799266643 
  646342.4000000              0.00006806845602   
  147089.7000000              0.00035409907386  
   41661.5200000              0.00149646119783    
   13590.7700000              0.00541930922203   
    4905.7500000              0.01738254241772      
    1912.7460000              0.04968412965095                     
S   11   1.00 
   8584004113.00             -2.04678E-10 
   1285418254.00             -1.53458E-09 
   192485938.500             -2.12605E-08 
   28823953.9100             -1.84032E-07 
  4316265.0000000            -0.00000240174337  
  646342.4000000             -0.00002052822601   
  147089.7000000             -0.00010633335096  
   41661.5200000             -0.00045272712800    
   13590.7700000             -0.00163279302154   
    4905.7500000             -0.00533976104471      
    1912.7460000             -0.01543182967978                  
S   11   1.00
   8584004113.00             -7.69002E-11 
   1285418254.00             -5.79249E-10 
   192485938.500             -8.03058E-09 
   28823953.9100             -6.95028E-08 
  4316265.0000000            -0.00000090717415  
  646342.4000000             -0.00000775291035   
  147089.7000000             -0.00004016785830  
   41661.5200000             -0.00017100515954    
   13590.7700000             -0.00061718522597   
    4905.7500000             -0.00202000138475      
    1912.7460000             -0.00585565661490   
S    1   1.00  
     792.6043000              1.0000000   
S    1   1.00    
     344.8065000              1.0000000    
S    1   1.00  
     155.8999000              1.0000000      
S    1   1.00   
      72.2309100              1.0000000   
S    1   1.00   
      32.7250600              1.0000000
S    1   1.00     
      15.6676200              1.0000000  
S    1   1.00    
       7.5034830              1.0000000 
S    1   1.00       
       3.3122230              1.0000000  
S    1   1.00     
       1.5584710              1.0000000   
S    1   1.00  
       0.6839140              1.0000000 
S    1   1.00    
       0.1467570              1.0000000   
S    1   1.00  
       0.0705830              1.0000000     
S    1   1.00
       0.0314490              1.0000000        
S    1   1.00
       0.0140100              1.0000000
P   10   1.00 
   74965.5865200             -0.00000268071172 
   17745.6900000             -0.00003729003807          
    4200.7210000             -0.00038074881359          
    1364.4290000             -0.00205928478058        
     522.0806000             -0.00956513330927      
     221.4595000             -0.03316919967753        
     100.9096000             -0.09367691014921    
      48.4011500             -0.20865146179138         
      23.9853600             -0.32929666187900     
      12.1825000             -0.32824581510331           
P   10   1.00 
   74965.5865200             -0.00000095639094 
   17745.6900000             -0.00001399536811          
    4200.7210000             -0.00013881984101          
    1364.4290000             -0.00077228973171        
     522.0806000             -0.00352483926062      
     221.4595000             -0.01264125316066        
     100.9096000             -0.03592763509606    
      48.4011500             -0.08580055941657        
      23.9853600             -0.13602144443230    
      12.1825000             -0.14517179520740
P    1   1.00       
       6.2422980              1.0000000   
P    1   1.00      
       3.1109440              1.0000000   
P    1   1.00        
       1.5099580              1.0000000   
P    1   1.00     
       0.7108450              1.0000000    
P    1   1.00      
       0.2731900              1.0000000    
P    1   1.00      
       0.1042330              1.0000000         
P    1   1.00
       0.0382910              1.0000000        
P    1   1.00
       0.0140700              1.0000000
D    4   1.00 
   381.876566800             -0.00019484007619 
     113.3440000             -0.00299007895753         
      33.6414000             -0.02461241558920         
      12.3310000             -0.08991739041103 
D    1   1.00       
       4.9947800              1.0000000  
D    1   1.00      
       2.0728000              1.0000000 
D    1   1.00      
       0.8307530              1.0000000 
D    1   1.00      
       0.3091780              1.0000000        
D    1   1.00
       0.1001300              1.0000000        
D    1   1.00
       0.0324300              1.0000000        
F    1   1.00
       3.2758000              1.0000000        
F    1   1.00
       0.7920000              1.0000000        
F    1   1.00
       0.2749000              1.0000000        
G    1   1.00
       2.0897000              1.0000000        
G    1   1.00
       0.7871600              1.0000000
****
Co   0
S   11   1.00
     9298837876.00              0.00000000067800 
     1392459543.00              0.00000000505903 
     208514612.900              0.00000007040742 
     31224134.3000              0.00000060725662 
    4675675.000000              0.00000795115143    
    700161.5000000              0.00006773203899   
    159337.3000000              0.00035229402730     
     45130.4600000              0.00148898956324        
     14722.3800000              0.00539223177854      
      5314.2220000              0.01729776655836        
      2072.0180000              0.04945607578201                      
S   11   1.00
     9298837876.00              0.00000000020495 
     1392459543.00              0.00000000153760 
     208514612.900              0.00000002130146 
     31224134.3000              0.00000018446798 
    4675675.000000              0.00000240654058    
    700161.5000000              0.00002057450349    
    159337.3000000              0.00010655481897     
     45130.4600000              0.00045373233826         
     14722.3800000              0.00163632599618       
      5314.2220000              0.00535231444181        
      2072.0180000              0.01547139685818                           
S   11   1.00
     9298837876.00              0.00000000007781 
     1392459543.00              0.00000000058160 
     208514612.900              0.00000000805263 
     31224134.3000              0.00000006971327 
    4675675.000000              0.00000090975708     
    700161.5000000              0.00000777554568    
    159337.3000000              0.00004028817578     
     45130.4600000              0.00017148585407         
     14722.3800000              0.00061914052314       
      5314.2220000              0.00202580146557       
      2072.0180000              0.00587752207786  
S    1   1.00
       858.6188000              1.0000000
S    1   1.00
       373.5497000              1.0000000    
S    1   1.00
       168.9229000              1.0000000    
S    1   1.00
        78.2963900              1.0000000 
S    1   1.00
        35.5212300              1.0000000
S    1   1.00
        17.0414400              1.0000000  
S    1   1.00
         8.1730000              1.0000000   
S    1   1.00
         3.6103180              1.0000000  
S    1   1.00
         1.6970470              1.0000000    
S    1   1.00
         0.7435320              1.0000000    
S    1   1.00
         0.1583440              1.0000000     
S    1   1.00
         0.0750360              1.0000000       
S    1   1.00
         0.0330910              1.0000000        
S    1   1.00
         0.0145900              1.0000000    
P   10   1.00
     81396.2915300             -0.00000267506273 
     19267.7800000             -0.00003727391697      
      4560.9860000             -0.00038025168131       
      1481.4360000             -0.00205943745877       
       566.8671000             -0.00956643124121      
       240.4910000             -0.03320772658291     
       109.6105000             -0.09406144555513    
        52.5949100             -0.20966609409164      
        26.0836100             -0.33077268956400      
        13.2614300             -0.32804193929627        
P   10   1.00
     81396.2915300              0.00000095909139 
     19267.7800000              0.00001409572595      
      4560.9860000              0.00013948178078       
      1481.4360000              0.00077810946496       
       566.8671000              0.00354751142848       
       240.4910000              0.01275410475581     
       109.6105000              0.03633358889379     
        52.5949100              0.08694936042681       
        26.0836100              0.13800358689462     
        13.2614300              0.14537667518777 
P    1   1.00
         6.7997780              1.0000000 
P    1   1.00
         3.3934140              1.0000000  
P    1   1.00
         1.6487660              1.0000000  
P    1   1.00
         0.7762820              1.0000000
P    1   1.00
         0.2980030              1.0000000  
P    1   1.00
         0.1136180              1.0000000        
P    1   1.00
         0.0416240              1.0000000        
P    1   1.00
         0.0152500              1.0000000
D    4   1.00
     424.879877600             -0.00019885456538 
       126.2640000             -0.00304228107466       
        37.5226000             -0.02534283349072         
        13.8021000             -0.09304950986133 
D    1   1.00
         5.6092700              1.0000000   
D    1   1.00
         2.3336900              1.0000000   
D    1   1.00
         0.9364150              1.0000000  
D    1   1.00
         0.3482370              1.0000000         
D    1   1.00
         0.1123530              1.0000000        
D    1   1.00
         0.0362500              1.0000000        
F    1   1.00
         3.8137000              1.0000000        
F    1   1.00
         0.9309000              1.0000000        
F    1   1.00
         0.3271500              1.0000000        
G    1   1.00
         2.4709000              1.0000000        
G    1   1.00
         0.9581400              1.0000000
****
Ni   0
S   11   1.00 
   10035335917.00             6.74992E-10 
   1502745907.00              5.03894E-09 
   225029364.100              7.01572E-08 
   33697123.7100              6.04801E-07 
  5045991.0000000             0.000007922199691974   
  755614.2000000              0.000067467375333719    
  171956.8000000              0.000350972738622351      
   48704.7900000              0.001483328823812090  
   15888.4100000              0.005371784447745420    
    5735.1230000              0.017234772652061900     
    2236.1370000              0.049282486205033300                      
S   11   1.00 
   10035335917.00             1.63797E-13 
   1502745907.00              1.23047E-12 
   225029364.100              1.70525E-11 
   33697123.7100              1.4756E-10  
  5045991.0000000             0.000000001926325186   
  755614.2000000              0.000000016460382724    
  171956.8000000              0.000000085291019924      
   48704.7900000              0.000000362997003340   
   15888.4100000              0.000001309915347527    
    5735.1230000              0.000004282039737104     
    2236.1370000              0.000012391207588971                         
S   11   1.00 
   10035335917.00             3.40157E-16 
   1502745907.00              2.55118E-15 
   225029364.100              3.53501E-14 
   33697123.7100              3.05893E-13 
  5045991.0000000             0.000000000003993093   
  755614.2000000              0.000000000034122443    
  171956.8000000              0.000000000176809360      
   48704.7900000              0.000000000752653062   
   15888.4100000              0.000000002717030447    
    5735.1230000              0.000000008893087054     
    2236.1370000              0.000000025801338818  
S    1   1.00     
     926.6468000              1.0000000  
S    1   1.00     
     403.1743000              1.0000000 
S    1   1.00       
     182.3476000              1.0000000  
S    1   1.00     
      84.5488500              1.0000000    
S    1   1.00    
      38.3963400              1.0000000 
S    1   1.00      
      18.4585900              1.0000000
S    1   1.00       
       8.8635480              1.0000000 
S    1   1.00      
       3.9162270              1.0000000 
S    1   1.00      
       1.8388700              1.0000000 
S    1   1.00    
       0.8043620              1.0000000
S    1   1.00     
       0.1697970              1.0000000
S    1   1.00     
       0.0793060              1.0000000     
S    1   1.00
       0.0346770              1.0000000        
S    1   1.00
       0.0151600              1.0000000    
P   10   1.00 
   88833.3680600              0.00000261871835 
   21027.9200000              0.00003677390163       
    4977.5600000              0.00037351483016       
    1616.7400000              0.00203213788942        
     618.6718000              0.00941570123979       
     262.5183000              0.03283812620750     
     119.6907000              0.09320537164021       
      57.4658500              0.20869194220686        
      28.5282900              0.33051160422500        
      14.5214800              0.32851742747588           
P   10   1.00 
   88833.3680600              0.00000095505139 
   21027.9200000              0.00001407631995       
    4977.5600000              0.00013909973620       
    1616.7400000              0.00077750907420        
     618.6718000              0.00354470382172       
     262.5183000              0.01277603249745     
     119.6907000              0.03655643238639       
      57.4658500              0.08772103717179        
      28.5282900              0.14024446103943        
      14.5214800              0.14736032708389  
P    1   1.00     
       7.4538500              1.0000000
P    1   1.00       
       3.7235530              1.0000000   
P    1   1.00     
       1.8098130              1.0000000 
P    1   1.00        
       0.8513360              1.0000000  
P    1   1.00      
       0.3248140              1.0000000  
P    1   1.00      
       0.1195220              1.0000000        
P    1   1.00
       0.0423660              1.0000000        
P    1   1.00
       0.0150200              1.0000000  
D    4   1.00 
   471.427232800              0.00020533535088 
     140.2527000              0.00316428269034   
      41.7261000              0.02653427346640       
      15.3981000              0.09829475283603   
D    1   1.00  
       6.2771000              1.0000000
D    1   1.00 
       2.6185000              1.0000000
D    1   1.00 
       1.0526000              1.0000000
D    1   1.00  
       0.3916000              1.0000000        
D    1   1.00
       0.1262000              1.0000000        
D    1   1.00
       0.0406700              1.0000000        
F    1   1.00
       4.5046000              1.0000000        
F    1   1.00
       1.1286000              1.0000000        
F    1   1.00
       0.4083000              1.0000000        
G    1   1.00
       2.9771000              1.0000000        
G    1   1.00
       1.2048500              1.0000000
****
Cu   0
S   11   1.00
   10799647941.0              6.7301E-10  
   1617199410.00              5.02207E-09 
   242168443.500              6.99E-08    
   36263651.0000              6.02813E-07 
  5430321.0000000             0.00000789371831  
  813166.5000000              0.00006723873025   
  185054.4000000              0.00034973749710   
   52414.6600000              0.00147821591434  
   17098.6800000              0.00535328080977  
    6171.9940000              0.01717661689359     
    2406.4810000              0.04912781970598           
S   11   1.00
   10799647941.0              2.06017E-10 
   1617199410.00              1.54113E-09 
   242168443.500              2.13668E-08 
   36263651.0000              1.84907E-07 
  5430321.0000000             0.00000241372384  
  813166.5000000              0.00002062454032   
  185054.4000000              0.00010688733008   
   52414.6600000              0.00045476115166  
   17098.6800000              0.00164188106553  
    6171.9940000              0.00536435800746     
    2406.4810000              0.01553871512229               
S   11   1.00
   10799647941.0              7.73455E-11 
   1617199410.00              5.82075E-10 
   242168443.500              8.06476E-09 
   36263651.0000              6.98212E-08 
  5430321.0000000             0.00000091112332  
  813166.5000000              0.00000778780969   
  185054.4000000              0.00004034559664   
   52414.6600000              0.00017177478396  
   17098.6800000              0.00062002155293  
    6171.9940000              0.00202989516172     
    2406.4810000              0.00588983394997  
S    1   1.00 
     997.2584000              1.0000000 
S    1   1.00    
     433.9289000              1.0000000 
S    1   1.00    
     196.2869000              1.0000000 
S    1   1.00 
      91.0428000              1.0000000   
S    1   1.00   
      41.3842500              1.0000000  
S    1   1.00      
      19.9327800              1.0000000    
S    1   1.00     
       9.5818910              1.0000000  
S    1   1.00       
       4.2345160              1.0000000 
S    1   1.00      
       1.9858140              1.0000000  
S    1   1.00    
       0.8670830              1.0000000   
S    1   1.00   
       0.1813390              1.0000000     
S    1   1.00  
       0.0836570              1.0000000      
S    1   1.00
       0.0362670              1.0000000        
S    1   1.00
       0.0157200              1.0000000
P   10   1.00 
   96153.3801000             -0.00000221072935 
   22760.5700000             -0.00003119316899         
    5387.6790000             -0.00031595796941       
    1749.9450000             -0.00172426919529          
     669.6653000             -0.00797615791182     
     284.1948000             -0.02790202738465        
     129.6077000             -0.07931445251475        
      62.2541500             -0.17804239551131         
      30.9296400             -0.28226707852100       
      15.7582700             -0.28007733348098                
P   10   1.00 
   96153.3801000             -0.00000080341953 
   22760.5700000             -0.00001185004707         
    5387.6790000             -0.00011706247032       
    1749.9450000             -0.00065498378829          
     669.6653000             -0.00298739777098     
     284.1948000             -0.01078139136105        
     129.6077000             -0.03096060744914        
      62.2541500             -0.07437310157938         
      30.9296400             -0.11937576342546       
      15.7582700             -0.12460047980384   
P    1   1.00      
       8.0942110              1.0000000  
P    1   1.00        
       4.0469210              1.0000000  
P    1   1.00      
       1.9678690              1.0000000     
P    1   1.00     
       0.9252950              1.0000000   
P    1   1.00       
       0.3529920              1.0000000   
P    1   1.00       
       0.1273070              1.0000000          
P    1   1.00
       0.0443560              1.0000000        
P    1   1.00
       0.0154500              1.0000000        
D    4   1.00
   582.809275700             -0.00010836811730 
     173.8970000             -0.00163845045129   
      51.8869000             -0.01441193650600       
      19.3419000             -0.05557135987049
D    1   1.00     
       7.9757200              1.0000000   
D    1   1.00   
       3.3982300              1.0000000  
D    1   1.00     
       1.4093200              1.0000000 
D    1   1.00         
       0.5488580              1.0000000       
D    1   1.00
       0.1901990              1.0000000        
D    1   1.00
       0.0659100              1.0000000        
F    1   1.00
       5.0821000              1.0000000        
F    1   1.00
       1.2797000              1.0000000        
F    1   1.00
       0.4617200              1.0000000        
G    1   1.00
       3.4835000              1.0000000        
G    1   1.00
       1.4597900              1.0000000
****
Zn   0
S   11   1.00 
   11574614877.0              0.00000000067200 
   1733249366.00              0.00000000501497 
   259546723.400              0.00000006978853 
   38866018.3300              0.00000060208893 
  5820021.0000000             0.00000788160375    
  871523.4000000              0.00006714949829     
  198335.0000000              0.00034922814735 
   56176.3100000              0.00147617575885     
   18325.8200000              0.00534572508427      
    6614.9550000              0.01715352583791     
    2579.1990000              0.04906619036399             
S   11   1.00 
   11574614877.0              0.00000000020595 
   1733249366.00              0.00000000154459 
   259546723.400              0.00000002141834 
   38866018.3300              0.00000018536804 
  5820021.0000000             0.00000241961888    
  871523.4000000              0.00002067362721     
  198335.0000000              0.00010716549103 
   56176.3100000              0.00045577529834    
   18325.8200000              0.00164642180291      
    6614.9550000              0.00537598382880     
    2579.1990000              0.01558767662698       
S   11   1.00 
   11574614877.0              0.00000000007876 
   1733249366.00              0.00000000058920 
   259546723.400              0.00000000815503 
   38866018.3300              0.00000007064670 
  5820021.0000000             0.00000092141196    
  871523.4000000              0.00000787896838     
  198335.0000000              0.00004080118216 
   56176.3100000              0.00017379505678     
   18325.8200000              0.00062699164153     
    6614.9550000              0.00205417076394     
    2579.1990000              0.00595692572047  
S    1   1.00 
    1068.8490000              1.0000000 
S    1   1.00     
     465.1045000              1.0000000 
S    1   1.00    
     210.4130000              1.0000000 
S    1   1.00 
      97.6162900              1.0000000
S    1   1.00     
      44.3802000              1.0000000
S    1   1.00      
      21.4230800              1.0000000
S    1   1.00     
      10.3089100              1.0000000 
S    1   1.00     
       4.5536450              1.0000000   
S    1   1.00   
       2.1328210              1.0000000 
S    1   1.00    
       0.9296970              1.0000000 
S    1   1.00    
       0.1921470              1.0000000   
S    1   1.00  
       0.0875950              1.0000000     
S    1   1.00
       0.0377020              1.0000000        
S    1   1.00
       0.0162300              1.0000000 
P   10   1.00
   103131.074000             -0.00000259694362 
   24411.9800000             -0.00003686144924       
    5778.5180000             -0.00037212854657    
    1876.8620000             -0.00203724864530      
     718.2361000             -0.00940495342158        
     304.8327000             -0.03296907722518       
     139.0453000             -0.09375558832344     
      66.8041700             -0.21054204461428      
      33.2069900             -0.33301209409800      
      16.9281600             -0.32788969572644         
P   10   1.00
   103131.074000             -0.00000095694776 
   24411.9800000             -0.00001410082854       
    5778.5180000             -0.00013940834618    
    1876.8620000             -0.00077975166089      
     718.2361000             -0.00356170430766        
     304.8327000             -0.01284261833688      
     139.0453000             -0.03702551317496    
      66.8041700             -0.08874765382251      
      33.2069900             -0.14263379073192      
      16.9281600             -0.14677814456884
P    1   1.00     
       8.6962290              1.0000000 
P    1   1.00        
       4.3505100              1.0000000 
P    1   1.00      
       2.1165230              1.0000000 
P    1   1.00       
       0.9953870              1.0000000  
P    1   1.00     
       0.3781120              1.0000000   
P    1   1.00     
       0.1345790              1.0000000        
P    1   1.00
       0.0462820              1.0000000        
P    1   1.00
       0.0159200              1.0000000
D    4   1.00 
   688.019028100             -0.00014238668156 
     205.6177000             -0.00214833128175      
      61.4498100             -0.01938488341524      
      23.0568900             -0.07712220891192  
D    1   1.00    
       9.5777390              1.0000000    
D    1   1.00 
       4.1337340              1.0000000 
D    1   1.00     
       1.7475180              1.0000000  
D    1   1.00      
       0.6995600              1.0000000             
D    1   1.00
       0.2516080              1.0000000        
D    1   1.00
       0.0904900              1.0000000        
F    1   1.00
       5.7922000              1.0000000        
F    1   1.00
       1.4851000              1.0000000        
F    1   1.00
       0.5486100              1.0000000        
G    1   1.00
       4.1144000              1.0000000        
G    1   1.00
       1.8293300              1.0000000
****
