H     0
S   3   1.00
      13.01070100000          0.01759
      4.089700000000          0.01363
      1.962257200000          0.10663
S   3   1.00 
      0.965800000000          0.03721
      0.444537960000          0.45523
      0.121949620000          0.50768
P   2   1.00
      2.616630000000          0.00234
      0.462800000000          0.52392
****
B     0 
S   4   1.00
      839.3183008600          0.00568    
      126.2646484300          0.04277
      28.62060076300          0.18111
      11.17200000000          0.04306
S   3   1.00
      7.879372271000          0.40343
      2.617600000000          0.43444
      2.408885717200          0.00049
S   3   1.00
      0.588240000000          0.06243
      0.251051090360          0.64987
      0.083648866069          0.38705
P   4   1.00
      34.10060000000          0.00239
      8.312000000000          0.02445
      6.033222361900          0.02697
      3.859000000000          0.05509
P   4   1.00
      1.249915786600          0.11914
      0.898600000000          0.07911
      0.338716763500          0.48435
      0.096415632351          0.83299
D   2   1.00
      1.013920000000          0.00729
      0.253290000000          0.04353
****
C     0
S   4   1.00
      1238.401693800          0.00121
      186.2900499200          0.00909
      42.25117634600          0.04239
      11.67655793200          0.12681
S   3   1.00
      3.623200000000          0.50933
      3.593050648200          0.31317
      0.987470000000          0.10629
S   3   1.00
      0.402451473630          0.49676
      0.305400000000          0.13329
      0.130901826680          0.39437
P   4   1.00
      9.468097062100          0.03790
      2.010354514200          0.19174
      0.783900000000          0.10661
      0.547710047070          0.31378
P   4   1.00
      0.197330000000          0.58063
      0.152686137950          0.30638
      0.101660000000          0.29351
      0.043029300000          0.04053
D   2   1.00
      2.486000000000          0.00226
      0.164120000000          0.00997
****
N     0
S   4   1.00
      1712.841585300          0.00554
      257.6481267700          0.04099
      58.45824585300          0.18400
      16.19836790500          0.45739
S   3   1.00
      5.035732000000          0.47932
      5.005260080900          0.37384
      4.775700000000          0.43818
S   3   1.00
      1.475900000000          0.06040
      0.587318565710          0.01064
      0.187645922530          0.00287
P   4   1.00
      13.57147023300          0.04112
      2.925737287400          0.20646
      1.149209000000          0.11259
      0.799277507540          0.33796
P   4   1.00
      0.281150000000          0.63876
      0.219543480340          0.39014
      0.148770000000          0.28174
      0.059277000000          0.01966
D   2   1.00
      8.522000000000          0.00074
      2.803000000000          0.00550
****
O     0
S   4   1.00
      2266.176778500          0.00549
      340.8701019100          0.04061
      77.36313516700          0.18319
      21.47964494000          0.45632
S   3   1.00
      6.658943312400          0.75554
      6.115900000000          0.34797
      2.074130000000          0.07662
S   3   1.00
      0.809759756680          0.05028
      0.608900000000          0.03807
      0.255307722340          0.00331
P   4   1.00
      81.60080000000          0.00446
      17.72150431700          0.02656
      8.721800000000          0.04297
      3.863550544000          0.13752
P   4   1.00
      3.588800000000          0.34638
      1.048092088300          0.48722
      0.276415444110          0.45248
      0.067065000000          0.04877
D   2   1.00
      7.198000000000          0.00133
      0.282200000000          0.00855
****
F     0 
S   4   1.00
      2894.832599000          0.00544             
      435.4193912000          0.04032
      98.84332886600          0.18236
      27.48519800100          0.45562
S   3   1.00
      8.540549817100          0.67503
      7.606400000000          0.06318
      2.757004000000          0.09879
S   3   1.00
      1.065457803800          0.46772
      0.816992000000          0.16811
      0.332473467480          0.40540
P   4   1.00
      22.69663392400          0.04156
      8.546200000000          0.02777
      4.987233925700          0.18827
      1.960299000000          0.15287
P   4   1.00
      1.349161395400          0.34074
      0.475750000000          0.28814
      0.348298819770          0.17039
      0.079310000000          0.05272
D   2   1.00
      5.275600000000          0.00192
      1.258140000000          0.00986
****
Si     0 
S   6   1.00
      6903.711868600          0.00556
      1038.434641900          0.04237
      235.8758148000          0.18076
      66.06938516900          0.33612
      59.10000040000          0.75100
      34.35348173000          0.38164
S   3   1.00
      20.24794576100          0.15692
      19.75041540000          0.01540
      9.009500000000          0.11578
S   3   1.00
      5.275000000000          0.14545
      3.637078819200          0.55426
      1.400204859900          0.53851
S   2   1.00
      0.204844148050          0.79234
      0.077994095468          0.34379
P   5   1.00
      179.8390737300          0.01022
      41.90725884600          0.06819
      15.01200000000          0.08748
      12.95529436700          0.13465
      5.812000000000          0.19165
P   4   1.00
      4.438326739300          0.25181
      1.687000000000          0.56510
      1.546224790400          0.87676
      0.813920000000          0.17477
P   3   1.00
      0.356076123020          0.40315
      0.295403000000          0.05578
      0.100085137620          0.70834
D   2   1.00
      1.890000000000          0.00012
      0.095830000000          0.01542
****
P     0 
S   6   1.00
      8002.479510600          0.00550
      1203.681359000          0.04195
      273.4422703100          0.17933
      76.65554151700          0.06931
      69.99900000000          0.81977
      39.79168343900          0.05314
S   3   1.00
      38.52639900000          0.31484
      23.51692743500          0.16055
      10.69997000000          0.11675
S   3   1.00
      5.818000000000          0.17544
      4.277034332300          0.38675
      1.694025688800          0.27516
S   2   1.00
      0.275676746440          0.79728
      0.104955900990          0.35364
P   5   1.00
      219.5075582300          0.00951
      51.27415503000          0.06702
      15.92159589200          0.24882
      5.506991348100          0.46703
      1.989900000000          0.79667
P   4   1.00
      1.953771942600          0.77712
      0.625200000000          0.13115
      0.478033979320          0.11653
      0.259420000000          0.39571
P   3   1.00
      0.136579526210          0.28324
      0.076630000000          0.17165
      0.037503000000          0.02832
D   2   1.00
      0.986950000000          0.00710
      0.256409000000          0.03357
****
S     0 
S   6   1.00
      9184.930301000          0.00545
      1381.510550300          0.04151
      313.8714758000          0.17882
      89.52000100000          0.32952
      88.05387062300          0.35241
      83.44800000000          0.72828
S   3   1.00
      45.64873130300          0.23743
      27.03991490500          0.28671
      6.488000000000          0.15761
S   3   1.00
      4.966452232600          0.53903
      2.011624204700          0.33722
      0.507419900000          0.19568
S   2   1.00
      0.356610770130          0.57332
      0.135072214770          0.42589
P   5   1.00
      261.9823343900          0.00906
      61.30689473600          0.06448
      19.10372988700          0.24265
      6.656772037800          0.46417
      2.395963516100          1.96306
P   4   1.00
      2.364920000000          1.59729
      0.814400000000          0.12459
      0.617761616790          0.17193
      0.325180000000          0.35409
P   3   1.00
      0.169933768710          0.32382
      0.080394000000          0.17020
      0.041696000000          0.01593
D   2   1.00
      2.920600000000          0.00159
      0.124270000000          0.01066
****
Cl     0 
S   6   1.00
      10449.82756600          0.00540
      1571.736522100          0.04127
      357.1206552300          0.17665
      100.2518593500          0.87173
      97.58000000000          0.75131
      51.92378943400          0.30851
S   3   1.00
      30.81272755400          0.22183
      10.54800000000          0.18786
      7.304000000000          0.22756
S   3   1.00
      5.704576097500          0.70943
      2.350837680900          0.47132
      1.059000000000          0.04129
S   2   1.00
      0.446051246720          0.71693
      0.168488561900          0.41446
P   5   1.00
      307.6679056900          0.00880
      72.10201551500          0.06316
      22.53268026200          0.24065
      7.899176544400          0.46731
      2.876726832100          0.49701
P   4   1.00
      2.379910000000          0.14743
      1.064900000000          0.12806
      0.774593639550          0.29624
      0.404530000000          0.31834
P   3   1.00
      0.210376996980          0.38843
      0.067470000000          0.15502
      0.047460500000          0.05711
D   2   1.00
      0.560800000000          0.15095
      0.149060000000          0.78201
****