basis &quot;Mn_m6-31G&quot; CARTESIAN
  Mn   S
     56347.140000000      0.00177158
      8460.943000000      0.01357081
      1927.325000000      0.06690605
       543.234300000      0.23185410
       173.990500000      0.47990460
        59.360050000      0.34957370
  Mn  SP
      1165.412000000      0.00238875      0.00397732
       277.327600000      0.03181708      0.03103112
        89.472780000      0.12546700      0.13518940
        33.482560000     -0.02955431      0.34573870
        13.540370000     -0.61751600      0.46292050
         5.557972000     -0.45444580      0.20905920
  Mn  SP
        45.835320000     -0.00366586     -0.00688758
        15.187770000      0.07231971     -0.02846816
         6.500710000      0.25444860      0.06031832
         2.751583000     -0.29103800      0.39389610
         1.145404000     -0.73598600      0.50137690
         0.453687000     -0.19976170      0.17922640
  Mn  SP
         1.757999000      0.05628572     -0.50350240
         0.667022000      0.28974910      0.23450110
         0.105129000     -1.14065300      0.91412570
  Mn  SP
         0.038418000      1.00000000      1.00000000
  Mn   D
        17.4640356959     0.1021964953
         4.5235533151     0.4169414088
         1.3041931349     0.6799648276
  Mn   D
         0.3369193736     1.00000000
end
