
b   0
S     1     1.00
 160.683   1.0
S     1     1.00
 23.3433   1.0
S     1     1.00
 6.4028    1.0
P     1     1.00
 52.528    1.0
P     1     1.00
 9.24863   1.0
D     1     1.00
 5.9812    1.0
****
c   0
S     1     1.00
 275.886   1.0
S     1     1.00
 34.1417   1.0
S     1     1.00
 8.2901    1.0
P     1     1.00
 62.8272   1.0
P     1     1.00
 10.1795   1.0
D     1     1.00
 28.4479   1.0
****
n   0
S     1     1.00
 418.2     1.0
S     1     1.00
 40.222    1.0
S     1     1.00
 11.69     1.0
P     1     1.00
 73.6756   1.0
P     1     1.00
 15.4815   1.0
D     1     1.00
 28.2002   1.0
****
o   0
S     1     1.00
 506.559   1.0
S     1     1.00
 48.1539   1.0
S     1     1.00
 14.5739   1.0
P     1     1.00
 76.5639   1.0
P     1     1.00
 19.8279   1.0
D     1     1.00
 30.5022   1.0
****
f   0
S     1     1.00
 582.327   1.0
S     1     1.00
 63.1976   1.0
S     1     1.00
 18.009    1.0
P     1     1.00
 103.249   1.0
P     1     1.00
 23.0199   1.0
D     1     1.00
 32.1531   1.0
****
ne   0
S     1     1.00
 726.708   1.0
S     1     1.00
 88.9066   1.0
S     1     1.00
 23.9832   1.0
P     1     1.00
 117.266   1.0
P     1     1.00
 29.0727   1.0
D     1     1.00
 35.0086   1.0
****
al   0
S     1     1.00
 499.037   1.0
S     1     1.00
 116.894   1.0
S     1     1.00
 28.7395   1.0
P     1     1.00
 179.389   1.0
P     1     1.00
 39.4495   1.0
P     1     1.00
 9.43249   1.0
D     1     1.00
 33.6423   1.0
D     1     1.00
 6.55216   1.0
D     1     1.00
 0.700076  1.0
F     1     1.00
 12.9675   1.0
F     1     1.00
 0.780528  1.0
****
si   0
S     1     1.00
 501.196   1.0
S     1     1.00
 113.631   1.0
S     1     1.00
 29.3353   1.0
P     1     1.00
 249.741   1.0
P     1     1.00
 49.7677   1.0
P     1     1.00
 3.54864   1.0
D     1     1.00
 41.89     1.0
D     1     1.00
 8.95425   1.0
D     1     1.00
 0.988974  1.0
F     1     1.00
 11.4933   1.0
F     1     1.00
 1.2       1.0
****
p   0
S     1     1.00
 1139.22   1.0
S     1     1.00
 111.633   1.0
S     1     1.00
 29.3111   1.0
P     1     1.00
 393.823   1.0
P     1     1.00
 39.1216   1.0
P     1     1.00
 4.11066   1.0
D     1     1.00
 53.5025   1.0
D     1     1.00
 11.3353   1.0
D     1     1.00
 1.33391   1.0
F     1     1.00
 13.4413   1.0
F     1     1.00
 1.5       1.0
****
s   0
S     1     1.00
 900.735   1.0
S     1     1.00
 111.384   1.0
S     1     1.00
 29.0209   1.0
P     1     1.00
 251.699   1.0
P     1     1.00
 45.3874   1.0
P     1     1.00
 4.29495   1.0
D     1     1.00
 67.3216   1.0
D     1     1.00
 12.9274   1.0
D     1     1.00
 1.69181   1.0
F     1     1.00
 15.6678   1.0
F     1     1.00
 2.00000   1.0
****
cl   0
S     1     1.00
 2000.16   1.0
S     1     1.00
 142.526   1.0
S     1     1.00
 34.0000   1.0
P     1     1.00
 568.867   1.0
P     1     1.00
 43.5568   1.0
P     1     1.00
 5.05891   1.0
D     1     1.00
 81.1489   1.0
D     1     1.00
 15.1852   1.0
D     1     1.00
 2.05360   1.0
F     1     1.00
 16.6613   1.0
F     1     1.00
 2.35000   1.0
****
ar   0
S     1     1.00
 1501.01   1.0
S     1     1.00
 161.349   1.0
S     1     1.00
 45.0561   1.0
P     1     1.00
 388.858   1.0
P     1     1.00
 100.000   1.0
P     1     1.00
 30.0000   1.0
D     1     1.00
 81.3468   1.0
D     1     1.00
 17.5038   1.0
D     1     1.00
 2.37305   1.0
F     1     1.00
 24.6097   1.0
F     1     1.00
 3.00000   1.0
****
