# BASIS SET = cc-pV5Z-PP          
#Elements                             References                                
#--------                             ----------                                
#Y-Pd: K.A. Peterson, D. Figgen, M. Dolg, and H. Stoll, J. Chem. Phys. 126, 124101 (2007).
#
# BASIS SET: ( 16s 13p 11d 4f 3g 2h 1i ) -> [ 7s 7p 6d 4f 3g 2h
 BASIS "aobasis" print
 Y   S
     14079.8000000  0.0000020 -0.0000010 -0.0000010 -0.0000020  0.0000010  0.0000010
      2247.3800000  0.0000120 -0.0000040 -0.0000060 -0.0000070  0.0000200 -0.0000700
       520.2370000  0.0000550 -0.0000170 -0.0000390 -0.0000750 -0.0000040  0.0002120
       150.8110000  0.0001820 -0.0000630 -0.0000800 -0.0000600  0.0004190 -0.0016450
        24.5030000  0.0063950 -0.0018670 -0.0044970 -0.0088600 -0.0035840  0.0374170
        15.2418000 -0.0507640  0.0154110  0.0316780  0.0549640 -0.0088590 -0.0982160
         9.5008400  0.1584540 -0.0501630 -0.0959870 -0.1555790  0.0927170 -0.0147960
         3.8237200 -0.3025540  0.1063820  0.2168610  0.3733420 -0.2082400  0.1024510
         2.2758600 -0.3335140  0.1060530  0.1488480  0.1832600 -0.7040030  2.4700340
         1.0644100  0.3230000 -0.1261720 -0.1548790 -0.2559760  1.5832420 -10.3553030
         0.5855490  0.6589720 -0.2894070 -0.9680620 -2.6856670  2.2439820 13.7413150
         0.3053020  0.3425110 -0.2983620 -0.1326710  3.1169230 -6.5232510 -7.1906790
         0.1209720  0.0313300  0.0703960  1.9311600  1.4891180  7.7285540 -1.6873260
         0.0663880 -0.0056260  0.5421300  0.0584030 -3.8710430 -4.0430630  7.1160260
         0.0328380  0.0038640  0.5063430 -1.0476370  1.1354790 -1.8182600 -7.0095890
 Y   S
         0.0163780  1.0000000
 Y   P
        77.9108000  0.0001380 -0.0000440 -0.0000870 -0.0001350 -0.0003270 -0.0001010
        13.7037000 -0.0025430  0.0007800  0.0013570  0.0025540  0.0107320 -0.0058350
         8.5560000  0.0399220 -0.0125610 -0.0263010 -0.0373320 -0.0873380 -0.0550890
         5.3433500 -0.0836390  0.0277150  0.0568510  0.0849530  0.1815290  0.1703450
         3.1309600 -0.1096760  0.0321010  0.0832770  0.0909480  0.1439620  0.4395670
         1.2481300  0.2329360 -0.0822140 -0.1786520 -0.2654300 -0.8796010 -4.2725720
         0.7057070  0.4155860 -0.1470040 -0.5462370 -1.0981110 -1.5966240  6.2343020
         0.3920400  0.3493680 -0.1728880 -0.3616030  0.8351060  4.8613140 -2.0751110
         0.2128650  0.1423730 -0.0159480  1.1540840  1.7852520 -3.4449480 -3.4656920
         0.1070420  0.0206040  0.3279480  0.6563890 -2.0517060 -0.7351070  5.9121840
         0.0543460  0.0016540  0.5086540 -0.8183480 -0.3318250  2.8678810 -4.7865070
         0.0277480  0.0004450  0.2731240 -0.3749600  1.0846930 -1.6056420  1.7266830
 Y   P
         0.0142710  1.0000000
 Y   D
        45.4024000  0.0001200 -0.0001510  0.0001950 -0.0001840 -0.0003570
        12.9334000  0.0010990 -0.0012580  0.0016130 -0.0030890 -0.0039810
         4.8006500 -0.0068000  0.0078620 -0.0101290  0.0194310  0.0278630
         1.8593400  0.0303570 -0.0402620  0.0537820 -0.0954860 -0.1590440
         1.1169700  0.0992990 -0.1228420  0.1808020 -0.3003170 -0.8147140
         0.6437090  0.1802560 -0.2289480  0.3422230 -0.6932980 -0.0017590
         0.3523490  0.2459700 -0.2879670  0.2506190  0.7279550  2.1872360
         0.1853680  0.2811180 -0.1377670 -0.5086550  1.0036120 -2.0397820
         0.0931220  0.2667400  0.2766650 -0.6756680 -1.1469290 -0.0556930
         0.0445400  0.1692660  0.5148560  0.4144900 -0.2917490  1.4099920
 Y   D
         0.0200680  1.0000000
 Y   F
         1.6458000  1.0000000
 Y   F
         0.5735000  1.0000000
 Y   F
         0.1999000  1.0000000
 Y   F
         0.0697000  1.0000000
 Y   G
         0.9326000  1.0000000
 Y   G
         0.3358000  1.0000000
 Y   G
         0.1209000  1.0000000
 Y   H
         0.6710000  1.0000000
 Y   H
         0.2242000  1.0000000
 Y   I
         0.3993000  1.0000000
#
# BASIS SET: ( 16s 13p 11d 4f 3g 2h 1i ) -> [ 7s 7p 6d 4f 3g 2h
 Zr  S
     15437.5000000  0.0000020 -0.0000010 -0.0000010 -0.0000020  0.0000010 -0.0000020
      2465.9700000  0.0000130 -0.0000040 -0.0000070 -0.0000100  0.0000320 -0.0000490
       578.6510000  0.0000590 -0.0000190 -0.0000450 -0.0000750 -0.0000380  0.0000270
       162.7350000  0.0001980 -0.0000700 -0.0001000 -0.0001300  0.0007060 -0.0010470
        26.5335000  0.0066440 -0.0019840 -0.0050430 -0.0083810 -0.0109030  0.0122540
        16.5704000 -0.0525730  0.0162570  0.0355610  0.0560560  0.0125820  0.0035430
        10.3303000  0.1634440 -0.0526420 -0.1078700 -0.1678690  0.0829970 -0.1902040
         4.1481000 -0.3059450  0.1103950  0.2427640  0.4051870 -0.1789480  0.6083250
         2.5161300 -0.3490550  0.1116980  0.1748460  0.2797260 -1.1538930  1.8067300
         1.1659700  0.3455410 -0.1375420 -0.2103000 -0.6336340  3.5607120 -11.0626930
         0.6451250  0.6639130 -0.3040570 -1.1293430 -2.5875580 -0.7683280 17.0783340
         0.3370100  0.3281410 -0.2837350  0.0990480  3.7335630 -4.8187130 -11.8732290
         0.1365970  0.0293880  0.0962260  1.9494820  0.3891840  8.1060540  4.0836260
         0.0726290 -0.0041590  0.5363000 -0.1464570 -3.2884940 -5.8703430  1.6705390
         0.0358930  0.0032740  0.4913850 -0.9659600  1.4132350  0.0251120 -4.4656650
 Zr  S
         0.0178820  1.0000000
 Zr  P
        86.6065000  0.0001400 -0.0000440 -0.0000620 -0.0001100 -0.0001910  0.0002860
        15.1555000 -0.0027860  0.0008580  0.0011810  0.0020370  0.0042620 -0.0058940
         9.4658000  0.0414510 -0.0129840 -0.0181900 -0.0330270 -0.0558950  0.0919740
         5.9125200 -0.0844130  0.0279860  0.0389740  0.0709340  0.1186240 -0.2208550
         3.4533700 -0.1174270  0.0338730  0.0490940  0.0977790  0.1709420 -0.2793470
         1.3761100  0.2476830 -0.0874800 -0.1251510 -0.2496370 -0.6916810  2.7044810
         0.7768660  0.4294190 -0.1562140 -0.2201010 -0.6860450 -1.3598380 -2.1500230
         0.4273720  0.3444380 -0.1592300 -0.2475300 -0.1064010  2.7069520 -2.6396310
         0.2277060  0.1265660  0.0235440  0.0930910  1.4075580 -0.0578670  5.5738310
         0.1153640  0.0157100  0.3088570  0.5777970  0.1883270 -2.2241640 -4.0538370
         0.0594000  0.0020970  0.4574650  0.4254600 -0.8765300  1.0666880  0.7783170
         0.0308990  0.0000650  0.3009240  0.0751780 -0.2006530  0.3815510  0.5650840
 Zr  P
         0.0158570  1.0000000
 Zr  D
        49.5067000  0.0001540 -0.0001900  0.0002770 -0.0003420  0.0006720
        13.9303000  0.0014270 -0.0015510  0.0021470 -0.0034860  0.0040810
         5.2603900 -0.0095780  0.0106460 -0.0149450  0.0250340 -0.0349770
         2.0331900  0.0419560 -0.0542150  0.0922390 -0.1574730  0.2975460
         1.2191700  0.1254610 -0.1539970  0.2523180 -0.4752710  1.1675020
         0.7111020  0.2125620 -0.2639730  0.3886540 -0.4707610 -1.3250430
         0.3899280  0.2823830 -0.2811660  0.0101690  1.2586620 -1.1404310
         0.2023760  0.2859490  0.0220550 -0.7329550  0.2702640  2.5067660
         0.1018700  0.2155050  0.4048750 -0.3380690 -1.2589810 -1.3125060
         0.0503430  0.1051110  0.4290200  0.5765170  0.2159450 -0.4784940
 Zr  D
         0.0237770  1.0000000
 Zr  F
         2.3842000  1.0000000
 Zr  F
         0.8475000  1.0000000
 Zr  F
         0.3013000  1.0000000
 Zr  F
         0.1071000  1.0000000
 Zr  G
         1.2410000  1.0000000
 Zr  G
         0.4615000  1.0000000
 Zr  G
         0.1716000  1.0000000
 Zr  H
         0.9257000  1.0000000
 Zr  H
         0.3118000  1.0000000
 Zr  I
         0.5877000  1.0000000
#
# BASIS SET: ( 16s 13p 11d 4f 3g 2h 1i ) -> [ 7s 7p 6d 4f 3g 2h
 Nb  S
     16724.4000000  0.0000020 -0.0000010 -0.0000010 -0.0000020  0.0000010  0.0000050
      2802.5700000  0.0000130 -0.0000050 -0.0000080 -0.0000130  0.0000370  0.0000240
       620.6060000  0.0000690 -0.0000230 -0.0000520 -0.0000860 -0.0000340  0.0001970
       169.9940000  0.0002180 -0.0000770 -0.0001220 -0.0001830  0.0008940  0.0003220
        28.9091000  0.0066770 -0.0020080 -0.0050290 -0.0081350 -0.0133320  0.0193240
        17.9890000 -0.0524340  0.0163130  0.0359710  0.0565980  0.0173350 -0.1272330
        11.0810000  0.1685240 -0.0546570 -0.1144670 -0.1814640  0.0954540  0.4126080
         4.5084100 -0.3071400  0.1123230  0.2525740  0.4395510 -0.1928160 -1.3351400
         2.7740400 -0.3656480  0.1171300  0.2025510  0.3370230 -1.4302220 -0.6681470
         1.2785800  0.3577500 -0.1444410 -0.2624260 -0.9136540  4.9562710 10.4666180
         0.7104820  0.6677810 -0.3105620 -1.1754450 -2.3968250 -3.0055020 -18.0167040
         0.3712440  0.3219880 -0.2723990  0.1947830  3.9390540 -3.3620400 14.2476880
         0.1537620  0.0288090  0.1005350  1.8814740 -0.1056110  7.7844360 -7.4149890
         0.0799430 -0.0032060  0.5285960 -0.1487580 -2.9373520 -6.4326700  1.6768070
         0.0390490  0.0028630  0.4926760 -0.9365280  1.4465500  1.0110800  2.5528660
 Nb  S
         0.0192340  1.0000000
 Nb  P
        94.5740000  0.0001420 -0.0000460 -0.0000660 -0.0001150 -0.0001840  0.0002510
        16.5451000 -0.0031230  0.0009760  0.0013990  0.0023020  0.0040050 -0.0043200
        10.3353000  0.0437240 -0.0139150 -0.0202860 -0.0357330 -0.0585500  0.0899560
         6.4556800 -0.0866590  0.0292850  0.0423910  0.0752340  0.1213400 -0.2212470
         3.7818500 -0.1242440  0.0364390  0.0552160  0.1080190  0.2110750 -0.3110130
         1.5100900  0.2599500 -0.0941250 -0.1407040 -0.2970280 -0.9360120  3.0553130
         0.8529130  0.4352490 -0.1629130 -0.2444300 -0.6997760 -1.0533120 -3.0340750
         0.4705510  0.3351180 -0.1532280 -0.2446420  0.0090570  2.7306070 -1.7190450
         0.2525070  0.1215810  0.0361760  0.1472680  1.3704750 -0.3402500  5.1664290
         0.1277120  0.0157470  0.3110250  0.5842200  0.1113480 -2.0389740 -4.1195420
         0.0654580  0.0016820  0.4523680  0.3942580 -0.8573660  1.0662180  0.9937460
         0.0337640  0.0001400  0.2988230  0.0651680 -0.1922890  0.3529060  0.4670990
 Nb  P
         0.0171550  1.0000000
 Nb  D
       112.0840000  0.0000420 -0.0000420  0.0000570 -0.0000690  0.0002360
        33.7714000  0.0003440 -0.0004380  0.0007230 -0.0010950  0.0007700
        12.4751000  0.0022140 -0.0022120  0.0029330 -0.0038530  0.0109920
         6.3293900 -0.0097510  0.0103000 -0.0146300  0.0215400 -0.0489550
         2.0214400  0.0761190 -0.0981300  0.1827690 -0.3290370  0.9087510
         1.1232800  0.2035310 -0.2489670  0.4323530 -0.7370970  0.2465580
         0.5991810  0.2930090 -0.3295230  0.2343910  0.7345520 -2.4626810
         0.3098940  0.3059440 -0.0858720 -0.6322730  0.9807020  2.3616380
         0.1547090  0.2411420  0.3473660 -0.5550090 -1.2603090 -0.3014160
         0.0740910  0.1253140  0.4902950  0.4840240 -0.1615170 -1.1843040
 Nb  D
         0.0332330  1.0000000
 Nb  F
         3.1744000  1.0000000
 Nb  F
         1.1392000  1.0000000
 Nb  F
         0.4088000  1.0000000
 Nb  F
         0.1467000  1.0000000
 Nb  G
         1.5463000  1.0000000
 Nb  G
         0.5931000  1.0000000
 Nb  G
         0.2275000  1.0000000
 Nb  H
         1.1829000  1.0000000
 Nb  H
         0.4022000  1.0000000
 Nb  I
         0.7952000  1.0000000
#
# BASIS SET: ( 16s 13p 11d 4f 3g 2h 1i ) -> [ 7s 7p 6d 4f 3g 2h
 Mo  S
     17946.3000000  0.0000020 -0.0000010 -0.0000010 -0.0000020  0.0000010  0.0000120
      3312.2700000  0.0000140 -0.0000050 -0.0000090 -0.0000150  0.0000370 -0.0000230
       681.6260000  0.0000780 -0.0000260 -0.0000580 -0.0000920 -0.0000010  0.0006300
       180.1620000  0.0002490 -0.0000870 -0.0001500 -0.0002730  0.0009570 -0.0014220
        30.6673000  0.0071150 -0.0021310 -0.0051900 -0.0074740 -0.0129690  0.0933800
        19.1509000 -0.0564880  0.0174860  0.0383330  0.0579880  0.0115460 -0.4224160
        11.8941000  0.1781580 -0.0574820 -0.1211750 -0.1932500  0.1192690  0.9137280
         4.8981400 -0.3068990  0.1123150  0.2519100  0.4439590 -0.1981710 -2.7770120
         3.0488500 -0.3822290  0.1215130  0.2282270  0.4359270 -1.6808410  1.4805520
         1.3981700  0.3634910 -0.1474560 -0.2895420 -1.2061380  6.1767120  8.7304160
         0.7820320  0.6697260 -0.3094610 -1.1954110 -2.1672290 -5.0128880 -17.4963080
         0.4090740  0.3223120 -0.2639230  0.2458690  3.9971280 -1.8552510 15.3033290
         0.1705450  0.0289300  0.0952130  1.7947840 -0.3767490  7.0831250 -9.6104950
         0.0879630 -0.0031730  0.5127540 -0.0900170 -2.6529470 -6.3689880  4.1565130
         0.0426100  0.0025270  0.5003880 -0.9123270  1.3496510  1.3848040  0.9517470
 Mo  S
         0.0208110  1.0000000
 Mo  P
       102.2090000  0.0001490 -0.0000480 -0.0000730 -0.0001230 -0.0001910 -0.0005380
        18.0149000 -0.0033980  0.0010590  0.0015950  0.0024130  0.0034760  0.0166440
        11.2538000  0.0452000 -0.0143500 -0.0220460 -0.0377930 -0.0594480 -0.1479290
         7.0300000 -0.0862460  0.0291870  0.0445480  0.0773360  0.1202930  0.3297030
         4.1583100 -0.1309050  0.0383440  0.0614870  0.1215660  0.2507130  0.2785650
         1.6481100  0.2680230 -0.0974270 -0.1553960 -0.3489250 -1.1954440 -3.7475860
         0.9379610  0.4347230 -0.1625480 -0.2658560 -0.7201340 -0.7223340  4.8285370
         0.5200570  0.3319940 -0.1479750 -0.2329270  0.1376370  2.7509010 -0.3926750
         0.2791940  0.1196780  0.0386590  0.1881850  1.3208230 -0.6597320 -3.7726170
         0.1411090  0.0152740  0.3035940  0.5757960  0.0390320 -1.8013110  3.6464610
         0.0720550  0.0016430  0.4473500  0.3740800 -0.8284200  1.0385280 -1.0065150
         0.0368770  0.0001240  0.3065650  0.0636110 -0.1838630  0.3234930 -0.4055450
 Mo  P
         0.0185410  1.0000000
 Mo  D
       121.6940000  0.0000430 -0.0000420  0.0000560 -0.0001490  0.0003820
        37.9153000  0.0003210 -0.0003950  0.0007130 -0.0004390 -0.0002090
        13.8001000  0.0024520 -0.0024260  0.0032640 -0.0073650  0.0165020
         7.0341100 -0.0129520  0.0136530 -0.0203340  0.0369350 -0.0730110
         2.2296100  0.0869780 -0.1074850  0.2195370 -0.3927060  1.1663390
         1.2332600  0.2230470 -0.2745980  0.4896540 -0.7854210 -0.3354510
         0.6580150  0.3057440 -0.3226190  0.1146290  1.1451810 -2.1052470
         0.3408490  0.3010910 -0.0193610 -0.7253560  0.5581360  2.6473930
         0.1702370  0.2211450  0.3880950 -0.4021370 -1.2765790 -0.9034610
         0.0814650  0.1061110  0.4635180  0.5394560  0.0826430 -0.7865590
 Mo  D
         0.0364040  1.0000000
 Mo  F
         3.7483000  1.0000000
 Mo  F
         1.3601000  1.0000000
 Mo  F
         0.4935000  1.0000000
 Mo  F
         0.1791000  1.0000000
 Mo  G
         1.8089000  1.0000000
 Mo  G
         0.7028000  1.0000000
 Mo  G
         0.2731000  1.0000000
 Mo  H
         1.4359000  1.0000000
 Mo  H
         0.4989000  1.0000000
 Mo  I
         1.0504000  1.0000000
#
# BASIS SET: ( 16s 13p 11d 4f 3g 2h 1i ) -> [ 7s 7p 6d 4f 3g 2h
 Tc  S
     17206.1000000  0.0000030 -0.0000010 -0.0000020 -0.0000030 -0.0000030  0.0000250
      2992.5600000  0.0000170 -0.0000060 -0.0000110 -0.0000230 -0.0000400 -0.0001240
       736.9910000  0.0000800 -0.0000250 -0.0000590 -0.0000720 -0.0000510  0.0012600
       205.5530000  0.0002670 -0.0000930 -0.0001670 -0.0003960 -0.0007450 -0.0035430
        33.2151000  0.0078690 -0.0022740 -0.0056120 -0.0046100  0.0014000  0.1803670
        20.6748000 -0.0601480  0.0180760  0.0404370  0.0479370  0.0362900 -0.7581280
        12.9128000  0.1800930 -0.0566300 -0.1218380 -0.1744360 -0.2004820  1.3999600
         4.9296000 -0.3959580  0.1415000  0.3175450  0.4931760  0.6195120 -5.0560170
         3.0780000 -0.3043510  0.0896770  0.1761190  0.4993970  1.2301670  5.9286850
         1.4330700  0.4631650 -0.1820780 -0.4174700 -1.9457120 -7.0589450  2.6361380
         0.7850940  0.6506150 -0.3110970 -1.2362890 -1.1774070  8.0335410 -11.8324410
         0.4109580  0.2611890 -0.2195910  0.6215290  3.8949770 -1.7154560 12.9918620
         0.1635520  0.0193360  0.1661460  1.7319950 -1.4291270 -4.7009650 -10.5254010
         0.0831080 -0.0022600  0.5216880 -0.4239580 -1.7103600  5.7932860  6.9318900
         0.0412910  0.0023790  0.4406250 -0.7662060  1.2744810 -1.9433410 -1.1637260
 Tc  S
         0.0206960  1.0000000
 Tc  P
       110.0940000  0.0001580 -0.0000490 -0.0000790 -0.0001250 -0.0002190 -0.0010540
        19.3763000 -0.0035820  0.0010780  0.0016840  0.0020880  0.0039020  0.0402010
        12.1039000  0.0473040 -0.0146590 -0.0237720 -0.0385470 -0.0643300 -0.2586290
         7.5605900 -0.0901640  0.0298090  0.0481110  0.0786910  0.1283100  0.5555950
         4.4880700 -0.1347230  0.0388170  0.0666930  0.1379870  0.2820210  0.1224290
         1.8095700  0.2693510 -0.0965520 -0.1659810 -0.3919830 -1.3761600 -4.1679360
         1.0365700  0.4333910 -0.1579670 -0.2832980 -0.7350740 -0.5105690  6.0659110
         0.5792180  0.3307410 -0.1427920 -0.2222080  0.2126760  2.7459000 -1.9093600
         0.3137450  0.1231930  0.0305240  0.2074440  1.2695030 -0.8167420 -2.6276470
         0.1568500  0.0166350  0.2884550  0.5684030  0.0245080 -1.6588020  3.0442550
         0.0791520  0.0012880  0.4457180  0.3674650 -0.8141240  0.9996640 -0.8378840
         0.0399360  0.0002620  0.3220300  0.0638710 -0.1766070  0.3109130 -0.4207810
 Tc  P
         0.0198050  1.0000000
 Tc  D
       147.8790000  0.0000380 -0.0000380 -0.0000590 -0.0002210  0.0004320
        44.5973000  0.0003130 -0.0003480 -0.0006690  0.0001240 -0.0008250
        15.8122000  0.0024000 -0.0024090 -0.0036400 -0.0105590  0.0195710
         7.7441100 -0.0134860  0.0140090  0.0229510  0.0483530 -0.0868210
         2.4373000  0.0953100 -0.1101300 -0.2570080 -0.5085800  1.3937670
         1.3541800  0.2361570 -0.2888920 -0.5438730 -0.7230890 -0.9352970
         0.7240750  0.3127100 -0.3137240  0.0003200  1.4798980 -1.5827330
         0.3757400  0.2948200  0.0168230  0.7907550  0.0851340  2.6826090
         0.1881510  0.2069870  0.4061120  0.2692510 -1.1676390 -1.3200450
         0.0902200  0.0958940  0.4507060 -0.5643750  0.2485510 -0.4836410
 Tc  D
         0.0403970  1.0000000
 Tc  F
         4.2418000  1.0000000
 Tc  F
         1.5614000  1.0000000
 Tc  F
         0.5748000  1.0000000
 Tc  F
         0.2116000  1.0000000
 Tc  G
         2.0938000  1.0000000
 Tc  G
         0.8341000  1.0000000
 Tc  G
         0.3322000  1.0000000
 Tc  H
         1.6854000  1.0000000
 Tc  H
         0.6024000  1.0000000
 Tc  I
         1.2796000  1.0000000
#
# BASIS SET: ( 16s 13p 11d 4f 3g 2h 1i ) -> [ 7s 7p 6d 4f 3g 2h
 Ru  S
     19299.8000000  0.0000030 -0.0000010 -0.0000020 -0.0000030  0.0000040  0.0000230
      3177.3700000  0.0000200 -0.0000070 -0.0000140 -0.0000270  0.0000430 -0.0000980
       765.8330000  0.0000950 -0.0000300 -0.0000720 -0.0000770  0.0000790  0.0012210
       211.4960000  0.0003080 -0.0001060 -0.0002090 -0.0004640  0.0007840 -0.0032650
        35.0757000  0.0083090 -0.0023580 -0.0060060 -0.0034310 -0.0002520  0.1737770
        21.9030000 -0.0632120  0.0187130  0.0437210  0.0435600 -0.0414040 -0.7367660
        13.6802000  0.1901360 -0.0590350 -0.1337450 -0.1685750  0.2122220  1.3965620
         5.3150900 -0.4067830  0.1438090  0.3399780  0.4213160 -0.6129970 -4.9906930
         3.3134900 -0.3157160  0.0917470  0.2018620  0.6761790 -1.3029140  5.7228190
         1.5814300  0.4593270 -0.1785050 -0.4762560 -2.1415420  6.8391020  2.9121610
         0.8643690  0.6609700 -0.3084170 -1.2530110 -0.9179220 -7.3342220 -11.6124150
         0.4506120  0.2670720 -0.2157970  0.6941080  3.5933410  1.1444100 11.9740470
         0.1789360  0.0199530  0.1485450  1.6393940 -1.1992150  4.6239940 -8.5025420
         0.0912570 -0.0021010  0.4989270 -0.3814940 -1.7139110 -4.9835290  4.2242350
         0.0451000  0.0026110  0.4586780 -0.7088780  1.0266150  0.9748290  0.7743310
 Ru  S
         0.0223550  1.0000000
 Ru  P
       117.2370000  0.0001710 -0.0000510 -0.0000900 -0.0001290 -0.0002780  0.0017130
        20.7333000 -0.0037910  0.0010780  0.0017770  0.0015970  0.0057760 -0.0706410
        12.9507000  0.0494600 -0.0146490 -0.0260710 -0.0386800 -0.0753300  0.4067880
         8.0899500 -0.0935020  0.0296310  0.0524460  0.0772870  0.1453890 -0.8834800
         4.8490800 -0.1382150  0.0382110  0.0750510  0.1607700  0.3079470  0.1779200
         1.9778800  0.2683490 -0.0928960 -0.1829280 -0.4461050 -1.5692810  4.3766540
         1.1455500  0.4277090 -0.1473950 -0.3078280 -0.7576460 -0.2945160 -7.0040540
         0.6482270  0.3304950 -0.1359030 -0.2185800  0.3046770  2.7715630  3.1071030
         0.3551440  0.1309020  0.0164930  0.2422150  1.2331310 -1.0011960  1.7303090
         0.1744130  0.0189890  0.2619010  0.5764140 -0.0284230 -1.5318570 -2.5752480
         0.0869520  0.0007960  0.4379230  0.3424880 -0.8005390  1.0075060  0.7145120
         0.0431790  0.0004620  0.3491360  0.0576060 -0.1561480  0.2768800  0.4369110
 Ru  P
         0.0210170  1.0000000
 Ru  D
       126.3940000  0.0000620 -0.0000650 -0.0001260 -0.0004320  0.0007420
        38.4493000  0.0004470 -0.0004850 -0.0006780  0.0008930 -0.0022720
        14.0214000  0.0046720 -0.0047640 -0.0084960 -0.0265410  0.0464760
         8.7168300 -0.0197340  0.0206400  0.0357220  0.0806860 -0.1390570
         2.6814400  0.1027520 -0.1179830 -0.2630280 -0.6169190  1.5532480
         1.4904300  0.2437180 -0.3073060 -0.5763400 -0.6312030 -1.3228490
         0.8005330  0.3148070 -0.3048730  0.0800930  1.5959590 -1.1972270
         0.4157270  0.2913270  0.0527010  0.7885720 -0.1385200  2.5728670
         0.2077370  0.1999600  0.4182880  0.2113330 -1.0618020 -1.4467020
         0.0994320  0.0897340  0.4296250 -0.5603510  0.2800800 -0.3538990
 Ru  D
         0.0445150  1.0000000
 Ru  F
         4.7448000  1.0000000
 Ru  F
         1.7724000  1.0000000
 Ru  F
         0.6621000  1.0000000
 Ru  F
         0.2473000  1.0000000
 Ru  G
         2.4116000  1.0000000
 Ru  G
         0.9824000  1.0000000
 Ru  G
         0.4002000  1.0000000
 Ru  H
         1.9595000  1.0000000
 Ru  H
         0.7182000  1.0000000
 Ru  I
         1.5211000  1.0000000
#
# BASIS SET: ( 16s 13p 11d 4f 3g 2h 1i ) -> [ 7s 7p 6d 4f 3g 2h
 Rh  S
     21832.7000000  0.0000030 -0.0000010 -0.0000020 -0.0000030  0.0000040  0.0000210
      3389.9700000  0.0000240 -0.0000080 -0.0000170 -0.0000290  0.0000480 -0.0000690
       781.0700000  0.0001140 -0.0000360 -0.0000850 -0.0000950  0.0000980  0.0012120
       216.0190000  0.0003550 -0.0001200 -0.0002460 -0.0004910  0.0008910 -0.0030230
        37.1478000  0.0085080 -0.0023870 -0.0059450 -0.0035990 -0.0014470  0.1639110
        23.1083000 -0.0660950  0.0193000  0.0447560  0.0443220 -0.0375770 -0.7163330
        14.4317000  0.2021170 -0.0618830 -0.1402840 -0.1707100  0.2101840  1.4184520
         5.8301800 -0.3922910  0.1369210  0.3199220  0.3489400 -0.4611150 -4.7358790
         3.6414400 -0.3497620  0.1016360  0.2438410  0.7684870 -1.6108260  4.9303180
         1.7443600  0.4436390 -0.1709760 -0.4808860 -2.0291740  6.8065790  4.0258820
         0.9544830  0.6724460 -0.3020800 -1.2151130 -0.9961410 -6.5983950 -12.2373550
         0.4957220  0.2789020 -0.2162190  0.6314320  3.2909150  0.3159030 11.5918450
         0.1972170  0.0213410  0.1234140  1.5229110 -0.6266260  4.7149700 -7.0765130
         0.1007830 -0.0021650  0.4756350 -0.2015840 -1.9269000 -4.2251970  2.2917410
         0.0493120  0.0028100  0.4790980 -0.6713180  0.7139260  0.1371840  1.9790030
 Rh  S
         0.0241430  1.0000000
 Rh  P
       126.8950000  0.0001770  0.0000550 -0.0000980 -0.0001270  0.0003070  0.0027350
        22.1563000 -0.0038910 -0.0011520  0.0018920  0.0010390 -0.0066540 -0.1231310
        13.8416000  0.0512340  0.0156510 -0.0283260 -0.0381160  0.0820080  0.6519300
         8.6498500 -0.0967430 -0.0316240  0.0568270  0.0742070 -0.1565480 -1.4266700
         5.2356500 -0.1392860 -0.0394170  0.0808640  0.1808650 -0.3241510  0.7856840
         2.0960100  0.2960810  0.1048950 -0.2178660 -0.5557710  1.8842890  3.8575010
         1.1856100  0.4480270  0.1629630 -0.3557870 -0.7574480 -0.4041380 -7.3253360
         0.6548460  0.3157510  0.1292980 -0.1484260  0.6581560 -2.5452610  4.8205480
         0.3507950  0.1047680 -0.0504110  0.3299460  1.0716110  1.6096150  0.0773280
         0.1768320  0.0124100 -0.2914830  0.5494040 -0.2632840  1.0050700 -2.0257170
         0.0893810  0.0014220 -0.4350730  0.2856970 -0.7078180 -0.9612990  0.7522250
         0.0449290  0.0000690 -0.3172440  0.0470300 -0.1314850 -0.2291410  0.3812670
 Rh  P
         0.0221180  1.0000000
 Rh  D
       169.5310000  0.0000510 -0.0000540 -0.0001100 -0.0003860  0.0005000
        51.2417000  0.0004110 -0.0004690 -0.0005680  0.0006740 -0.0007080
        18.0404000  0.0030420 -0.0032240 -0.0059100 -0.0174990  0.0238930
         8.5880400 -0.0166720  0.0181670  0.0317740  0.0777310 -0.1199090
         2.9496700  0.1032810 -0.1263380 -0.2642410 -0.7081600  1.7336230
         1.6544200  0.2481940 -0.3264720 -0.5975800 -0.5498590 -1.7712510
         0.8904260  0.3174060 -0.2963840  0.1355410  1.6977800 -0.7479950
         0.4633730  0.2885080  0.0852360  0.7913050 -0.3294410  2.4181170
         0.2323630  0.1951360  0.4211570  0.1657550 -0.9849480 -1.5548010
         0.1115080  0.0869160  0.4122960 -0.5661660  0.3255790 -0.2245550
 Rh  D
         0.0498560  1.0000000
 Rh  F
         5.3897000  1.0000000
 Rh  F
         2.0281000  1.0000000
 Rh  F
         0.7631000  1.0000000
 Rh  F
         0.2872000  1.0000000
 Rh  G
         2.7314000  1.0000000
 Rh  G
         1.1306000  1.0000000
 Rh  G
         0.4680000  1.0000000
 Rh  H
         2.2344000  1.0000000
 Rh  H
         0.8332000  1.0000000
 Rh  I
         1.7562000  1.0000000
#
# BASIS SET: ( 16s 13p 11d 4f 3g 2h 1i ) -> [ 7s 7p 6d 4f 3g 2h
 Pd  S
     23205.8000000  0.0000040 -0.0000010 -0.0000030 -0.0000030  0.0000050  0.0000210
      3771.3900000  0.0000260 -0.0000080 -0.0000180 -0.0000290  0.0000500 -0.0000440
       844.9990000  0.0001310 -0.0000400 -0.0000910 -0.0001140  0.0001360  0.0011420
       225.9440000  0.0004110 -0.0001360 -0.0002830 -0.0005170  0.0009530 -0.0025270
        38.8963000  0.0090500 -0.0024860 -0.0057460 -0.0045640  0.0001240  0.1585010
        24.1744000 -0.0704390  0.0201470  0.0444640  0.0489840 -0.0460830 -0.7129760
        15.0365000  0.2205020 -0.0662560 -0.1445380 -0.1846820  0.2371650  1.4991850
         6.3733900 -0.3870080  0.1325870  0.2911970  0.3146920 -0.3984760 -4.6944470
         3.9804400 -0.3797990  0.1092390  0.2762860  0.8163900 -1.8326780  4.5188420
         1.9137000  0.4295680 -0.1627670 -0.4601500 -1.8779410  6.8724880  4.6444410
         1.0468500  0.6843810 -0.2960000 -1.1330410 -1.1420460 -6.1783150 -12.5365850
         0.5411240  0.2882870 -0.2160960  0.4924230  3.0474940 -0.2248680 11.3925910
         0.2196040  0.0221970  0.0963740  1.3766480 -0.1049950  4.6156480 -6.2020290
         0.1112430 -0.0015960  0.4558370  0.0484350 -2.0487230 -3.4660850  1.0900570
         0.0534930  0.0027420  0.4989750 -0.6259790  0.3851940 -0.4541080  2.5822440
 Pd  S
         0.0257800  1.0000000
 Pd  P
       135.2730000  0.0001860  0.0000520 -0.0001040 -0.0001310 -0.0003150  0.0026410
        23.0761000 -0.0042710 -0.0011170  0.0019740  0.0009520  0.0070780 -0.1240410
        14.4134000  0.0572330  0.0158880 -0.0321810 -0.0422710 -0.0921880  0.6943910
         9.0041900 -0.1141790 -0.0339130  0.0679970  0.0863860  0.1858700 -1.6053290
         5.4158400 -0.1393110 -0.0359330  0.0879620  0.2024090  0.3626280  0.9787740
         2.3507900  0.2759960  0.0898220 -0.2180220 -0.5619670 -1.9075530  3.7381710
         1.3344000  0.4534040  0.1469780 -0.3798210 -0.7866710  0.2850310 -7.0266130
         0.7335470  0.3309520  0.1251760 -0.1555920  0.6594830  2.6540280  4.4199910
         0.3901660  0.1132910 -0.0286040  0.3620100  1.0680100 -1.6918510  0.2264390
         0.1885570  0.0133410 -0.2727070  0.5655060 -0.3256270 -0.9002340 -2.0342680
         0.0914820  0.0008830 -0.4437890  0.2574090 -0.6924840  0.9919570  0.8948020
         0.0443940  0.0001700 -0.3369100  0.0354870 -0.0896270  0.1504650  0.2625200
 Pd  P
         0.0213240  1.0000000
 Pd  D
       167.0870000  0.0000670 -0.0000710 -0.0001380 -0.0004510  0.0004100
        50.0032000  0.0005480 -0.0006690 -0.0007620  0.0004420  0.0008160
        16.8214000  0.0048040 -0.0050930 -0.0090550 -0.0252640  0.0269820
         8.3725000 -0.0260080  0.0289100  0.0494340  0.1211200 -0.1669320
         3.2530000  0.1117880 -0.1420360 -0.2791340 -0.8240850  1.9129540
         1.8099900  0.2537740 -0.3472040 -0.6165230 -0.4459430 -2.1612950
         0.9770620  0.3178150 -0.2840980  0.1959360  1.7601450 -0.3296250
         0.5108750  0.2844650  0.1173250  0.7916730 -0.4859570  2.2594400
         0.2575330  0.1902230  0.4242370  0.1203390 -0.9235150 -1.6367960
         0.1240940  0.0840140  0.3951490 -0.5738380  0.3647560 -0.1129480
 Pd  D
         0.0555480  1.0000000
 Pd  F
         6.0582000  1.0000000
 Pd  F
         2.2929000  1.0000000
 Pd  F
         0.8678000  1.0000000
 Pd  F
         0.3284000  1.0000000
 Pd  G
         3.0536000  1.0000000
 Pd  G
         1.2845000  1.0000000
 Pd  G
         0.5403000  1.0000000
 Pd  H
         2.5202000  1.0000000
 Pd  H
         0.9498000  1.0000000
 Pd  I
         2.0051000  1.0000000
END

 ECP
 Y  nelec 28 ! # core electrons
 Y ul
  2          1.0               0.0
 Y  S
  2          7.85827500      135.13497400
  2          3.38212800       15.41163200
 Y  P
  2          6.84979100       29.25143700
  2          6.71009200       58.50836300
  2          3.04215900        3.78024300
  2          2.93733000        7.67654700
 Y  D
  2          5.41631500       11.84991100
  2          5.33341600       17.77810300
  2          1.97621200        2.06238300
  2          1.96111100        3.07565000
 Y  F
  2          5.02859000       -6.92807800
  2          5.00558200       -9.15509900
 Zr nelec 28 ! # core electrons
 Zr ul
  2          1.0               0.0
 Zr S
  2          8.63652800      150.24299400
  2          3.71763900       18.78003600
 Zr P
  2          7.62672800       33.19279100
  2          7.45320700       66.38903900
  2          3.35838900        4.62072600
  2          3.22973800        9.26027000
 Zr D
  2          5.93808600       13.99338300
  2          5.82554400       20.99588200
  2          2.20501900        2.28516600
  2          2.20629200        3.44126000
 Zr F
  2          4.80021500       -5.23932000
  2          4.79899200       -6.98742400
 Nb nelec 28 ! # core electrons
 Nb ul
  2          1.0               0.0
 Nb S
  2          9.37657800      165.15673600
  2          4.04357200       21.82395100
 Nb P
  2          8.36360900       37.24928400
  2          8.16689800       74.50738900
  2          3.69307500        5.43948600
  2          3.55104700       10.91325200
 Nb D
  2          6.68910800       15.21454900
  2          6.53719300       22.83350800
  2          2.55111800        3.00005200
  2          2.56789600        4.55373400
 Nb F
  2          5.56828500       -6.28135400
  2          5.67137200       -8.75564400
 Mo nelec 28 ! # core electrons
 Mo ul
  2          1.0               0.0
 Mo S
  2         10.09700000      180.07685300
  2          4.37567000       24.71592000
 Mo P
  2          9.12656400       41.22767800
  2          8.86322300       82.45267000
  2          4.04494800        6.34509200
  2          3.86665700       12.45842300
 Mo D
  2          7.53575400       19.30874400
  2          7.27897600       28.97767400
  2          2.76320500        3.18951600
  2          2.77208500        4.70016900
 Mo F
  2          6.30663300       -7.17888800
  2          6.35644800       -9.74597800
 Tc nelec 28 ! # core electrons
 Tc ul
  2          1.0               0.0
 Tc S
  2         10.79936900      195.09130300
  2          4.70725700       27.34041300
 Tc P
  2          9.82669900       45.06081200
  2          9.56111500       90.11729500
  2          4.37857800        7.07051700
  2          4.19090700       14.04801900
 Tc D
  2          8.33604500       21.65775500
  2          8.24453300       32.47195900
  2          3.09370700        3.78952500
  2          3.16872200        6.05343000
 Tc F
  2          7.04094000       -7.99562300
  2          7.06947300      -10.74569600
 Ru nelec 28 ! # core electrons
 Ru ul
  2          1.0               0.0
 Ru S
  2         11.50059000      209.78649300
  2          5.06857500       30.21430700
 Ru P
  2         10.53263400       48.75124400
  2         10.19201000       97.49652900
  2          4.73489200        7.86018800
  2          4.50906500       15.32975100
 Ru D
  2          8.87797700       26.96750600
  2          8.76612200       40.43230300
  2          3.17019600        3.34075800
  2          3.22885100        5.25635200
 Ru F
  2          7.82024900       -8.84752500
  2          7.83964700      -11.83551800
 Rh nelec 28 ! # core electrons
 Rh ul
  2          1.0               0.0
 Rh S
  2         12.19481600      225.31205400
  2          5.40513700       32.44158200
 Rh P
  2         11.28075500       52.87282600
  2         10.92724800      105.74552600
  2          5.09011700        8.61934400
  2          4.85183200       16.97345900
 Rh D
  2          9.13633700       25.10850100
  2          8.96480800       37.69573100
  2          3.64361200        4.20258400
  2          3.63600700        6.29279000
 Rh F
  2          8.61622800       -9.67356800
  2          8.62943500      -12.89984700
 Pd nelec 28 ! # core electrons
 Pd ul
  2          1.0               0.0
 Pd S
  2         12.79882500      240.26278900
  2          5.80052800       34.72996100
 Pd P
  2         11.87469700       56.74692900
  2         11.47433500      113.44441700
  2          5.51599900        9.34563900
  2          5.24804300       18.34544700
 Pd D
  2          8.50221200       28.59555400
  2          7.98332400       43.45392100
  2          3.10762800        1.85228600
  2          2.47673400        1.40676500
 Pd F
  2          9.67957100      -10.98725500
  2          9.69134900      -14.62619000
 END
