
 BASIS &quot;aobasis&quot; print
 Hf  S
        29.2650000   0.0294330  -0.0090770   0.0309420
        18.3491000  -0.1987340   0.0611920  -0.1631770
        11.5257000   0.4359330  -0.1354740   0.3100050
         4.3859900  -0.7730970   0.2530470  -0.5289420
         0.8910800   0.8677580  -0.3699320   1.2562440
         0.4057400   0.4202920  -0.3314430  -0.4970260
         0.0950670   0.0131930   0.6577990  -1.8102840
 Hf  S
         0.0358680   1.0000000
 Hf  S
         0.0135000   1.0000000
 Hf  P
         7.1199600   0.1786130  -0.0485910  -0.0658780
         4.6018200  -0.5085500   0.1398590   0.1871460
         2.9004600   0.1812060  -0.0462230  -0.0488380
         0.9377910   0.6364370  -0.2282940  -0.3615180
         0.3915000   0.4348840  -0.1575630  -0.1743340
         0.1071520   0.0442170   0.5288190   0.9190410
 Hf  P
         0.0367710   1.0000000
 Hf  P
         0.0126000   1.0000000
 Hf  D
         7.4982700   0.0144910  -0.0165460
         4.6961800  -0.0529680   0.0618730
         1.0636000   0.2380440  -0.3167410
         0.4188210   0.4352750  -0.5274120
         0.1545660   0.4244200   0.3428660
 Hf  D
         0.0526440   1.0000000
 Hf  D
         0.0179000   1.0000000
 Hf  F
         0.2700000   1.0000000
 Hf  F
         0.0824000   1.0000000
 Ta  S
        29.8670000   0.0287250  -0.0091320   0.0324720
        18.7203000  -0.1985810   0.0630170  -0.1723550
        11.7533000   0.4482880  -0.1437480   0.3341840
         4.5708900  -0.7983960   0.2705360  -0.5725580
         0.9478400   0.8861040  -0.4015970   1.3652610
         0.4340380   0.4136940  -0.3195670  -0.6032250
         0.1050310   0.0121460   0.6651050  -1.7315730
 Ta  S
         0.0389480   1.0000000
 Ta  S
         0.0144000   1.0000000
 Ta  P
         7.3652400   0.1796820  -0.0508780  -0.0697670
         4.7544000  -0.5211000   0.1495500   0.2016550
         2.9959500   0.1911040  -0.0507540  -0.0482900
         0.9941230   0.6464550  -0.2483790  -0.4247200
         0.4196000   0.4240400  -0.1478010  -0.1275720
         0.1182390   0.0425600   0.5415390   0.9415430
 Ta  P
         0.0401010   1.0000000
 Ta  P
         0.0136000   1.0000000
 Ta  D
         7.5616000   0.0178690  -0.0205840
         4.7408700  -0.0661360   0.0780240
         1.1697500   0.2554580  -0.3544000
         0.4793100   0.4454920  -0.5155940
         0.1837040   0.4029670   0.4207610
 Ta  D
         0.0644090   1.0000000
 Ta  D
         0.0226000   1.0000000
 Ta  F
         0.3735000   1.0000000
 Ta  F
         0.1286000   1.0000000
 W   S
        31.1844000   0.0268990  -0.0086330   0.0314780
        19.5385000  -0.1892380   0.0609770  -0.1676990
        12.2602000   0.4339650  -0.1418640   0.3282920
         4.7203700  -0.8043720   0.2797320  -0.5865250
         1.0095700   0.9015400  -0.4285050   1.4154490
         0.4634560   0.4101950  -0.3050150  -0.6488270
         0.1137920   0.0110440   0.6713040  -1.6892530
 W   S
         0.0416420   1.0000000
 W   S
         0.0152000   1.0000000
 W   P
         7.7873800   0.1852090  -0.0535080  -0.0749390
         5.0493000  -0.5283120   0.1546790   0.2120220
         3.1860200   0.1871580  -0.0504270  -0.0424460
         1.0593700   0.6560130  -0.2604500  -0.4793750
         0.4491060   0.4179250  -0.1384050  -0.0766750
         0.1276250   0.0409650   0.5459010   0.9477960
 W   P
         0.0427440   1.0000000
 W   P
         0.0143000   1.0000000
 W   D
         8.3098300   0.0219490  -0.0263810
         5.2246300  -0.0773760   0.0952520
         1.2952900   0.2632410  -0.3960520
         0.5397610   0.4595460  -0.5079960
         0.2089270   0.3922120   0.5236000
 W   D
         0.0731130   1.0000000
 W   D
         0.0256000   1.0000000
 W   F
         0.4769000   1.0000000
 W   F
         0.1768000   1.0000000
 Re  S
        33.0133000   0.0221330  -0.0070680   0.0274240
        20.6658000  -0.1618310   0.0530520  -0.1468310
        12.9498000   0.3812300  -0.1282310   0.2908580
         4.7782300  -0.7875220   0.2853960  -0.5801000
         1.0858000   0.8980810  -0.4487810   1.4204980
         0.5000250   0.4224690  -0.2976680  -0.6321790
         0.1210690   0.0172060   0.6634730  -1.6875030
 Re  S
         0.0438810   1.0000000
 Re  S
         0.0159000   1.0000000
 Re  P
         8.6759800   0.1394900  -0.0412390  -0.0651350
         5.6538200  -0.3569770   0.1083450   0.1725300
         1.4063900   0.4818040  -0.1688840  -0.2649320
         0.6920560   0.5117960  -0.2386860  -0.4743410
         0.3163520   0.1708180   0.0632430   0.3991830
         0.1093090   0.0097820   0.6102210   0.8030920
 Re  P
         0.0385810   1.0000000
 Re  P
         0.0136000   1.0000000
 Re  D
         8.6719700   0.0171910  -0.0203340
         5.4414200  -0.0665390   0.0775390
         1.3750800   0.2711570  -0.3686920
         0.5838300   0.4487710  -0.4745880
         0.2293620   0.3778590   0.4599950
 Re  D
         0.0808850   1.0000000
 Re  D
         0.0285000   1.0000000
 Re  F
         0.5533000   1.0000000
 Re  F
         0.2126000   1.0000000
 Os  S
        34.5933000   0.0194050  -0.0059240   0.0286790
        21.6442000  -0.1468750   0.0475810  -0.1533520
        13.5521000   0.3551890  -0.1198590   0.3066570
         4.8950800  -0.7883690   0.2905900  -0.6590400
         1.1634600   0.9033000  -0.4633260   1.6880660
         0.5380840   0.4302560  -0.2910580  -0.9098660
         0.1306730   0.0181640   0.6489970  -1.5178370
 Os  S
         0.0469820   1.0000000
 Os  S
         0.0169000   1.0000000
 Os  P
         9.1259400   0.1316100  -0.0379630  -0.0676070
         5.8907300  -0.3487910   0.1036120   0.1858450
         1.4397800   0.5276330  -0.1857190  -0.3480470
         0.6929760   0.5000040  -0.2213770  -0.4511480
         0.3084380   0.1387070   0.0960590   0.5586130
         0.1086800   0.0055910   0.6029380   0.7068530
 Os  P
         0.0381830   1.0000000
 Os  P
         0.0134000   1.0000000
 Os  D
         9.3395000   0.0158420  -0.0209240
         5.8557100  -0.0635100   0.0807150
         1.4647600   0.2828700  -0.4242800
         0.6312200   0.4507810  -0.4620180
         0.2506620   0.3664550   0.5555660
 Os  D
         0.0891640   1.0000000
 Os  D
         0.0317000   1.0000000
 Os  F
         0.6278000   1.0000000
 Os  F
         0.2478000   1.0000000
 Ir  S
        36.0577000   0.0172890  -0.0049480   0.0290550
        22.5516000  -0.1359910   0.0431240  -0.1546790
        14.1116000   0.3386690  -0.1138030   0.3116730
         5.0447500  -0.7941690   0.2953180  -0.7039290
         1.2441700   0.9080010  -0.4732180   1.8161160
         0.5769240   0.4378070  -0.2840000  -1.0291110
         0.1394660   0.0187690   0.6351880  -1.4393180
 Ir  S
         0.0497400   1.0000000
 Ir  S
         0.0177000   1.0000000
 Ir  P
         9.5858000   0.1256510  -0.0379390  -0.0740030
         6.1408800  -0.3433060   0.1069870   0.2101790
         1.4976000   0.5536780  -0.2083670  -0.4612670
         0.7141440   0.4910420  -0.2217720  -0.3768670
         0.3120660   0.1228370   0.1266520   0.6521120
         0.1151600   0.0033780   0.6103680   0.6073860
 Ir  P
         0.0412770   1.0000000
 Ir  P
         0.0148000   1.0000000
 Ir  D
         9.9606900   0.0154630  -0.0198010
         6.2430300  -0.0631200   0.0777020
         1.5631700   0.2923090  -0.4252400
         0.6819400   0.4527480  -0.4331870
         0.2734460   0.3571590   0.4752470
 Ir  D
         0.0980080   1.0000000
 Ir  D
         0.0351000   1.0000000
 Ir  F
         0.7127000   1.0000000
 Ir  F
         0.2898000   1.0000000
 Pt  S
        37.3750000   0.0156980  -0.0041400   0.0303040
        23.3685000  -0.1285150   0.0396870  -0.1595530
        14.6164000   0.3299960  -0.1100630   0.3222870
         5.2209620  -0.8039770   0.3003960  -0.7469090
         1.3267320   0.9127650  -0.4809750   1.9183060
         0.6163210   0.4444260  -0.2769970  -1.1164460
         0.1480680   0.0192250   0.6216130  -1.3836520
 Pt  S
         0.0523910   1.0000000
 Pt  S
         0.0185000   1.0000000
 Pt  P
         9.9926800   0.1240460  -0.0346870  -0.0771530
         6.3831700  -0.3446320   0.0999320   0.2234940
         1.5696500   0.5711200  -0.2018840  -0.5228040
         0.7427790   0.4873560  -0.1984590  -0.3298980
         0.3180200   0.1119590   0.1230340   0.7297730
         0.1141460   0.0019280   0.5955770   0.5372880
 Pt  P
         0.0398630   1.0000000
 Pt  P
         0.0139000   1.0000000
 Pt  D
        10.4126000   0.0150800  -0.0198660
         6.5226600  -0.0622950   0.0796630
         1.6643000   0.3006490  -0.4687940
         0.7342080   0.4539610  -0.4051740
         0.2974070   0.3490010   0.5192890
 Pt  D
         0.1075990   1.0000000
 Pt  D
         0.0389000   1.0000000
 Pt  F
         0.8018000   1.0000000
 Pt  F
         0.3357000   1.0000000
 END

 ECP
Hf nelec 60 ! # core electrons
Hf ul
  2          1.00000000        0.00000000
Hf S
  2         10.24885600      478.23740400
  4         10.72912700        0.38802400
  2          1.96485600       -1.07123200
Hf P
  2          8.68346200      101.04681800
  2          7.91692000      212.19776100
  4          9.37924300        0.13264600
  4          8.24420900        0.45310800
  2          1.59668600       -0.40791400
  2          1.71028100       -0.56181700
Hf D
  2          5.18955700       43.11546700
  2          5.25322900       65.93473200
  4          5.93787100        0.02591200
  4          5.71290600        0.03374100
  2          1.01485600       -0.28057900
  2          0.47371200       -0.08484900
Hf F
  2          1.91260800        4.81180100
  2          1.88074000        6.41857400
Hf G
  2          2.72418000       -4.63658500
  2          2.70895300       -5.76728800
Ta nelec 60 ! # core electrons
Ta ul
  2          1.00000000        0.00000000
Ta S
  2         10.31806900      454.60064900
  4         10.54026700        2.83797500
  2          2.57472600       -0.81473600
Ta P
  2          8.74334200       96.91078300
  2          7.91622300      195.85043200
  4          9.27573600        4.81252400
  4          8.10167500        6.33851200
  2          2.07712700       -0.45917300
  2          2.75037200       -0.64458600
Ta D
  2          5.44731400       45.96997600
  2          5.21254500       69.63897200
  4          5.88435800        0.80293300
  4          5.64957900        0.42959500
  2          1.38818000       -0.30722700
  2          1.29439800       -0.46156000
Ta F
  2          2.16127500        5.75777300
  2          2.12593900        7.67816700
Ta G
  2          3.14592000       -5.68406600
  2          3.12794200       -7.06231300
W  nelec 60 ! # core electrons
W  ul
  2          1.00000000        0.00000000
W  S
  2         11.06379500      419.22759900
  2          8.21764100       41.19130700
W  P
  2          9.33818800      107.34811000
  2          8.43044800      214.69956800
  4          9.49002000        0.02544200
  4          9.48994700        0.05189500
  2          1.88299700       -0.11718400
  2          1.90697200        0.29668900
W  D
  2          6.20543300       58.88127900
  2          6.12215700       98.68355600
  4          6.27455600        0.01953700
  4          6.22637500        0.02195600
  2          1.96387500       -0.08857700
  2          1.88828700       -0.20972600
W  F
  2          2.30795300        6.23247200
  2          2.27060900        8.31134500
W  G
  2          3.58349100       -6.80294400
  2          3.56251500       -8.44323200
Re nelec 60 ! # core electrons
Re ul
  2          1.00000000        0.00000000
Re S
  2         12.16381400      421.97030000
  2          7.10759500       50.13443900
Re P
  2          9.68459700       88.48191000
  2          9.47621400      176.78722000
  2          7.66806600       10.43433800
  2          5.05515600       20.45874300
Re D
  2          6.50988800       43.16243100
  2          6.09121600       64.76775900
  2          4.16400600        5.34030100
  2          4.40737900        8.24333200
Re F
  2          2.56265800        7.24454300
  2          2.52154900        9.65926600
Re G
  2          4.03459900       -7.97494000
  2          4.00962800       -9.88273600
Os nelec 60 ! # core electrons
Os ul
  2          1.00000000        0.00000000
Os S
  2         13.00200100      424.39037600
  2          6.96276300       57.12250300
Os P
  2         10.49894100       88.27900300
  2          9.99252300      176.48606400
  2          6.58824800       11.71501200
  2          5.03716700       22.91500600
Os D
  2          7.08344100       44.77770800
  2          6.72117900       67.15364800
  2          3.79462600        5.55038700
  2          3.74812500        8.22010400
Os F
  2          2.82627600        8.32833200
  2          2.78119800       11.10310200
Os G
  2          4.49698100       -9.18134300
  2          4.46773800      -11.36160400
Ir nelec 60 ! # core electrons
Ir ul
  2          1.00000000        0.00000000
Ir S
  2         13.83147400      426.95814900
  2          7.04791400       65.33881300
Ir P
  2         11.10643300       88.07544200
  2         10.45655200      176.12477000
  2          6.37961400       12.68226000
  2          5.06472600       24.63594900
Ir D
  2          7.54875400       46.43325800
  2          7.26530800       69.63807400
  2          3.80096900        6.15024800
  2          3.71828000        9.46356000
Ir F
  2          3.09870600        9.48361000
  2          3.04946100       12.64274200
Ir G
  2          4.96979000      -10.41069700
  2          4.93561400      -12.86319600
Pt nelec 60 ! # core electrons
Pt ul
  2          1.00000000        0.00000000
Pt S
  2         14.60450000      429.64608700
  2          7.21828700       73.15688400
Pt P
  2         11.57716200       88.02291700
  2         10.88384300      175.99819600
  2          6.42440300       13.68227400
  2          5.22419800       27.41465100
Pt D
  2          7.69961000       43.55785200
  2          7.55080800       65.36910800
  2          3.96116400        7.01859600
  2          3.87277700       11.39173300
Pt F
  2          3.37986900       10.71022000
  2          3.32625500       14.27812500
Pt G
  2          5.45202000      -11.65174900
  2          5.41258500      -14.37552500
 END
