 basis &quot;aobasis&quot; print
 Sc  S
 119495000.0000000   0.0000001  -0.0000000   0.0000000  -0.0000000   0.0000000  -0.0000000 -0.0000000   0.0000000
  21499200.0000000   0.0000004  -0.0000002   0.0000000  -0.0000000   0.0000000  -0.0000000 -0.0000000   0.0000001
   4807030.0000000   0.0000025  -0.0000014   0.0000003  -0.0000001   0.0000001  -0.0000002 -0.0000002   0.0000003
   1284400.0000000   0.0000114  -0.0000066   0.0000013  -0.0000003   0.0000005  -0.0000008 -0.0000009   0.0000015
    396595.0000000   0.0000445  -0.0000258   0.0000050  -0.0000012   0.0000021  -0.0000032 -0.0000037   0.0000055
    137575.0000000   0.0001513  -0.0000877   0.0000170  -0.0000041   0.0000071  -0.0000111 -0.0000120   0.0000199
     52366.8000000   0.0004641  -0.0002691   0.0000521  -0.0000125   0.0000215  -0.0000335 -0.0000397   0.0000569
     21454.9000000   0.0013118  -0.0007615   0.0001476  -0.0000355   0.0000621  -0.0000965 -0.0001028   0.0001752
      9316.0600000   0.0034745  -0.0020200   0.0003921  -0.0000944   0.0001613  -0.0002509 -0.0003034   0.0004211
      4235.4000000   0.0087031  -0.0050809   0.0009900  -0.0002384   0.0004183  -0.0006492 -0.0006771   0.0011937
      1997.4400000   0.0206605  -0.0121512   0.0023835  -0.0005737   0.0009766  -0.0015202 -0.0018763   0.0025206
       970.4300000   0.0460512  -0.0275228   0.0054757  -0.0013187   0.0023246  -0.0036077 -0.0036719   0.0067266
       483.2710000   0.0941440  -0.0579725   0.0118310  -0.0028492   0.0048270  -0.0075242 -0.0095360   0.0123081
       245.8060000   0.1684787  -0.1101259   0.0235748  -0.0056842   0.0101000  -0.0156894 -0.0153068   0.0300846
       127.3600000   0.2427557  -0.1781088   0.0414024  -0.0099914   0.0167344  -0.0262005 -0.0354567   0.0414379
        67.0788000   0.2400019  -0.2198344   0.0581873  -0.0140971   0.0258196  -0.0402195 -0.0329416   0.0847956
        35.8371000   0.1296899  -0.1529949   0.0459613  -0.0111655   0.0165901  -0.0266263 -0.0583931   0.0241550
        19.3713000   0.0517928   0.0567812  -0.0284706   0.0069123  -0.0059938   0.0103293 0.0653866   0.0282466
        10.5571000   0.0893260   0.3530772  -0.1817584   0.0455816  -0.0926521   0.1480576 0.0631898  -0.4174669
         5.7724900   0.1143741   0.4663403  -0.3512111   0.0921990  -0.1475540   0.2660165 0.5906996  -0.5850258
         3.1454000   0.0537844   0.2199163  -0.2324215   0.0623778  -0.1531648   0.2494336 -0.1332877  -0.4454488
         1.6924900   0.0070758   0.0288919   0.2277188  -0.0719459   0.2278575  -0.5406974 -0.3017064   4.1273360
         0.8886490   0.0004599   0.0007763   0.5757256  -0.1917054   0.3441065  -1.0455560 -2.9699010  -2.3051760
         0.4710930  -0.0000458  -0.0008474   0.4062223  -0.2379872   0.7482063  -0.1827419 4.8140880  -5.7106890
         0.2492860   0.0000170  -0.0001234   0.0852529  -0.1129999  -0.7586006   2.7494060 -0.8352144   9.5485720
         0.0999880  -0.0000048  -0.0000125   0.0039755   0.3424078  -1.4928450  -1.3299880 -4.4018360  -8.5637150
         0.0463690   0.0000115   0.0000391   0.0019544   0.6263064   0.7089234  -1.6513890 5.7299890   6.1856110
 Sc  S
         0.0216060   1.0000000
 Sc  S
         0.0100700   1.0000000
 Sc  P
     55070.5000000   0.0000020  -0.0000010   0.0000000   0.0000000   0.0000000   0.0000000 -0.0000010
     13741.7000000   0.0000210  -0.0000070   0.0000020   0.0000020   0.0000040  -0.0000060 -0.0000070
      4365.4000000   0.0001300  -0.0000420   0.0000100   0.0000120   0.0000270  -0.0000240 -0.0000430
      1642.2600000   0.0006120  -0.0002010   0.0000490   0.0000590   0.0001150  -0.0001730 -0.0002170
       694.0660000   0.0023970  -0.0007890   0.0001930   0.0002320   0.0004920  -0.0004550 -0.0008070
       317.7420000   0.0080730  -0.0026690   0.0006490   0.0007880   0.0015270  -0.0022750 -0.0028870
       153.8990000   0.0237260  -0.0079220   0.0019420   0.0023300   0.0049360  -0.0045430 -0.0081610
        77.7665000   0.0606200  -0.0205980   0.0050220   0.0060940   0.0117470  -0.0177420 -0.0227130
        40.6736000   0.1298550  -0.0453750   0.0111750   0.0133760   0.0286030  -0.0242710 -0.0473960
        21.9061000   0.2210980  -0.0796320   0.0194730   0.0237010   0.0443600  -0.0756110 -0.0896800
        12.0795000   0.2932320  -0.1106180   0.0276470   0.0327890   0.0761920  -0.0448790 -0.1077940
         6.7534900   0.2767500  -0.1082040   0.0264660   0.0329090   0.0576060  -0.1899630 -0.1913740
         3.7632100   0.1477940  -0.0009200  -0.0014600  -0.0022310   0.0239870   0.1273510 0.0367240
         2.0497300   0.0320240   0.2175660  -0.0649950  -0.0736110  -0.2155680   0.1161170 1.2010160
         1.0864500   0.0002890   0.3921900  -0.1156050  -0.1369540  -0.3753780   1.3486980 0.3399550
         0.5640870  -0.0014670   0.3639770  -0.1382000  -0.1677060  -0.4369340  -1.5123110 -3.8022890
         0.2810200  -0.0007670   0.1499530   0.0072810  -0.0526860   1.2224720  -0.9436110 4.4488760
         0.1215440  -0.0000580   0.0151470   0.3621410   0.5744330   0.4294290   2.3074500 -2.5130960
         0.0534590  -0.0000110   0.0005690   0.5420120   0.5236500  -0.9345890  -1.2172370 0.4021440
 Sc  P
         0.0232150   1.0000000
 Sc  P
         0.0100800   1.0000000
 Sc  D
       205.6060000   0.0002380  -0.0002430  -0.0003220  -0.0004530  -0.0005240
        61.0227000   0.0021670  -0.0022140  -0.0028760  -0.0037960  -0.0067930
        23.3630000   0.0108490  -0.0111070  -0.0148180  -0.0207730  -0.0263190
         9.9634600   0.0358810  -0.0369700  -0.0484380  -0.0654460  -0.1219320
         4.4894500   0.0934910  -0.0978150  -0.1307580  -0.1943420  -0.2498200
         2.1179500   0.1810760  -0.1845670  -0.2428420  -0.3147140  -0.6181690
         1.0120180   0.2575930  -0.2472790  -0.2844310  -0.2516280   0.9989180
         0.4810450   0.2918550  -0.2053770   0.1037260   1.0853150   0.5962450
         0.2264880   0.2690060   0.1036720   0.7430280  -0.0129180  -2.1382430
         0.1050570   0.1881740   0.4618980   0.0953370  -1.2437830   1.9730820
         0.0476820   0.0732430   0.3834000  -0.6651170   0.7723990  -0.6527370
 Sc  D
         0.0206600   1.0000000
 Sc  D
         0.0089500   1.0000000
 Sc  F
         2.3400000   1.0000000
 Sc  F
         0.7657000   1.0000000
 Sc  F
         0.2505000   1.0000000
 Sc  F
         0.0820000   1.0000000
 Sc  F
         0.0248200   1.0000000
 Sc  G
         1.7272000   1.0000000
 Sc  G
         0.5445000   1.0000000
 Sc  G
         0.1717000   1.0000000
 Sc  G
         0.0488400   1.0000000
 Sc  H
         1.1592000   1.0000000
 Sc  H
         0.3308000   1.0000000
 Sc  H
         0.0948900   1.0000000
 Sc  I
         0.5720000   1.0000000
 Sc  I
         0.1386300   1.0000000
end
