# ref: N.J. DeYonker, K.A. Peterson, A.K. Wilson, JPC A 111, 11383 (2007)
basis &quot;ao basis&quot; print
br s
10639000.000000	0.000006	-0.000002	0.000001	-0.000000	0.000000	0.000000	0.000000	0.000000	0.000000
1593400.000000	0.000046	-0.000015	0.000006	-0.000002	0.000000	0.000000	0.000000	0.000000	0.000000
362610.000000	0.000242	-0.000076	0.000030	-0.000009	0.000000	0.000000	0.000000	0.000000	0.000000
102700.000000	0.001023	-0.000321	0.000128	-0.000039	0.000000	0.000000	0.000000	0.000000	0.000000
33501.000000	0.003711	-0.001171	0.000466	-0.000143	0.000000	0.000000	0.000000	0.000000	0.000000
12093.000000	0.011978	-0.003797	0.001510	-0.000463	0.000000	0.000000	0.000000	0.000000	0.000000
4715.900000	0.034693	-0.011231	0.004485	-0.001375	0.000000	0.000000	0.000000	0.000000	0.000000
1955.600000	0.089124	-0.029928	0.011983	-0.003678	0.000000	0.000000	0.000000	0.000000	0.000000
852.610000	0.193456	-0.071271	0.028957	-0.008898	0.000000	0.000000	0.000000	0.000000	0.000000
387.670000	0.320902	-0.140314	0.058157	-0.017953	0.000000	0.000000	0.000000	0.000000	0.000000
182.680000	0.329923	-0.203076	0.088813	-0.027573	0.000000	0.000000	0.000000	0.000000	0.000000
88.245000	0.149412	-0.096099	0.044524	-0.014095	0.000000	0.000000	0.000000	0.000000	0.000000
39.263000	0.014994	0.355809	-0.206039	0.067256	0.000000	0.000000	0.000000	0.000000	0.000000
19.234000	-0.000916	0.592179	-0.512702	0.176693	0.000000	0.000000	0.000000	0.000000	0.000000
9.405700	0.000438	0.221598	-0.150935	0.052886	0.000000	0.000000	0.000000	0.000000	0.000000
4.160100	-0.000240	0.013765	0.678920	-0.307596	0.000000	0.000000	0.000000	0.000000	0.000000
1.899500	0.000074	0.000839	0.581770	-0.470066	0.000000	0.000000	0.000000	0.000000	0.000000
0.604720	-0.000037	-0.000045	0.046755	0.255876	1.000000	0.000000	0.000000	0.000000	0.000000
0.301140	0.000024	-0.000008	-0.011182	0.698034	0.000000	0.000000	0.000000	0.000000	0.000000
0.125150	-0.000006	-0.000012	0.002440	0.296726	0.000000	1.000000	0.000000	0.000000	0.000000
3.001500	0.000000	0.000000	0.000000	0.000000	0.000000	0.000000	1.000000	0.000000	0.000000
4.793200	0.000000	0.000000	0.000000	0.000000	0.000000	0.000000	0.000000	1.000000	0.000000
0.045593	0.000000	0.000000	0.000000	0.000000	0.000000	0.000000	0.000000	0.000000	1.000000
br p
8676.500000	0.000436	-0.000175	0.000045	0.000000	0.000000	0.000000	0.000000	0.000000
2055.900000	0.003782	-0.001526	0.000396	0.000000	0.000000	0.000000	0.000000	0.000000
666.230000	0.020478	-0.008340	0.002155	0.000000	0.000000	0.000000	0.000000	0.000000
253.100000	0.079283	-0.033220	0.008672	0.000000	0.000000	0.000000	0.000000	0.000000
106.120000	0.217847	-0.095418	0.024868	0.000000	0.000000	0.000000	0.000000	0.000000
47.242000	0.387858	-0.182403	0.048547	0.000000	0.000000	0.000000	0.000000	0.000000
21.825000	0.359435	-0.155831	0.039616	0.000000	0.000000	0.000000	0.000000	0.000000
9.968400	0.112199	0.186790	-0.060575	0.000000	0.000000	0.000000	0.000000	0.000000
4.517100	0.004387	0.542773	-0.187170	0.000000	0.000000	0.000000	0.000000	0.000000
1.998200	0.001781	0.387331	-0.137776	0.000000	0.000000	0.000000	0.000000	0.000000
0.709880	-0.000458	0.045307	0.292802	1.000000	0.000000	0.000000	0.000000	0.000000
0.281450	0.000212	-0.004378	0.576090	0.000000	0.000000	0.000000	0.000000	0.000000
0.102040	-0.000073	0.001811	0.307862	0.000000	1.000000	0.000000	0.000000	0.000000
1.933100	0.000000	0.000000	0.000000	0.000000	0.000000	1.000000	0.000000	0.000000
4.266400	0.000000	0.000000	0.000000	0.000000	0.000000	0.000000	1.000000	0.000000
0.035142	0.000000	0.000000	0.000000	0.000000	0.000000	0.000000	0.000000	1.000000
br d
403.830000	0.001473	0.000000	0.000000	0.000000	0.000000	0.000000
121.170000	0.012672	0.000000	0.000000	0.000000	0.000000	0.000000
46.345000	0.058045	0.000000	0.000000	0.000000	0.000000	0.000000
19.721000	0.170510	0.000000	0.000000	0.000000	0.000000	0.000000
8.862400	0.318596	0.000000	0.000000	0.000000	0.000000	0.000000
3.996200	0.384502	0.000000	0.000000	0.000000	0.000000	0.000000
1.763600	0.273774	0.000000	0.000000	0.000000	0.000000	0.000000
0.706190	0.074397	1.000000	0.000000	0.000000	0.000000	0.000000
0.263900	0.000000	0.000000	1.000000	0.000000	0.000000	0.000000
1.954600	0.000000	0.000000	0.000000	1.000000	0.000000	0.000000
5.152200	0.000000	0.000000	0.000000	0.000000	1.000000	0.000000
0.104700	0.000000	0.000000	0.000000	0.000000	0.000000	1.000000
br f
0.551500	1.000000	0.000000	0.000000	0.000000
2.080200	0.000000	1.000000	0.000000	0.000000
7.585600	0.000000	0.000000	1.000000	0.000000
0.258000	0.000000	0.000000	0.000000	1.000000
br g
2.507700	1.000000
end
