****
Ga    0
S   1   1.00
  18.006600000       1.0000000000
S   1   1.00
  12.692600000       1.0000000000
S   1   1.00
  6.7402100000       1.0000000000
S   1   1.00
  1.8847200000       1.0000000000
S   1   1.00
 0.82367500000       1.0000000000
S   1   1.00
 0.44639300000       1.0000000000
S   1   1.00
 0.20614000000       1.0000000000
S   1   1.00
 0.12282000000       1.0000000000
P   1   1.00
  20.745500000       1.0000000000
P   1   1.00
  12.991500000       1.0000000000
P   1   1.00
  6.7195500000       1.0000000000
P   1   1.00
  2.0207200000       1.0000000000
P   1   1.00
 0.92243800000       1.0000000000
P   1   1.00
 0.34289200000       1.0000000000
P   1   1.00
 0.14187700000       1.0000000000
D   1   1.00
  28.052700000       1.0000000000
D   1   1.00
  6.4246400000       1.0000000000
D   1   1.00
  2.4473400000       1.0000000000
D   1   1.00
 0.92585600000       1.0000000000
D   1   1.00
 0.32033200000       1.0000000000
D   1   1.00
 0.12602300000       1.0000000000
F   1   1.00
  8.8364500000       1.0000000000
F   1   1.00
  1.1427200000       1.0000000000
F   1   1.00
 0.30342600000       1.0000000000
G   1   1.00
  9.9351800000       1.0000000000
G   1   1.00
 0.67754700000       1.0000000000
****
Ge    0
S   1   1.00
  20.539000000       1.0000000000
S   1   1.00
  13.395100000       1.0000000000
S   1   1.00
  6.9586800000       1.0000000000
S   1   1.00
  2.1277800000       1.0000000000
S   1   1.00
 0.98331000000       1.0000000000
S   1   1.00
 0.60806500000       1.0000000000
S   1   1.00
 0.23142700000       1.0000000000
S   1   1.00
 0.15858300000       1.0000000000
P   1   1.00
  23.944300000       1.0000000000
P   1   1.00
  14.692100000       1.0000000000
P   1   1.00
  7.4033600000       1.0000000000
P   1   1.00
  2.1655700000       1.0000000000
P   1   1.00
 0.96994300000       1.0000000000
P   1   1.00
 0.41716200000       1.0000000000
P   1   1.00
 0.19390900000       1.0000000000
D   1   1.00
  30.062200000       1.0000000000
D   1   1.00
  7.2159600000       1.0000000000
D   1   1.00
  2.5515000000       1.0000000000
D   1   1.00
  1.0677100000       1.0000000000
D   1   1.00
 0.42575500000       1.0000000000
D   1   1.00
 0.16975900000       1.0000000000
F   1   1.00
  9.9161700000       1.0000000000
F   1   1.00
  1.3939700000       1.0000000000
F   1   1.00
 0.42458600000       1.0000000000
G   1   1.00
  11.732000000       1.0000000000
G   1   1.00
 0.89671600000       1.0000000000
****
As    0
S   1   1.00
  21.731700000       1.0000000000
S   1   1.00
  14.587700000       1.0000000000
S   1   1.00
  7.4221800000       1.0000000000
S   1   1.00
  2.3555500000       1.0000000000
S   1   1.00
  1.1312800000       1.0000000000
S   1   1.00
 0.64432300000       1.0000000000
S   1   1.00
 0.28122500000       1.0000000000
S   1   1.00
 0.18902700000       1.0000000000
P   1   1.00
  26.109700000       1.0000000000
P   1   1.00
  15.491400000       1.0000000000
P   1   1.00
  7.6527100000       1.0000000000
P   1   1.00
  2.6031500000       1.0000000000
P   1   1.00
  1.0940900000       1.0000000000
P   1   1.00
 0.50856200000       1.0000000000
P   1   1.00
 0.24458600000       1.0000000000
D   1   1.00
  32.209000000       1.0000000000
D   1   1.00
  7.9205100000       1.0000000000
D   1   1.00
  3.1531500000       1.0000000000
D   1   1.00
  1.2959800000       1.0000000000
D   1   1.00
 0.53306500000       1.0000000000
D   1   1.00
 0.22267300000       1.0000000000
F   1   1.00
  11.104700000       1.0000000000
F   1   1.00
  1.6547400000       1.0000000000
F   1   1.00
 0.52492700000       1.0000000000
G   1   1.00
  13.586600000       1.0000000000
G   1   1.00
  1.1213000000       1.0000000000
****
Se    0
S   1   1.00
  23.401200000       1.0000000000
S   1   1.00
  15.283800000       1.0000000000
S   1   1.00
  8.1385000000       1.0000000000
S   1   1.00
  2.8362200000       1.0000000000
S   1   1.00
  1.2507900000       1.0000000000
S   1   1.00
 0.69925300000       1.0000000000
S   1   1.00
 0.31969400000       1.0000000000
S   1   1.00
 0.21057600000       1.0000000000
P   1   1.00
  29.286600000       1.0000000000
P   1   1.00
  16.843900000       1.0000000000
P   1   1.00
  7.9225700000       1.0000000000
P   1   1.00
  3.1400600000       1.0000000000
P   1   1.00
  1.2562700000       1.0000000000
P   1   1.00
 0.54900300000       1.0000000000
P   1   1.00
 0.30656400000       1.0000000000
D   1   1.00
  34.118600000       1.0000000000
D   1   1.00
  8.8012400000       1.0000000000
D   1   1.00
  3.2927800000       1.0000000000
D   1   1.00
  1.4498900000       1.0000000000
D   1   1.00
 0.63981800000       1.0000000000
D   1   1.00
 0.24811300000       1.0000000000
F   1   1.00
  12.216400000       1.0000000000
F   1   1.00
  1.9759600000       1.0000000000
F   1   1.00
 0.62048900000       1.0000000000
G   1   1.00
  15.467700000       1.0000000000
G   1   1.00
  1.3456000000       1.0000000000
****
Br    0
S   1   1.00
  24.988600000       1.0000000000
S   1   1.00
  15.598500000       1.0000000000
S   1   1.00
  8.9282500000       1.0000000000
S   1   1.00
  3.0512000000       1.0000000000
S   1   1.00
  1.5042400000       1.0000000000
S   1   1.00
 0.83180000000       1.0000000000
S   1   1.00
 0.37719300000       1.0000000000
S   1   1.00
 0.24262300000       1.0000000000
P   1   1.00
  32.025400000       1.0000000000
P   1   1.00
  18.217600000       1.0000000000
P   1   1.00
  8.5738900000       1.0000000000
P   1   1.00
  3.4999300000       1.0000000000
P   1   1.00
  1.4866500000       1.0000000000
P   1   1.00
 0.64383800000       1.0000000000
P   1   1.00
 0.35434300000       1.0000000000
D   1   1.00
  36.276400000       1.0000000000
D   1   1.00
  9.6858600000       1.0000000000
D   1   1.00
  3.6293400000       1.0000000000
D   1   1.00
  1.7075800000       1.0000000000
D   1   1.00
 0.74801200000       1.0000000000
D   1   1.00
 0.28247500000       1.0000000000
F   1   1.00
  13.463800000       1.0000000000
F   1   1.00
  2.3099700000       1.0000000000
F   1   1.00
 0.72974700000       1.0000000000
G   1   1.00
  17.436600000       1.0000000000
G   1   1.00
  1.5885900000       1.0000000000
****
Kr    0
S   1   1.00
  27.629400000       1.0000000000
S   1   1.00
  17.784700000       1.0000000000
S   1   1.00
  9.9430300000       1.0000000000
S   1   1.00
  3.4740500000       1.0000000000
S   1   1.00
  1.8609300000       1.0000000000
S   1   1.00
 0.97553300000       1.0000000000
S   1   1.00
 0.43490200000       1.0000000000
S   1   1.00
 0.27378300000       1.0000000000
P   1   1.00
  36.746900000       1.0000000000
P   1   1.00
  20.731300000       1.0000000000
P   1   1.00
  9.4290600000       1.0000000000
P   1   1.00
  3.8283600000       1.0000000000
P   1   1.00
  1.6575100000       1.0000000000
P   1   1.00
 0.76067100000       1.0000000000
P   1   1.00
 0.39936500000       1.0000000000
D   1   1.00
  37.882700000       1.0000000000
D   1   1.00
  10.345100000       1.0000000000
D   1   1.00
  4.1150900000       1.0000000000
D   1   1.00
  1.8665100000       1.0000000000
D   1   1.00
 0.86012500000       1.0000000000
D   1   1.00
 0.31903300000       1.0000000000
F   1   1.00
  14.728400000       1.0000000000
F   1   1.00
  2.7096500000       1.0000000000
F   1   1.00
 0.85071800000       1.0000000000
G   1   1.00
  19.481700000       1.0000000000
G   1   1.00
  1.8442800000       1.0000000000
****
In    0
S   1   1.00
  10.129700000       1.0000000000
S   1   1.00
  5.5055200000       1.0000000000
S   1   1.00
  2.7697200000       1.0000000000
S   1   1.00
  1.1382000000       1.0000000000
S   1   1.00
 0.43245400000       1.0000000000
S   1   1.00
 0.21469000000       1.0000000000
S   1   1.00
 0.97909200000E-01   1.0000000000
P   1   1.00
  4.4508000000       1.0000000000
P   1   1.00
  3.3603800000       1.0000000000
P   1   1.00
  1.6518200000       1.0000000000
P   1   1.00
 0.52436500000       1.0000000000
P   1   1.00
 0.29998500000       1.0000000000
P   1   1.00
 0.12443900000       1.0000000000
D   1   1.00
  9.6894200000       1.0000000000
D   1   1.00
  2.9191600000       1.0000000000
D   1   1.00
  1.1713900000       1.0000000000
D   1   1.00
 0.28037900000       1.0000000000
D   1   1.00
 0.15228000000       1.0000000000
F   1   1.00
  3.7495000000       1.0000000000
F   1   1.00
 0.86054300000       1.0000000000
F   1   1.00
 0.24495600000       1.0000000000
G   1   1.00
  3.8335900000       1.0000000000
G   1   1.00
 0.51536200000       1.0000000000
****
Sn    0
S   1   1.00
  10.606000000       1.0000000000
S   1   1.00
  5.7162400000       1.0000000000
S   1   1.00
  2.8654300000       1.0000000000
S   1   1.00
  1.2653900000       1.0000000000
S   1   1.00
 0.49283300000       1.0000000000
S   1   1.00
 0.25124300000       1.0000000000
S   1   1.00
 0.15338000000       1.0000000000
P   1   1.00
  4.9519300000       1.0000000000
P   1   1.00
  3.5189200000       1.0000000000
P   1   1.00
  1.7628200000       1.0000000000
P   1   1.00
 0.63946900000       1.0000000000
P   1   1.00
 0.32482300000       1.0000000000
P   1   1.00
 0.17024200000       1.0000000000
D   1   1.00
  9.8564700000       1.0000000000
D   1   1.00
  3.2476600000       1.0000000000
D   1   1.00
  1.3578100000       1.0000000000
D   1   1.00
 0.34634800000       1.0000000000
D   1   1.00
 0.18358300000       1.0000000000
F   1   1.00
  4.1296300000       1.0000000000
F   1   1.00
  1.0426800000       1.0000000000
F   1   1.00
 0.31710200000       1.0000000000
G   1   1.00
  4.3819500000       1.0000000000
G   1   1.00
 0.64127900000       1.0000000000
****
Sb    0
S   1   1.00
  11.671100000       1.0000000000
S   1   1.00
  6.0943200000       1.0000000000
S   1   1.00
  2.9844200000       1.0000000000
S   1   1.00
  1.4415900000       1.0000000000
S   1   1.00
 0.61013100000       1.0000000000
S   1   1.00
 0.29740000000       1.0000000000
S   1   1.00
 0.18087400000       1.0000000000
P   1   1.00
  5.0694700000       1.0000000000
P   1   1.00
  3.8529400000       1.0000000000
P   1   1.00
  1.9289000000       1.0000000000
P   1   1.00
 0.71283000000       1.0000000000
P   1   1.00
 0.37845700000       1.0000000000
P   1   1.00
 0.20216800000       1.0000000000
D   1   1.00
  10.031400000       1.0000000000
D   1   1.00
  3.5620000000       1.0000000000
D   1   1.00
  1.5499500000       1.0000000000
D   1   1.00
 0.42039800000       1.0000000000
D   1   1.00
 0.21552900000       1.0000000000
F   1   1.00
  4.3982300000       1.0000000000
F   1   1.00
  1.2269700000       1.0000000000
F   1   1.00
 0.38725500000       1.0000000000
G   1   1.00
  4.8610900000       1.0000000000
G   1   1.00
 0.76937100000       1.0000000000
****
Te    0
S   1   1.00
  12.158500000       1.0000000000
S   1   1.00
  6.4970500000       1.0000000000
S   1   1.00
  3.2689300000       1.0000000000
S   1   1.00
  1.6243900000       1.0000000000
S   1   1.00
 0.68262600000       1.0000000000
S   1   1.00
 0.32476500000       1.0000000000
S   1   1.00
 0.19832000000       1.0000000000
P   1   1.00
  5.2707600000       1.0000000000
P   1   1.00
  4.1193000000       1.0000000000
P   1   1.00
  2.2824700000       1.0000000000
P   1   1.00
 0.82241100000       1.0000000000
P   1   1.00
 0.41204100000       1.0000000000
P   1   1.00
 0.23365800000       1.0000000000
D   1   1.00
  10.841100000       1.0000000000
D   1   1.00
  3.8224200000       1.0000000000
D   1   1.00
  1.7675300000       1.0000000000
D   1   1.00
 0.49965300000       1.0000000000
D   1   1.00
 0.23384600000       1.0000000000
F   1   1.00
  4.7486000000       1.0000000000
F   1   1.00
  1.4409800000       1.0000000000
F   1   1.00
 0.44502200000       1.0000000000
G   1   1.00
  5.3628900000       1.0000000000
G   1   1.00
 0.89260600000       1.0000000000
****
I     0
S   1   1.00
  12.372200000       1.0000000000
S   1   1.00
  6.7364500000       1.0000000000
S   1   1.00
  3.5252800000       1.0000000000
S   1   1.00
  1.7451500000       1.0000000000
S   1   1.00
 0.83893200000       1.0000000000
S   1   1.00
 0.35998100000       1.0000000000
S   1   1.00
 0.22624500000       1.0000000000
P   1   1.00
  5.8338000000       1.0000000000
P   1   1.00
  4.2782700000       1.0000000000
P   1   1.00
  2.5782200000       1.0000000000
P   1   1.00
 0.98788800000       1.0000000000
P   1   1.00
 0.45515500000       1.0000000000
P   1   1.00
 0.27334700000       1.0000000000
D   1   1.00
  11.087500000       1.0000000000
D   1   1.00
  4.1812400000       1.0000000000
D   1   1.00
  1.9822100000       1.0000000000
D   1   1.00
 0.57993200000       1.0000000000
D   1   1.00
 0.26476500000       1.0000000000
F   1   1.00
  5.1002800000       1.0000000000
F   1   1.00
  1.6803400000       1.0000000000
F   1   1.00
 0.51015300000       1.0000000000
G   1   1.00
  5.8739000000       1.0000000000
G   1   1.00
  1.0289800000       1.0000000000
****
Xe    0
S   1   1.00
  12.993400000       1.0000000000
S   1   1.00
  7.1444000000       1.0000000000
S   1   1.00
  3.6109400000       1.0000000000
S   1   1.00
  1.9413900000       1.0000000000
S   1   1.00
 0.99819700000       1.0000000000
S   1   1.00
 0.44957800000       1.0000000000
S   1   1.00
 0.24416400000       1.0000000000
P   1   1.00
  6.3703200000       1.0000000000
P   1   1.00
  4.4399200000       1.0000000000
P   1   1.00
  2.6967700000       1.0000000000
P   1   1.00
  1.1334900000       1.0000000000
P   1   1.00
 0.50235300000       1.0000000000
P   1   1.00
 0.30888600000       1.0000000000
D   1   1.00
  11.729200000       1.0000000000
D   1   1.00
  4.4710800000       1.0000000000
D   1   1.00
  2.2416500000       1.0000000000
D   1   1.00
 0.65818200000       1.0000000000
D   1   1.00
 0.30124800000       1.0000000000
F   1   1.00
  5.4602200000       1.0000000000
F   1   1.00
  1.9406200000       1.0000000000
F   1   1.00
 0.57828700000       1.0000000000
G   1   1.00
  6.4511700000       1.0000000000
G   1   1.00
  1.1665400000       1.0000000000
****
Tl    0
S   1   1.00
  6.6573200000       1.0000000000
S   1   1.00
  4.7635200000       1.0000000000
S   1   1.00
  2.9138400000       1.0000000000
S   1   1.00
  1.3002600000       1.0000000000
S   1   1.00
 0.36833200000       1.0000000000
S   1   1.00
 0.16406600000       1.0000000000
S   1   1.00
 0.10889500000       1.0000000000
P   1   1.00
  3.6992500000       1.0000000000
P   1   1.00
  2.6976800000       1.0000000000
P   1   1.00
  1.6759900000       1.0000000000
P   1   1.00
 0.71167800000       1.0000000000
P   1   1.00
 0.28441400000       1.0000000000
P   1   1.00
 0.14242700000       1.0000000000
D   1   1.00
  4.4242900000       1.0000000000
D   1   1.00
  2.7002900000       1.0000000000
D   1   1.00
  1.1168100000       1.0000000000
D   1   1.00
 0.28334600000       1.0000000000
D   1   1.00
 0.13387000000       1.0000000000
F   1   1.00
  2.7108000000       1.0000000000
F   1   1.00
 0.78058400000       1.0000000000
F   1   1.00
 0.24260100000       1.0000000000
G   1   1.00
  2.5315200000       1.0000000000
G   1   1.00
 0.46534500000       1.0000000000
****
Pb    0
S   1   1.00
  7.4867900000       1.0000000000
S   1   1.00
  5.1925500000       1.0000000000
S   1   1.00
  3.0973300000       1.0000000000
S   1   1.00
  1.4011300000       1.0000000000
S   1   1.00
 0.43202200000       1.0000000000
S   1   1.00
 0.20305400000       1.0000000000
S   1   1.00
 0.12329400000       1.0000000000
P   1   1.00
  3.9016900000       1.0000000000
P   1   1.00
  2.9767200000       1.0000000000
P   1   1.00
  1.8987500000       1.0000000000
P   1   1.00
 0.74507800000       1.0000000000
P   1   1.00
 0.32161300000       1.0000000000
P   1   1.00
 0.17808900000       1.0000000000
D   1   1.00
  5.2062400000       1.0000000000
D   1   1.00
  2.7424800000       1.0000000000
D   1   1.00
  1.3142900000       1.0000000000
D   1   1.00
 0.33877700000       1.0000000000
D   1   1.00
 0.15824600000       1.0000000000
F   1   1.00
  2.8688500000       1.0000000000
F   1   1.00
 0.92169900000       1.0000000000
F   1   1.00
 0.29362000000       1.0000000000
G   1   1.00
  2.9743900000       1.0000000000
G   1   1.00
 0.53909600000       1.0000000000
****
Bi    0
S   1   1.00
  8.4098500000       1.0000000000
S   1   1.00
  5.5583200000       1.0000000000
S   1   1.00
  3.2597600000       1.0000000000
S   1   1.00
  1.5225200000       1.0000000000
S   1   1.00
 0.50928200000       1.0000000000
S   1   1.00
 0.23904400000       1.0000000000
S   1   1.00
 0.14588400000       1.0000000000
P   1   1.00
  3.9947000000       1.0000000000
P   1   1.00
  3.1751400000       1.0000000000
P   1   1.00
  2.1142700000       1.0000000000
P   1   1.00
 0.81676700000       1.0000000000
P   1   1.00
 0.36147700000       1.0000000000
P   1   1.00
 0.20897900000       1.0000000000
D   1   1.00
  5.5810900000       1.0000000000
D   1   1.00
  2.8410300000       1.0000000000
D   1   1.00
  1.5454400000       1.0000000000
D   1   1.00
 0.39173100000       1.0000000000
D   1   1.00
 0.19314600000       1.0000000000
F   1   1.00
  3.0183400000       1.0000000000
F   1   1.00
  1.0849900000       1.0000000000
F   1   1.00
 0.34840900000       1.0000000000
G   1   1.00
  3.2352500000       1.0000000000
G   1   1.00
 0.63607000000       1.0000000000
****
Po    0
S   1   1.00
  9.0268600000       1.0000000000
S   1   1.00
  5.8432300000       1.0000000000
S   1   1.00
  3.4091400000       1.0000000000
S   1   1.00
  1.6418000000       1.0000000000
S   1   1.00
 0.58175200000       1.0000000000
S   1   1.00
 0.27270400000       1.0000000000
S   1   1.00
 0.16705800000       1.0000000000
P   1   1.00
  4.2019500000       1.0000000000
P   1   1.00
  3.3335600000       1.0000000000
P   1   1.00
  2.1804200000       1.0000000000
P   1   1.00
 0.87738500000       1.0000000000
P   1   1.00
 0.39452100000       1.0000000000
P   1   1.00
 0.23061300000       1.0000000000
D   1   1.00
  6.0792100000       1.0000000000
D   1   1.00
  3.0164100000       1.0000000000
D   1   1.00
  1.7094600000       1.0000000000
D   1   1.00
 0.44984000000       1.0000000000
D   1   1.00
 0.21218100000       1.0000000000
F   1   1.00
  3.1766800000       1.0000000000
F   1   1.00
  1.2537600000       1.0000000000
F   1   1.00
 0.38706600000       1.0000000000
G   1   1.00
  3.4438100000       1.0000000000
G   1   1.00
 0.72032000000       1.0000000000
****
At    0
S   1   1.00
  10.243800000       1.0000000000
S   1   1.00
  6.0632700000       1.0000000000
S   1   1.00
  3.5865100000       1.0000000000
S   1   1.00
  1.7312400000       1.0000000000
S   1   1.00
 0.67574300000       1.0000000000
S   1   1.00
 0.31250800000       1.0000000000
S   1   1.00
 0.18443500000       1.0000000000
P   1   1.00
  4.4271300000       1.0000000000
P   1   1.00
  3.4044900000       1.0000000000
P   1   1.00
  2.3424900000       1.0000000000
P   1   1.00
 0.94840900000       1.0000000000
P   1   1.00
 0.41573200000       1.0000000000
P   1   1.00
 0.25677500000       1.0000000000
D   1   1.00
  6.3259900000       1.0000000000
D   1   1.00
  3.1667500000       1.0000000000
D   1   1.00
  1.9355000000       1.0000000000
D   1   1.00
 0.50897700000       1.0000000000
D   1   1.00
 0.23867400000       1.0000000000
F   1   1.00
  3.3267700000       1.0000000000
F   1   1.00
  1.4473500000       1.0000000000
F   1   1.00
 0.43462100000       1.0000000000
G   1   1.00
  3.6669100000       1.0000000000
G   1   1.00
 0.81411400000       1.0000000000
****
Rn    0
S   1   1.00
  10.973200000       1.0000000000
S   1   1.00
  6.7309000000       1.0000000000
S   1   1.00
  3.7153500000       1.0000000000
S   1   1.00
  1.8848200000       1.0000000000
S   1   1.00
 0.81073700000       1.0000000000
S   1   1.00
 0.35594400000       1.0000000000
S   1   1.00
 0.20743700000       1.0000000000
P   1   1.00
  4.9677600000       1.0000000000
P   1   1.00
  3.5131500000       1.0000000000
P   1   1.00
  2.4380300000       1.0000000000
P   1   1.00
  1.0201300000       1.0000000000
P   1   1.00
 0.44320000000       1.0000000000
P   1   1.00
 0.27370200000       1.0000000000
D   1   1.00
  6.6468300000       1.0000000000
D   1   1.00
  3.3259700000       1.0000000000
D   1   1.00
  2.1588400000       1.0000000000
D   1   1.00
 0.57105500000       1.0000000000
D   1   1.00
 0.26857700000       1.0000000000
F   1   1.00
  3.4528700000       1.0000000000
F   1   1.00
  1.6781400000       1.0000000000
F   1   1.00
 0.48451000000       1.0000000000
G   1   1.00
  3.9162300000       1.0000000000
G   1   1.00
 0.93117400000       1.0000000000
****
