****
Au 0
S 11 1.00
55.684714 -0.006193
35.989900 0.068959
24.637611 -0.280695
16.991456 0.423086
5.352684 -0.818719
1.663852 0.469411
1.138617 0.547926
0.778700 0.160312
0.532166 0.212556
0.162487 0.009912
0.073074 -0.000969
S 11 1.00
55.684714 0.001446
35.989900 -0.020136
24.637611 0.091083
16.991456 -0.145680
5.352684 0.321145
1.663852 -0.311729
1.138617 -0.105361
0.778700 -0.403305
0.532166 0.056261
0.162487 0.524192
0.073074 0.527275
S 11 1.00
55.684714 -0.009096
35.989900 0.072320
24.637611 -0.244564
16.991456 0.341571
5.352684 -0.719412
1.663852 1.163202
1.138617 -0.561190
0.778700 2.902354
0.532166 -3.109817
0.162487 -0.866116
0.073074 1.014602
S 11 1.00
55.684714 -0.016156
35.989900 0.119900
24.637611 -0.382488
16.991456 0.517884
5.352684 -1.148972
1.663852 2.270715
1.138617 2.607258
0.778700 -4.485677
0.532166 -0.753110
0.162487 2.430919
0.073074 -0.500872
S 11 1.00
55.684714 0.002778
35.989900 -0.062250
24.637611 0.316307
16.991456 -0.537725
5.352684 1.584386
1.663852 -6.842717
1.138617 0.253999
0.778700 15.933850
0.532166 -12.060448
0.162487 0.600225
0.073074 2.228275
S 1 1.00
0.032891 1.0
P 11 1.00
33.546791 0.004887
22.937499 -0.034127
15.739235 0.082581
6.062878 -0.288747
1.780863 0.488140
0.922856 0.493544
0.456760 0.186631
0.187112 0.017579
0.080759 -0.000667
0.038444 0.000807
0.019695 -0.000392
P 11 1.00
33.546791 -0.000417
22.937499 0.005072
15.739235 -0.015245
6.062878 0.062672
1.780863 -0.129327
0.922856 -0.137172
0.456760 -0.003424
0.187112 0.187462
0.080759 0.320966
0.038444 0.384369
0.019695 0.234423
P 11 1.00
33.546791 -0.002071
22.937499 0.019246
15.739235 -0.053805
6.062878 0.219382
1.780863 -0.536482
0.922856 -0.527263
0.456760 0.739053
0.187112 0.743039
0.080759 -0.182048
0.038444 -0.296334
0.019695 -0.236084
P 11 1.00
33.546791 -0.005633
22.937499 0.037661
15.739235 -0.092218
6.062878 0.372410
1.780863 -1.469048
0.922856 0.488496
0.456760 1.605359
0.187112 -1.302423
0.080759 -0.371653
0.038444 0.452838
0.019695 0.235200
P 11 1.00
33.546791 0.081780
22.937499 -0.245122
15.739235 0.180418
6.062878 0.400566
1.780863 -3.508573
0.922856 5.731652
0.456760 -3.776516
0.187112 0.655472
0.080759 0.875652
0.038444 -0.461162
0.019695 -0.190209
P 1 1.00
0.010294 1.0
D 9 1.00
123.282250 0.000028
14.529266 0.001999
9.946680 0.017169
6.859780 -0.071160
1.818774 0.295063
0.822603 0.455170
0.341105 0.352694
0.126798 0.116879
0.05 0.001794
D 9 1.00
123.282250 -0.000084
14.529266 0.002713
9.946680 -0.039306
6.859780 0.113135
1.818774 -0.550155
0.822603 -0.396655
0.341105 0.647893
0.126798 0.426555
0.05 0.023378
D 9 1.00
123.282250 0.000091
14.529266 -0.001808
9.946680 0.049584
6.859780 -0.157709
1.818774 1.106039
0.822603 -0.808806
0.341105 -0.548231
0.126798 0.844619
0.05 0.132866
D 9 1.00
123.282250 0.001135
14.529266 -0.149229
9.946680 0.402003
6.859780 -0.233318
1.818774 -1.372018
0.822603 2.317322
0.341105 -1.829013
0.126798 0.614325
0.05 0.354970
F 1 1.00
1.41 1.0
F 1 1.00
0.47 1.0
F 1 1.00
0.15 1.0
G 1 1.00
1.20 1.0
G 1 1.00
0.40 1.0
****

AU 0
AU-ECP 5 60
h-ul potential
1
2 1.000000 0.000000
s-ul potential
2
2 13.523218 426.641867
2 6.264384 36.800668
p-ul potential
4
2 11.413867 87.002091
2 10.329215 174.004370
2 5.707424 8.870610
2 4.828165 17.902438
d-ul potential
4
2 7.430963 49.883655
2 8.321990 74.684549
2 4.609642 6.486227
2 3.511507 9.546821
f-ul potential
2
2 3.084639 8.791640
2 3.024743 11.658456
g-ul potential
2
2 3.978442 -5.234337
2 4.011491 -6.738142

