-H 0
S 1 1.00
	0.02462393  	1.0
S 1 1.00
	0.01125334  	1.0
S 1 1.00
	0.00585838  	1.0
S 1 1.00
	0.00334597      1.0
S 1 1.00
	0.00204842  	1.0
S 1 1.00
	0.00132364	1.0
S 1 1.00
	0.00089310  	1.0
S 1 1.00
	0.00062431	1.0
P 1 1.00
	0.042335  	1.0
P 1 1.00
	0.019254	1.0
P 1 1.00
	0.009988	1.0  
P 1 1.00
	0.005689  	1.0
P 1 1.00
	0.003476	1.0
P 1 1.0
	0.002242  	1.0
P 1 1.0
	0.001511  	1.0
P 1 1.0
	0.001055 	1.0
D 1 1.0
	0.060540  	1.0
D 1 1.0
	0.027446  	1.0
D 1 1.0
	0.014204  	1.0
D 1 1.0
	0.008077  	1.0
D 1 1.0
	0.004927  	1.0
D 1 1.0
	0.003175  	1.0
D 1 1.0
	0.002137  	1.0
D 1 1.0
	0.001491 	1.0
****
