****
Ga    0
S   1   1.00
  45.220700000       1.0000000000
S   1   1.00
  30.928300000       1.0000000000
S   1   1.00
  18.389900000       1.0000000000
S   1   1.00
  9.8200400000       1.0000000000
S   1   1.00
  6.6433300000       1.0000000000
S   1   1.00
  3.4522400000       1.0000000000
S   1   1.00
  1.9154400000       1.0000000000
S   1   1.00
  1.1050300000       1.0000000000
S   1   1.00
 0.62225300000       1.0000000000
S   1   1.00
 0.34590400000       1.0000000000
S   1   1.00
 0.20793100000       1.0000000000
S   1   1.00
 0.12160900000       1.0000000000
S   1   1.00
 0.72130200000E-01   1.0000000000
P   1   1.00
  35.979300000       1.0000000000
P   1   1.00
  17.046800000       1.0000000000
P   1   1.00
  9.4215600000       1.0000000000
P   1   1.00
  5.4783900000       1.0000000000
P   1   1.00
  3.0510400000       1.0000000000
P   1   1.00
  1.9182200000       1.0000000000
P   1   1.00
  1.1321100000       1.0000000000
P   1   1.00
 0.64538600000       1.0000000000
P   1   1.00
 0.39993700000       1.0000000000
P   1   1.00
 0.24296400000       1.0000000000
P   1   1.00
 0.13546400000       1.0000000000
P   1   1.00
 0.80986000000E-01   1.0000000000
D   1   1.00
  28.451100000       1.0000000000
D   1   1.00
  15.162100000       1.0000000000
D   1   1.00
  8.7031500000       1.0000000000
D   1   1.00
  4.2833800000       1.0000000000
D   1   1.00
  2.3326200000       1.0000000000
D   1   1.00
  1.2649000000       1.0000000000
D   1   1.00
 0.77880600000       1.0000000000
D   1   1.00
 0.48081600000       1.0000000000
D   1   1.00
 0.29697900000       1.0000000000
D   1   1.00
 0.15994700000       1.0000000000
D   1   1.00
 0.84360400000E-01   1.0000000000
F   1   1.00
  21.956800000       1.0000000000
F   1   1.00
  11.130100000       1.0000000000
F   1   1.00
  4.6187100000       1.0000000000
F   1   1.00
  2.4885800000       1.0000000000
F   1   1.00
  1.2708300000       1.0000000000
F   1   1.00
 0.69290000000       1.0000000000
F   1   1.00
 0.45839100000       1.0000000000
F   1   1.00
 0.26302900000       1.0000000000
F   1   1.00
 0.13728600000       1.0000000000
G   1   1.00
  34.151100000       1.0000000000
G   1   1.00
  12.231000000       1.0000000000
G   1   1.00
  4.9503300000       1.0000000000
G   1   1.00
  2.4186100000       1.0000000000
G   1   1.00
  1.4398600000       1.0000000000
G   1   1.00
 0.74107500000       1.0000000000
G   1   1.00
 0.42287600000       1.0000000000
G   1   1.00
 0.20997300000       1.0000000000
H   1   1.00
  5.4469400000       1.0000000000
H   1   1.00
  2.4563700000       1.0000000000
H   1   1.00
  1.2873500000       1.0000000000
H   1   1.00
 0.70526600000       1.0000000000
H   1   1.00
 0.38676200000       1.0000000000
I   1   1.00
  2.5676500000       1.0000000000
I   1   1.00
  1.1683500000       1.0000000000
I   1   1.00
 0.65161400000       1.0000000000
K   1   1.00
  1.2595100000       1.0000000000
****
Ge    0
S   1   1.00
  52.583000000       1.0000000000
S   1   1.00
  35.962600000       1.0000000000
S   1   1.00
  21.383800000       1.0000000000
S   1   1.00
  11.419400000       1.0000000000
S   1   1.00
  7.6962700000       1.0000000000
S   1   1.00
  4.0013400000       1.0000000000
S   1   1.00
  2.2216700000       1.0000000000
S   1   1.00
  1.3049800000       1.0000000000
S   1   1.00
 0.75894600000       1.0000000000
S   1   1.00
 0.43087300000       1.0000000000
S   1   1.00
 0.25667400000       1.0000000000
S   1   1.00
 0.14579700000       1.0000000000
S   1   1.00
 0.84247000000E-01   1.0000000000
P   1   1.00
  41.059100000       1.0000000000
P   1   1.00
  19.464400000       1.0000000000
P   1   1.00
  10.929000000       1.0000000000
P   1   1.00
  6.4160500000       1.0000000000
P   1   1.00
  3.5488200000       1.0000000000
P   1   1.00
  2.2219200000       1.0000000000
P   1   1.00
  1.3023300000       1.0000000000
P   1   1.00
 0.74078300000       1.0000000000
P   1   1.00
 0.46224000000       1.0000000000
P   1   1.00
 0.28276900000       1.0000000000
P   1   1.00
 0.15711900000       1.0000000000
P   1   1.00
 0.94294400000E-01   1.0000000000
D   1   1.00
  33.083900000       1.0000000000
D   1   1.00
  17.642600000       1.0000000000
D   1   1.00
  10.156300000       1.0000000000
D   1   1.00
  4.9535100000       1.0000000000
D   1   1.00
  2.7042900000       1.0000000000
D   1   1.00
  1.4547900000       1.0000000000
D   1   1.00
 0.89282500000       1.0000000000
D   1   1.00
 0.56472600000       1.0000000000
D   1   1.00
 0.35731000000       1.0000000000
D   1   1.00
 0.19314100000       1.0000000000
D   1   1.00
 0.96084100000E-01   1.0000000000
F   1   1.00
  30.312700000       1.0000000000
F   1   1.00
  13.312500000       1.0000000000
F   1   1.00
  5.7156900000       1.0000000000
F   1   1.00
  3.1874600000       1.0000000000
F   1   1.00
  1.4967200000       1.0000000000
F   1   1.00
 0.79928700000       1.0000000000
F   1   1.00
 0.53948700000       1.0000000000
F   1   1.00
 0.32359200000       1.0000000000
F   1   1.00
 0.17012800000       1.0000000000
G   1   1.00
  40.197900000       1.0000000000
G   1   1.00
  14.606600000       1.0000000000
G   1   1.00
  6.0166100000       1.0000000000
G   1   1.00
  2.9223900000       1.0000000000
G   1   1.00
  1.5632900000       1.0000000000
G   1   1.00
 0.83991800000       1.0000000000
G   1   1.00
 0.50464000000       1.0000000000
G   1   1.00
 0.26141200000       1.0000000000
H   1   1.00
  6.3622900000       1.0000000000
H   1   1.00
  2.8165500000       1.0000000000
H   1   1.00
  1.4954700000       1.0000000000
H   1   1.00
 0.84358100000       1.0000000000
H   1   1.00
 0.44957000000       1.0000000000
I   1   1.00
  3.1753300000       1.0000000000
I   1   1.00
  1.4536300000       1.0000000000
I   1   1.00
 0.78593900000       1.0000000000
K   1   1.00
  1.5187400000       1.0000000000
****
As    0
S   1   1.00
  61.133100000       1.0000000000
S   1   1.00
  41.805700000       1.0000000000
S   1   1.00
  24.853500000       1.0000000000
S   1   1.00
  13.213300000       1.0000000000
S   1   1.00
  8.9104400000       1.0000000000
S   1   1.00
  4.6159000000       1.0000000000
S   1   1.00
  2.5533300000       1.0000000000
S   1   1.00
  1.5145700000       1.0000000000
S   1   1.00
 0.89881700000       1.0000000000
S   1   1.00
 0.52439300000       1.0000000000
S   1   1.00
 0.31419400000       1.0000000000
S   1   1.00
 0.17572100000       1.0000000000
S   1   1.00
 0.99886300000E-01   1.0000000000
P   1   1.00
  46.658100000       1.0000000000
P   1   1.00
  22.367600000       1.0000000000
P   1   1.00
  12.860600000       1.0000000000
P   1   1.00
  7.5867800000       1.0000000000
P   1   1.00
  4.1520800000       1.0000000000
P   1   1.00
  2.5732400000       1.0000000000
P   1   1.00
  1.4988400000       1.0000000000
P   1   1.00
 0.84718900000       1.0000000000
P   1   1.00
 0.53371600000       1.0000000000
P   1   1.00
 0.32758500000       1.0000000000
P   1   1.00
 0.18366700000       1.0000000000
P   1   1.00
 0.11040100000       1.0000000000
D   1   1.00
  38.266100000       1.0000000000
D   1   1.00
  20.480800000       1.0000000000
D   1   1.00
  11.727400000       1.0000000000
D   1   1.00
  5.7338600000       1.0000000000
D   1   1.00
  3.1267200000       1.0000000000
D   1   1.00
  1.6701100000       1.0000000000
D   1   1.00
  1.0247000000       1.0000000000
D   1   1.00
 0.66957200000       1.0000000000
D   1   1.00
 0.43271200000       1.0000000000
D   1   1.00
 0.23708300000       1.0000000000
D   1   1.00
 0.11495700000       1.0000000000
F   1   1.00
  35.909600000       1.0000000000
F   1   1.00
  14.753200000       1.0000000000
F   1   1.00
  6.5555000000       1.0000000000
F   1   1.00
  3.6359800000       1.0000000000
F   1   1.00
  1.6727900000       1.0000000000
F   1   1.00
 0.93108800000       1.0000000000
F   1   1.00
 0.63031600000       1.0000000000
F   1   1.00
 0.37873200000       1.0000000000
F   1   1.00
 0.20313900000       1.0000000000
G   1   1.00
  45.577700000       1.0000000000
G   1   1.00
  16.412700000       1.0000000000
G   1   1.00
  6.8870600000       1.0000000000
G   1   1.00
  3.2387500000       1.0000000000
G   1   1.00
  1.8020700000       1.0000000000
G   1   1.00
 0.99869400000       1.0000000000
G   1   1.00
 0.59077900000       1.0000000000
G   1   1.00
 0.32160200000       1.0000000000
H   1   1.00
  7.3985000000       1.0000000000
H   1   1.00
  3.2004000000       1.0000000000
H   1   1.00
  1.7041000000       1.0000000000
H   1   1.00
 0.96487900000       1.0000000000
H   1   1.00
 0.54778800000       1.0000000000
I   1   1.00
  3.8155600000       1.0000000000
I   1   1.00
  1.7870300000       1.0000000000
I   1   1.00
 0.87401800000       1.0000000000
K   1   1.00
  1.8238400000       1.0000000000
****
Se    0
S   1   1.00
  71.092900000       1.0000000000
S   1   1.00
  48.623400000       1.0000000000
S   1   1.00
  28.912000000       1.0000000000
S   1   1.00
  15.421800000       1.0000000000
S   1   1.00
  10.417300000       1.0000000000
S   1   1.00
  5.4042600000       1.0000000000
S   1   1.00
  2.9890800000       1.0000000000
S   1   1.00
  1.7591900000       1.0000000000
S   1   1.00
  1.0297600000       1.0000000000
S   1   1.00
 0.59049400000       1.0000000000
S   1   1.00
 0.35154500000       1.0000000000
S   1   1.00
 0.19749600000       1.0000000000
S   1   1.00
 0.11310100000       1.0000000000
P   1   1.00
  55.123400000       1.0000000000
P   1   1.00
  26.464400000       1.0000000000
P   1   1.00
  15.062000000       1.0000000000
P   1   1.00
  8.8522300000       1.0000000000
P   1   1.00
  4.8010500000       1.0000000000
P   1   1.00
  2.9520200000       1.0000000000
P   1   1.00
  1.7033500000       1.0000000000
P   1   1.00
 0.97517800000       1.0000000000
P   1   1.00
 0.62201000000       1.0000000000
P   1   1.00
 0.38637100000       1.0000000000
P   1   1.00
 0.21562800000       1.0000000000
P   1   1.00
 0.12983400000       1.0000000000
D   1   1.00
  44.159700000       1.0000000000
D   1   1.00
  23.737500000       1.0000000000
D   1   1.00
  13.664100000       1.0000000000
D   1   1.00
  6.6733100000       1.0000000000
D   1   1.00
  3.6073700000       1.0000000000
D   1   1.00
  1.9278000000       1.0000000000
D   1   1.00
  1.1851900000       1.0000000000
D   1   1.00
 0.75981800000       1.0000000000
D   1   1.00
 0.48833000000       1.0000000000
D   1   1.00
 0.26256700000       1.0000000000
D   1   1.00
 0.12735800000       1.0000000000
F   1   1.00
  35.886600000       1.0000000000
F   1   1.00
  15.975400000       1.0000000000
F   1   1.00
  7.1609200000       1.0000000000
F   1   1.00
  3.9344700000       1.0000000000
F   1   1.00
  1.9547100000       1.0000000000
F   1   1.00
  1.0590600000       1.0000000000
F   1   1.00
 0.72147200000       1.0000000000
F   1   1.00
 0.43010700000       1.0000000000
F   1   1.00
 0.23078700000       1.0000000000
G   1   1.00
  48.244400000       1.0000000000
G   1   1.00
  17.941300000       1.0000000000
G   1   1.00
  7.8407700000       1.0000000000
G   1   1.00
  3.7198100000       1.0000000000
G   1   1.00
  1.9594300000       1.0000000000
G   1   1.00
  1.0463800000       1.0000000000
G   1   1.00
 0.65554100000       1.0000000000
G   1   1.00
 0.33870500000       1.0000000000
H   1   1.00
  8.5486100000       1.0000000000
H   1   1.00
  3.6621400000       1.0000000000
H   1   1.00
  1.9213100000       1.0000000000
H   1   1.00
  1.0824400000       1.0000000000
H   1   1.00
 0.56914800000       1.0000000000
I   1   1.00
  3.8526700000       1.0000000000
I   1   1.00
  1.7919400000       1.0000000000
I   1   1.00
 0.96212700000       1.0000000000
K   1   1.00
  2.0053800000       1.0000000000
****
Br    0
S   1   1.00
  83.645200000       1.0000000000
S   1   1.00
  57.210900000       1.0000000000
S   1   1.00
  34.004100000       1.0000000000
S   1   1.00
  18.130600000       1.0000000000
S   1   1.00
  12.240100000       1.0000000000
S   1   1.00
  6.3261900000       1.0000000000
S   1   1.00
  3.5051100000       1.0000000000
S   1   1.00
  2.0759400000       1.0000000000
S   1   1.00
  1.2294600000       1.0000000000
S   1   1.00
 0.70770600000       1.0000000000
S   1   1.00
 0.41981600000       1.0000000000
S   1   1.00
 0.23445300000       1.0000000000
S   1   1.00
 0.13366600000       1.0000000000
P   1   1.00
  66.056800000       1.0000000000
P   1   1.00
  31.676900000       1.0000000000
P   1   1.00
  17.741400000       1.0000000000
P   1   1.00
  10.355000000       1.0000000000
P   1   1.00
  5.6152600000       1.0000000000
P   1   1.00
  3.4567900000       1.0000000000
P   1   1.00
  2.0207700000       1.0000000000
P   1   1.00
  1.1767000000       1.0000000000
P   1   1.00
 0.75126100000       1.0000000000
P   1   1.00
 0.45968900000       1.0000000000
P   1   1.00
 0.25165000000       1.0000000000
P   1   1.00
 0.15038500000       1.0000000000
D   1   1.00
  51.937700000       1.0000000000
D   1   1.00
  27.704900000       1.0000000000
D   1   1.00
  15.882900000       1.0000000000
D   1   1.00
  7.8534400000       1.0000000000
D   1   1.00
  4.2382800000       1.0000000000
D   1   1.00
  2.2540800000       1.0000000000
D   1   1.00
  1.3834300000       1.0000000000
D   1   1.00
 0.88801200000       1.0000000000
D   1   1.00
 0.56997700000       1.0000000000
D   1   1.00
 0.31182100000       1.0000000000
D   1   1.00
 0.14949300000       1.0000000000
F   1   1.00
  37.527100000       1.0000000000
F   1   1.00
  17.604300000       1.0000000000
F   1   1.00
  8.1052800000       1.0000000000
F   1   1.00
  4.3925100000       1.0000000000
F   1   1.00
  2.2987100000       1.0000000000
F   1   1.00
  1.2366000000       1.0000000000
F   1   1.00
 0.85358500000       1.0000000000
F   1   1.00
 0.50983100000       1.0000000000
F   1   1.00
 0.26893500000       1.0000000000
G   1   1.00
  53.573700000       1.0000000000
G   1   1.00
  19.882500000       1.0000000000
G   1   1.00
  8.6721200000       1.0000000000
G   1   1.00
  4.1780700000       1.0000000000
G   1   1.00
  2.3589700000       1.0000000000
G   1   1.00
  1.1987300000       1.0000000000
G   1   1.00
 0.77701600000       1.0000000000
G   1   1.00
 0.40909100000       1.0000000000
H   1   1.00
  9.9911800000       1.0000000000
H   1   1.00
  4.3148500000       1.0000000000
H   1   1.00
  2.2498100000       1.0000000000
H   1   1.00
  1.2486300000       1.0000000000
H   1   1.00
 0.65576000000       1.0000000000
I   1   1.00
  4.3283900000       1.0000000000
I   1   1.00
  1.9875400000       1.0000000000
I   1   1.00
  1.1013800000       1.0000000000
K   1   1.00
  2.3171400000       1.0000000000
****
Kr    0
S   1   1.00
  105.16900000       1.0000000000
S   1   1.00
  71.835600000       1.0000000000
S   1   1.00
  42.710900000       1.0000000000
S   1   1.00
  22.801000000       1.0000000000
S   1   1.00
  15.382300000       1.0000000000
S   1   1.00
  7.9655200000       1.0000000000
S   1   1.00
  4.4441500000       1.0000000000
S   1   1.00
  2.6412000000       1.0000000000
S   1   1.00
  1.5466700000       1.0000000000
S   1   1.00
 0.84316000000       1.0000000000
S   1   1.00
 0.50718200000       1.0000000000
S   1   1.00
 0.27771100000       1.0000000000
S   1   1.00
 0.15403200000       1.0000000000
P   1   1.00
  84.386000000       1.0000000000
P   1   1.00
  40.265500000       1.0000000000
P   1   1.00
  21.768500000       1.0000000000
P   1   1.00
  12.558000000       1.0000000000
P   1   1.00
  7.0080600000       1.0000000000
P   1   1.00
  4.3835400000       1.0000000000
P   1   1.00
  2.5835500000       1.0000000000
P   1   1.00
  1.5205700000       1.0000000000
P   1   1.00
 0.95052700000       1.0000000000
P   1   1.00
 0.57198800000       1.0000000000
P   1   1.00
 0.31169000000       1.0000000000
P   1   1.00
 0.18963300000       1.0000000000
D   1   1.00
  156.96100000       1.0000000000
D   1   1.00
  51.677500000       1.0000000000
D   1   1.00
  23.971300000       1.0000000000
D   1   1.00
  12.488200000       1.0000000000
D   1   1.00
  5.0650300000       1.0000000000
D   1   1.00
  2.8091400000       1.0000000000
D   1   1.00
  1.6197800000       1.0000000000
D   1   1.00
  1.0734600000       1.0000000000
D   1   1.00
 0.65429000000       1.0000000000
D   1   1.00
 0.38350100000       1.0000000000
D   1   1.00
 0.17110000000       1.0000000000
F   1   1.00
  101.56800000       1.0000000000
F   1   1.00
  34.438100000       1.0000000000
F   1   1.00
  15.212900000       1.0000000000
F   1   1.00
  5.0265600000       1.0000000000
F   1   1.00
  2.8723100000       1.0000000000
F   1   1.00
  1.5489500000       1.0000000000
F   1   1.00
  1.0818000000       1.0000000000
F   1   1.00
 0.61539900000       1.0000000000
F   1   1.00
 0.31912600000       1.0000000000
G   1   1.00
  110.56200000       1.0000000000
G   1   1.00
  46.253400000       1.0000000000
G   1   1.00
  17.788500000       1.0000000000
G   1   1.00
  5.4269400000       1.0000000000
G   1   1.00
  3.2612800000       1.0000000000
G   1   1.00
  1.4238100000       1.0000000000
G   1   1.00
 0.95029900000       1.0000000000
G   1   1.00
 0.50166700000       1.0000000000
H   1   1.00
  12.337300000       1.0000000000
H   1   1.00
  4.9983500000       1.0000000000
H   1   1.00
  2.5704700000       1.0000000000
H   1   1.00
  1.4264100000       1.0000000000
H   1   1.00
 0.75659400000       1.0000000000
I   1   1.00
  5.1476800000       1.0000000000
I   1   1.00
  2.4286200000       1.0000000000
I   1   1.00
  1.2567900000       1.0000000000
K   1   1.00
  2.7036000000       1.0000000000
****
In    0
S   1   1.00
  44.836100000       1.0000000000
S   1   1.00
  30.411500000       1.0000000000
S   1   1.00
  17.875500000       1.0000000000
S   1   1.00
  9.4785400000       1.0000000000
S   1   1.00
  6.5002200000       1.0000000000
S   1   1.00
  3.3132700000       1.0000000000
S   1   1.00
  1.6451700000       1.0000000000
S   1   1.00
 0.82834300000       1.0000000000
S   1   1.00
 0.44882200000       1.0000000000
S   1   1.00
 0.33443700000       1.0000000000
S   1   1.00
 0.22933300000       1.0000000000
S   1   1.00
 0.13198000000       1.0000000000
S   1   1.00
 0.69412600000E-01   1.0000000000
P   1   1.00
  32.620300000       1.0000000000
P   1   1.00
  14.524700000       1.0000000000
P   1   1.00
  8.6781400000       1.0000000000
P   1   1.00
  5.7193900000       1.0000000000
P   1   1.00
  3.2159700000       1.0000000000
P   1   1.00
  1.8790900000       1.0000000000
P   1   1.00
  1.0563400000       1.0000000000
P   1   1.00
 0.61613000000       1.0000000000
P   1   1.00
 0.39795100000       1.0000000000
P   1   1.00
 0.24445100000       1.0000000000
P   1   1.00
 0.13473900000       1.0000000000
P   1   1.00
 0.74626300000E-01   1.0000000000
D   1   1.00
  27.137200000       1.0000000000
D   1   1.00
  14.739200000       1.0000000000
D   1   1.00
  9.4125700000       1.0000000000
D   1   1.00
  4.3010800000       1.0000000000
D   1   1.00
  2.1046900000       1.0000000000
D   1   1.00
  1.2513800000       1.0000000000
D   1   1.00
 0.70257000000       1.0000000000
D   1   1.00
 0.40057300000       1.0000000000
D   1   1.00
 0.21722500000       1.0000000000
D   1   1.00
 0.16608300000       1.0000000000
D   1   1.00
 0.88022200000E-01   1.0000000000
F   1   1.00
  18.541300000       1.0000000000
F   1   1.00
  9.7898200000       1.0000000000
F   1   1.00
  4.4964800000       1.0000000000
F   1   1.00
  1.8824000000       1.0000000000
F   1   1.00
  1.1672100000       1.0000000000
F   1   1.00
 0.63128100000       1.0000000000
F   1   1.00
 0.35985400000       1.0000000000
F   1   1.00
 0.20438800000       1.0000000000
F   1   1.00
 0.12347500000       1.0000000000
G   1   1.00
  9.6315100000       1.0000000000
G   1   1.00
  4.5879800000       1.0000000000
G   1   1.00
  1.9277500000       1.0000000000
G   1   1.00
  1.1843000000       1.0000000000
G   1   1.00
 0.61000300000       1.0000000000
G   1   1.00
 0.34667400000       1.0000000000
G   1   1.00
 0.17903400000       1.0000000000
H   1   1.00
  5.3187500000       1.0000000000
H   1   1.00
  2.0457100000       1.0000000000
H   1   1.00
  1.0373200000       1.0000000000
H   1   1.00
 0.58061800000       1.0000000000
H   1   1.00
 0.31658700000       1.0000000000
I   1   1.00
  2.1856400000       1.0000000000
I   1   1.00
  1.0393000000       1.0000000000
I   1   1.00
 0.52656000000       1.0000000000
K   1   1.00
  1.0134900000       1.0000000000
****
Sn    0
S   1   1.00
  45.122600000       1.0000000000
S   1   1.00
  30.695700000       1.0000000000
S   1   1.00
  18.120900000       1.0000000000
S   1   1.00
  9.6151900000       1.0000000000
S   1   1.00
  6.5377400000       1.0000000000
S   1   1.00
  3.4030300000       1.0000000000
S   1   1.00
  1.8525100000       1.0000000000
S   1   1.00
  1.0669800000       1.0000000000
S   1   1.00
 0.62613400000       1.0000000000
S   1   1.00
 0.36183000000       1.0000000000
S   1   1.00
 0.25365700000       1.0000000000
S   1   1.00
 0.14005800000       1.0000000000
S   1   1.00
 0.76612000000E-01   1.0000000000
P   1   1.00
  34.499400000       1.0000000000
P   1   1.00
  15.863800000       1.0000000000
P   1   1.00
  9.0894600000       1.0000000000
P   1   1.00
  5.6118600000       1.0000000000
P   1   1.00
  3.1083000000       1.0000000000
P   1   1.00
  1.8804500000       1.0000000000
P   1   1.00
  1.0613800000       1.0000000000
P   1   1.00
 0.61138600000       1.0000000000
P   1   1.00
 0.38997000000       1.0000000000
P   1   1.00
 0.25077900000       1.0000000000
P   1   1.00
 0.14465400000       1.0000000000
P   1   1.00
 0.85639600000E-01   1.0000000000
D   1   1.00
  27.144000000       1.0000000000
D   1   1.00
  14.784300000       1.0000000000
D   1   1.00
  9.4770200000       1.0000000000
D   1   1.00
  4.7474500000       1.0000000000
D   1   1.00
  2.4324900000       1.0000000000
D   1   1.00
  1.2720400000       1.0000000000
D   1   1.00
 0.76433400000       1.0000000000
D   1   1.00
 0.47335800000       1.0000000000
D   1   1.00
 0.29989200000       1.0000000000
D   1   1.00
 0.17187800000       1.0000000000
D   1   1.00
 0.94132500000E-01   1.0000000000
F   1   1.00
  19.959000000       1.0000000000
F   1   1.00
  10.419100000       1.0000000000
F   1   1.00
  4.8733800000       1.0000000000
F   1   1.00
  2.1845100000       1.0000000000
F   1   1.00
  1.2906700000       1.0000000000
F   1   1.00
 0.66848100000       1.0000000000
F   1   1.00
 0.44355100000       1.0000000000
F   1   1.00
 0.26455300000       1.0000000000
F   1   1.00
 0.14225900000       1.0000000000
G   1   1.00
  10.982000000       1.0000000000
G   1   1.00
  5.0760600000       1.0000000000
G   1   1.00
  2.2147300000       1.0000000000
G   1   1.00
  1.3418600000       1.0000000000
G   1   1.00
 0.67013500000       1.0000000000
G   1   1.00
 0.40673000000       1.0000000000
G   1   1.00
 0.21211600000       1.0000000000
H   1   1.00
  5.4270600000       1.0000000000
H   1   1.00
  2.3567000000       1.0000000000
H   1   1.00
  1.2039200000       1.0000000000
H   1   1.00
 0.65458900000       1.0000000000
H   1   1.00
 0.36796400000       1.0000000000
I   1   1.00
  2.5471800000       1.0000000000
I   1   1.00
  1.2077200000       1.0000000000
I   1   1.00
 0.59055900000       1.0000000000
K   1   1.00
  1.1599400000       1.0000000000
****
Sb    0
S   1   1.00
  45.118400000       1.0000000000
S   1   1.00
  30.702900000       1.0000000000
S   1   1.00
  18.134200000       1.0000000000
S   1   1.00
  9.6233300000       1.0000000000
S   1   1.00
  6.5422300000       1.0000000000
S   1   1.00
  3.4091100000       1.0000000000
S   1   1.00
  1.8705200000       1.0000000000
S   1   1.00
  1.0928400000       1.0000000000
S   1   1.00
 0.65315400000       1.0000000000
S   1   1.00
 0.38278400000       1.0000000000
S   1   1.00
 0.26871800000       1.0000000000
S   1   1.00
 0.14720700000       1.0000000000
S   1   1.00
 0.79810800000E-01   1.0000000000
P   1   1.00
  34.612400000       1.0000000000
P   1   1.00
  15.959800000       1.0000000000
P   1   1.00
  9.1225000000       1.0000000000
P   1   1.00
  5.6052000000       1.0000000000
P   1   1.00
  3.1098400000       1.0000000000
P   1   1.00
  1.8987100000       1.0000000000
P   1   1.00
  1.0893500000       1.0000000000
P   1   1.00
 0.63398600000       1.0000000000
P   1   1.00
 0.40232700000       1.0000000000
P   1   1.00
 0.25121200000       1.0000000000
P   1   1.00
 0.13916000000       1.0000000000
P   1   1.00
 0.81681800000E-01   1.0000000000
D   1   1.00
  27.137500000       1.0000000000
D   1   1.00
  14.801700000       1.0000000000
D   1   1.00
  9.5796700000       1.0000000000
D   1   1.00
  4.9823600000       1.0000000000
D   1   1.00
  2.4784200000       1.0000000000
D   1   1.00
  1.2582300000       1.0000000000
D   1   1.00
 0.79017100000       1.0000000000
D   1   1.00
 0.52425300000       1.0000000000
D   1   1.00
 0.34918400000       1.0000000000
D   1   1.00
 0.19142600000       1.0000000000
D   1   1.00
 0.89690100000E-01   1.0000000000
F   1   1.00
  20.486400000       1.0000000000
F   1   1.00
  11.183100000       1.0000000000
F   1   1.00
  5.3072100000       1.0000000000
F   1   1.00
  2.2689900000       1.0000000000
F   1   1.00
  1.2850300000       1.0000000000
F   1   1.00
 0.71696500000       1.0000000000
F   1   1.00
 0.50431500000       1.0000000000
F   1   1.00
 0.31198100000       1.0000000000
F   1   1.00
 0.16760000000       1.0000000000
G   1   1.00
  11.085100000       1.0000000000
G   1   1.00
  5.4111000000       1.0000000000
G   1   1.00
  2.2999900000       1.0000000000
G   1   1.00
  1.4308000000       1.0000000000
G   1   1.00
 0.76501400000       1.0000000000
G   1   1.00
 0.45847800000       1.0000000000
G   1   1.00
 0.25743500000       1.0000000000
H   1   1.00
  5.4435500000       1.0000000000
H   1   1.00
  2.3768200000       1.0000000000
H   1   1.00
  1.2581200000       1.0000000000
H   1   1.00
 0.73214000000       1.0000000000
H   1   1.00
 0.41981300000       1.0000000000
I   1   1.00
  2.5309400000       1.0000000000
I   1   1.00
  1.2715500000       1.0000000000
I   1   1.00
 0.65525000000       1.0000000000
K   1   1.00
  1.3282100000       1.0000000000
****
Te    0
S   1   1.00
  44.854600000       1.0000000000
S   1   1.00
  30.161100000       1.0000000000
S   1   1.00
  17.433800000       1.0000000000
S   1   1.00
  9.1689300000       1.0000000000
S   1   1.00
  6.2695500000       1.0000000000
S   1   1.00
  3.2772100000       1.0000000000
S   1   1.00
  1.7703200000       1.0000000000
S   1   1.00
  1.0425600000       1.0000000000
S   1   1.00
 0.65224000000       1.0000000000
S   1   1.00
 0.41050700000       1.0000000000
S   1   1.00
 0.29695700000       1.0000000000
S   1   1.00
 0.16308800000       1.0000000000
S   1   1.00
 0.85384000000E-01   1.0000000000
P   1   1.00
  33.795800000       1.0000000000
P   1   1.00
  15.428000000       1.0000000000
P   1   1.00
  9.0864600000       1.0000000000
P   1   1.00
  5.6271200000       1.0000000000
P   1   1.00
  3.0052200000       1.0000000000
P   1   1.00
  1.7693600000       1.0000000000
P   1   1.00
  1.0455900000       1.0000000000
P   1   1.00
 0.65989400000       1.0000000000
P   1   1.00
 0.44685200000       1.0000000000
P   1   1.00
 0.28456300000       1.0000000000
P   1   1.00
 0.14978500000       1.0000000000
P   1   1.00
 0.82776700000E-01   1.0000000000
D   1   1.00
  25.454000000       1.0000000000
D   1   1.00
  14.446300000       1.0000000000
D   1   1.00
  10.158900000       1.0000000000
D   1   1.00
  5.2326200000       1.0000000000
D   1   1.00
  2.6951400000       1.0000000000
D   1   1.00
  1.3263500000       1.0000000000
D   1   1.00
 0.82524400000       1.0000000000
D   1   1.00
 0.57689000000       1.0000000000
D   1   1.00
 0.40304600000       1.0000000000
D   1   1.00
 0.22252600000       1.0000000000
D   1   1.00
 0.98563600000E-01   1.0000000000
F   1   1.00
  18.884400000       1.0000000000
F   1   1.00
  11.433100000       1.0000000000
F   1   1.00
  5.7562800000       1.0000000000
F   1   1.00
  2.4505900000       1.0000000000
F   1   1.00
  1.3616300000       1.0000000000
F   1   1.00
 0.78463400000       1.0000000000
F   1   1.00
 0.56677300000       1.0000000000
F   1   1.00
 0.35920800000       1.0000000000
F   1   1.00
 0.19645600000       1.0000000000
G   1   1.00
  10.045200000       1.0000000000
G   1   1.00
  5.6408500000       1.0000000000
G   1   1.00
  2.3238300000       1.0000000000
G   1   1.00
  1.4098400000       1.0000000000
G   1   1.00
 0.78750200000       1.0000000000
G   1   1.00
 0.48657100000       1.0000000000
G   1   1.00
 0.26709000000       1.0000000000
H   1   1.00
  5.3982600000       1.0000000000
H   1   1.00
  2.3394200000       1.0000000000
H   1   1.00
  1.2073100000       1.0000000000
H   1   1.00
 0.77884300000       1.0000000000
H   1   1.00
 0.42686900000       1.0000000000
I   1   1.00
  2.6033000000       1.0000000000
I   1   1.00
  1.3057100000       1.0000000000
I   1   1.00
 0.70892700000       1.0000000000
K   1   1.00
  1.4142700000       1.0000000000
****
I     0
S   1   1.00
  44.676600000       1.0000000000
S   1   1.00
  29.966100000       1.0000000000
S   1   1.00
  17.193000000       1.0000000000
S   1   1.00
  9.0023500000       1.0000000000
S   1   1.00
  6.1651800000       1.0000000000
S   1   1.00
  3.2433600000       1.0000000000
S   1   1.00
  1.7620900000       1.0000000000
S   1   1.00
  1.0425600000       1.0000000000
S   1   1.00
 0.65101000000       1.0000000000
S   1   1.00
 0.41055100000       1.0000000000
S   1   1.00
 0.29865200000       1.0000000000
S   1   1.00
 0.16628700000       1.0000000000
S   1   1.00
 0.87442000000E-01   1.0000000000
P   1   1.00
  33.255400000       1.0000000000
P   1   1.00
  15.484100000       1.0000000000
P   1   1.00
  9.5286900000       1.0000000000
P   1   1.00
  6.0050200000       1.0000000000
P   1   1.00
  3.0607800000       1.0000000000
P   1   1.00
  1.7494300000       1.0000000000
P   1   1.00
  1.0322700000       1.0000000000
P   1   1.00
 0.65812000000       1.0000000000
P   1   1.00
 0.45150900000       1.0000000000
P   1   1.00
 0.29202100000       1.0000000000
P   1   1.00
 0.15372900000       1.0000000000
P   1   1.00
 0.83132300000E-01   1.0000000000
D   1   1.00
  23.870600000       1.0000000000
D   1   1.00
  13.872700000       1.0000000000
D   1   1.00
  10.310900000       1.0000000000
D   1   1.00
  5.3823800000       1.0000000000
D   1   1.00
  2.8543400000       1.0000000000
D   1   1.00
  1.4041300000       1.0000000000
D   1   1.00
 0.85196500000       1.0000000000
D   1   1.00
 0.59704200000       1.0000000000
D   1   1.00
 0.41608500000       1.0000000000
D   1   1.00
 0.24505500000       1.0000000000
D   1   1.00
 0.10855900000       1.0000000000
F   1   1.00
  17.509300000       1.0000000000
F   1   1.00
  11.515900000       1.0000000000
F   1   1.00
  6.1330000000       1.0000000000
F   1   1.00
  2.6468300000       1.0000000000
F   1   1.00
  1.4079000000       1.0000000000
F   1   1.00
 0.81553400000       1.0000000000
F   1   1.00
 0.60131900000       1.0000000000
F   1   1.00
 0.39783400000       1.0000000000
F   1   1.00
 0.22553000000       1.0000000000
G   1   1.00
  8.8894800000       1.0000000000
G   1   1.00
  5.8146700000       1.0000000000
G   1   1.00
  2.5365500000       1.0000000000
G   1   1.00
  1.3629000000       1.0000000000
G   1   1.00
 0.81932200000       1.0000000000
G   1   1.00
 0.55383900000       1.0000000000
G   1   1.00
 0.31028800000       1.0000000000
H   1   1.00
  5.2280200000       1.0000000000
H   1   1.00
  2.3852300000       1.0000000000
H   1   1.00
  1.1597300000       1.0000000000
H   1   1.00
 0.80395900000       1.0000000000
H   1   1.00
 0.47083300000       1.0000000000
I   1   1.00
  2.7549600000       1.0000000000
I   1   1.00
  1.3739700000       1.0000000000
I   1   1.00
 0.79181400000       1.0000000000
K   1   1.00
  1.5903600000       1.0000000000
****
Xe    0
S   1   1.00
  44.675900000       1.0000000000
S   1   1.00
  29.972700000       1.0000000000
S   1   1.00
  17.265000000       1.0000000000
S   1   1.00
  9.0662100000       1.0000000000
S   1   1.00
  6.1989300000       1.0000000000
S   1   1.00
  3.2314100000       1.0000000000
S   1   1.00
  1.7459500000       1.0000000000
S   1   1.00
  1.0350700000       1.0000000000
S   1   1.00
 0.65072700000       1.0000000000
S   1   1.00
 0.41310600000       1.0000000000
S   1   1.00
 0.30105600000       1.0000000000
S   1   1.00
 0.16731700000       1.0000000000
S   1   1.00
 0.87752500000E-01   1.0000000000
P   1   1.00
  33.288000000       1.0000000000
P   1   1.00
  15.744600000       1.0000000000
P   1   1.00
  9.8278000000       1.0000000000
P   1   1.00
  6.2088300000       1.0000000000
P   1   1.00
  3.1027500000       1.0000000000
P   1   1.00
  1.7538200000       1.0000000000
P   1   1.00
  1.0322900000       1.0000000000
P   1   1.00
 0.65805700000       1.0000000000
P   1   1.00
 0.45070400000       1.0000000000
P   1   1.00
 0.29063300000       1.0000000000
P   1   1.00
 0.15302800000       1.0000000000
P   1   1.00
 0.83130600000E-01   1.0000000000
D   1   1.00
  23.573200000       1.0000000000
D   1   1.00
  13.832400000       1.0000000000
D   1   1.00
  10.417900000       1.0000000000
D   1   1.00
  5.4503500000       1.0000000000
D   1   1.00
  2.8583700000       1.0000000000
D   1   1.00
  1.4203600000       1.0000000000
D   1   1.00
 0.84679100000       1.0000000000
D   1   1.00
 0.59039700000       1.0000000000
D   1   1.00
 0.39889300000       1.0000000000
D   1   1.00
 0.23797000000       1.0000000000
D   1   1.00
 0.10805100000       1.0000000000
F   1   1.00
  17.413900000       1.0000000000
F   1   1.00
  11.826600000       1.0000000000
F   1   1.00
  6.4800700000       1.0000000000
F   1   1.00
  2.6564800000       1.0000000000
F   1   1.00
  1.4157000000       1.0000000000
F   1   1.00
 0.82243500000       1.0000000000
F   1   1.00
 0.59802100000       1.0000000000
F   1   1.00
 0.39236200000       1.0000000000
F   1   1.00
 0.22481500000       1.0000000000
G   1   1.00
  8.6488000000       1.0000000000
G   1   1.00
  5.4602400000       1.0000000000
G   1   1.00
  2.6035400000       1.0000000000
G   1   1.00
  1.2758400000       1.0000000000
G   1   1.00
 0.79867900000       1.0000000000
G   1   1.00
 0.58601600000       1.0000000000
G   1   1.00
 0.37604400000       1.0000000000
H   1   1.00
  5.1170900000       1.0000000000
H   1   1.00
  2.4504700000       1.0000000000
H   1   1.00
  1.1292500000       1.0000000000
H   1   1.00
 0.79672400000       1.0000000000
H   1   1.00
 0.50145400000       1.0000000000
I   1   1.00
  2.8938800000       1.0000000000
I   1   1.00
  1.3568900000       1.0000000000
I   1   1.00
 0.86369300000       1.0000000000
K   1   1.00
  1.7852000000       1.0000000000
****
Tl    0
S   1   1.00
  43.850100000       1.0000000000
S   1   1.00
  29.086400000       1.0000000000
S   1   1.00
  15.585300000       1.0000000000
S   1   1.00
  7.9845800000       1.0000000000
S   1   1.00
  5.6015300000       1.0000000000
S   1   1.00
  3.0746400000       1.0000000000
S   1   1.00
  1.4833600000       1.0000000000
S   1   1.00
 0.77930200000       1.0000000000
S   1   1.00
 0.47384600000       1.0000000000
S   1   1.00
 0.27966900000       1.0000000000
S   1   1.00
 0.19868800000       1.0000000000
S   1   1.00
 0.10321500000       1.0000000000
S   1   1.00
 0.50831300000E-01   1.0000000000
P   1   1.00
  25.447700000       1.0000000000
P   1   1.00
  11.256600000       1.0000000000
P   1   1.00
  8.1012200000       1.0000000000
P   1   1.00
  6.3521000000       1.0000000000
P   1   1.00
  3.3882900000       1.0000000000
P   1   1.00
  1.8751600000       1.0000000000
P   1   1.00
  1.0127300000       1.0000000000
P   1   1.00
 0.62683500000       1.0000000000
P   1   1.00
 0.41063000000       1.0000000000
P   1   1.00
 0.23345900000       1.0000000000
P   1   1.00
 0.12507700000       1.0000000000
P   1   1.00
 0.70637000000E-01   1.0000000000
D   1   1.00
  23.326900000       1.0000000000
D   1   1.00
  11.365600000       1.0000000000
D   1   1.00
  7.3742400000       1.0000000000
D   1   1.00
  3.6023300000       1.0000000000
D   1   1.00
  2.0644100000       1.0000000000
D   1   1.00
  1.0972800000       1.0000000000
D   1   1.00
 0.67390100000       1.0000000000
D   1   1.00
 0.41569900000       1.0000000000
D   1   1.00
 0.23027600000       1.0000000000
D   1   1.00
 0.12699600000       1.0000000000
D   1   1.00
 0.73283000000E-01   1.0000000000
F   1   1.00
  14.944700000       1.0000000000
F   1   1.00
  6.5125300000       1.0000000000
F   1   1.00
  3.6259800000       1.0000000000
F   1   1.00
  2.4211800000       1.0000000000
F   1   1.00
  1.0050200000       1.0000000000
F   1   1.00
 0.85564300000       1.0000000000
F   1   1.00
 0.30756900000       1.0000000000
F   1   1.00
 0.23369900000       1.0000000000
F   1   1.00
 0.10403300000       1.0000000000
G   1   1.00
  7.4544500000       1.0000000000
G   1   1.00
  3.3169400000       1.0000000000
G   1   1.00
  1.8952100000       1.0000000000
G   1   1.00
 0.97803600000       1.0000000000
G   1   1.00
 0.64347900000       1.0000000000
G   1   1.00
 0.34672900000       1.0000000000
G   1   1.00
 0.17074900000       1.0000000000
H   1   1.00
  5.2886700000       1.0000000000
H   1   1.00
  1.9769800000       1.0000000000
H   1   1.00
  1.0443000000       1.0000000000
H   1   1.00
 0.57375000000       1.0000000000
H   1   1.00
 0.32697000000       1.0000000000
I   1   1.00
  1.8186500000       1.0000000000
I   1   1.00
 0.95819300000       1.0000000000
I   1   1.00
 0.51611700000       1.0000000000
K   1   1.00
  1.0125500000       1.0000000000
****
Pb    0
S   1   1.00
  44.491300000       1.0000000000
S   1   1.00
  29.775200000       1.0000000000
S   1   1.00
  17.052700000       1.0000000000
S   1   1.00
  8.9022900000       1.0000000000
S   1   1.00
  6.1362200000       1.0000000000
S   1   1.00
  3.2628000000       1.0000000000
S   1   1.00
  1.7206700000       1.0000000000
S   1   1.00
 0.96364000000       1.0000000000
S   1   1.00
 0.57060900000       1.0000000000
S   1   1.00
 0.34114500000       1.0000000000
S   1   1.00
 0.24357500000       1.0000000000
S   1   1.00
 0.14194400000       1.0000000000
S   1   1.00
 0.75748400000E-01   1.0000000000
P   1   1.00
  28.159000000       1.0000000000
P   1   1.00
  12.030300000       1.0000000000
P   1   1.00
  8.0412400000       1.0000000000
P   1   1.00
  6.0588700000       1.0000000000
P   1   1.00
  3.2198400000       1.0000000000
P   1   1.00
  1.9093100000       1.0000000000
P   1   1.00
  1.0086300000       1.0000000000
P   1   1.00
 0.62067800000       1.0000000000
P   1   1.00
 0.42723900000       1.0000000000
P   1   1.00
 0.28757800000       1.0000000000
P   1   1.00
 0.16438000000       1.0000000000
P   1   1.00
 0.91488600000E-01   1.0000000000
D   1   1.00
  23.919300000       1.0000000000
D   1   1.00
  12.541700000       1.0000000000
D   1   1.00
  8.1670000000       1.0000000000
D   1   1.00
  3.9429000000       1.0000000000
D   1   1.00
  2.4722300000       1.0000000000
D   1   1.00
  1.3653800000       1.0000000000
D   1   1.00
 0.73941100000       1.0000000000
D   1   1.00
 0.44427100000       1.0000000000
D   1   1.00
 0.28718300000       1.0000000000
D   1   1.00
 0.17613700000       1.0000000000
D   1   1.00
 0.80915300000E-01   1.0000000000
F   1   1.00
  16.034800000       1.0000000000
F   1   1.00
  7.3074600000       1.0000000000
F   1   1.00
  3.7647900000       1.0000000000
F   1   1.00
  2.3074700000       1.0000000000
F   1   1.00
  1.2500300000       1.0000000000
F   1   1.00
 0.69986100000       1.0000000000
F   1   1.00
 0.42640400000       1.0000000000
F   1   1.00
 0.25575500000       1.0000000000
F   1   1.00
 0.14102100000       1.0000000000
G   1   1.00
  8.2655300000       1.0000000000
G   1   1.00
  3.9422500000       1.0000000000
G   1   1.00
  2.4268000000       1.0000000000
G   1   1.00
  1.2423700000       1.0000000000
G   1   1.00
 0.70510100000       1.0000000000
G   1   1.00
 0.39950200000       1.0000000000
G   1   1.00
 0.20817900000       1.0000000000
H   1   1.00
  5.3853100000       1.0000000000
H   1   1.00
  2.2578200000       1.0000000000
H   1   1.00
  1.1608900000       1.0000000000
H   1   1.00
 0.65926100000       1.0000000000
H   1   1.00
 0.36322400000       1.0000000000
I   1   1.00
  2.2377800000       1.0000000000
I   1   1.00
  1.1268200000       1.0000000000
I   1   1.00
 0.58250200000       1.0000000000
K   1   1.00
  1.1059500000       1.0000000000
****
Bi    0
S   1   1.00
  44.583000000       1.0000000000
S   1   1.00
  29.863300000       1.0000000000
S   1   1.00
  17.143800000       1.0000000000
S   1   1.00
  8.9726700000       1.0000000000
S   1   1.00
  6.1876100000       1.0000000000
S   1   1.00
  3.3143900000       1.0000000000
S   1   1.00
  1.8020400000       1.0000000000
S   1   1.00
  1.0554600000       1.0000000000
S   1   1.00
 0.65147400000       1.0000000000
S   1   1.00
 0.39880000000       1.0000000000
S   1   1.00
 0.28180100000       1.0000000000
S   1   1.00
 0.15121700000       1.0000000000
S   1   1.00
 0.80244800000E-01   1.0000000000
P   1   1.00
  29.018800000       1.0000000000
P   1   1.00
  12.422500000       1.0000000000
P   1   1.00
  8.1027600000       1.0000000000
P   1   1.00
  5.9702300000       1.0000000000
P   1   1.00
  3.1367500000       1.0000000000
P   1   1.00
  1.9083000000       1.0000000000
P   1   1.00
  1.0281200000       1.0000000000
P   1   1.00
 0.63054800000       1.0000000000
P   1   1.00
 0.42715200000       1.0000000000
P   1   1.00
 0.27918500000       1.0000000000
P   1   1.00
 0.15426300000       1.0000000000
P   1   1.00
 0.87629100000E-01   1.0000000000
D   1   1.00
  24.188100000       1.0000000000
D   1   1.00
  12.874800000       1.0000000000
D   1   1.00
  8.5037800000       1.0000000000
D   1   1.00
  4.1629100000       1.0000000000
D   1   1.00
  2.5992300000       1.0000000000
D   1   1.00
  1.3920000000       1.0000000000
D   1   1.00
 0.74843000000       1.0000000000
D   1   1.00
 0.47480300000       1.0000000000
D   1   1.00
 0.31820300000       1.0000000000
D   1   1.00
 0.18858100000       1.0000000000
D   1   1.00
 0.86644100000E-01   1.0000000000
F   1   1.00
  16.415800000       1.0000000000
F   1   1.00
  7.7207100000       1.0000000000
F   1   1.00
  3.9270300000       1.0000000000
F   1   1.00
  2.3528300000       1.0000000000
F   1   1.00
  1.2786200000       1.0000000000
F   1   1.00
 0.71945400000       1.0000000000
F   1   1.00
 0.45873800000       1.0000000000
F   1   1.00
 0.27121300000       1.0000000000
F   1   1.00
 0.15110900000       1.0000000000
G   1   1.00
  8.7122100000       1.0000000000
G   1   1.00
  4.3220200000       1.0000000000
G   1   1.00
  2.5029500000       1.0000000000
G   1   1.00
  1.3329700000       1.0000000000
G   1   1.00
 0.74794200000       1.0000000000
G   1   1.00
 0.45107400000       1.0000000000
G   1   1.00
 0.24295600000       1.0000000000
H   1   1.00
  5.3967100000       1.0000000000
H   1   1.00
  2.2773800000       1.0000000000
H   1   1.00
  1.2092100000       1.0000000000
H   1   1.00
 0.72291800000       1.0000000000
H   1   1.00
 0.41084200000       1.0000000000
I   1   1.00
  2.4534000000       1.0000000000
I   1   1.00
  1.2481200000       1.0000000000
I   1   1.00
 0.65106400000       1.0000000000
K   1   1.00
  1.2240600000       1.0000000000
****
Po    0
S   1   1.00
  44.676400000       1.0000000000
S   1   1.00
  29.959900000       1.0000000000
S   1   1.00
  17.231000000       1.0000000000
S   1   1.00
  9.0132200000       1.0000000000
S   1   1.00
  6.1932000000       1.0000000000
S   1   1.00
  3.2942100000       1.0000000000
S   1   1.00
  1.7927000000       1.0000000000
S   1   1.00
  1.0554300000       1.0000000000
S   1   1.00
 0.65859500000       1.0000000000
S   1   1.00
 0.41033500000       1.0000000000
S   1   1.00
 0.29338600000       1.0000000000
S   1   1.00
 0.15837800000       1.0000000000
S   1   1.00
 0.82897100000E-01   1.0000000000
P   1   1.00
  30.044900000       1.0000000000
P   1   1.00
  12.961900000       1.0000000000
P   1   1.00
  8.2296100000       1.0000000000
P   1   1.00
  5.8900500000       1.0000000000
P   1   1.00
  3.0508100000       1.0000000000
P   1   1.00
  1.9126900000       1.0000000000
P   1   1.00
  1.0572500000       1.0000000000
P   1   1.00
 0.64306700000       1.0000000000
P   1   1.00
 0.42720700000       1.0000000000
P   1   1.00
 0.27328700000       1.0000000000
P   1   1.00
 0.14969300000       1.0000000000
P   1   1.00
 0.84531800000E-01   1.0000000000
D   1   1.00
  24.295500000       1.0000000000
D   1   1.00
  12.995400000       1.0000000000
D   1   1.00
  8.6202700000       1.0000000000
D   1   1.00
  4.2608000000       1.0000000000
D   1   1.00
  2.6282000000       1.0000000000
D   1   1.00
  1.4061100000       1.0000000000
D   1   1.00
 0.81550300000       1.0000000000
D   1   1.00
 0.52581300000       1.0000000000
D   1   1.00
 0.34367600000       1.0000000000
D   1   1.00
 0.18833300000       1.0000000000
D   1   1.00
 0.95618500000E-01   1.0000000000
F   1   1.00
  16.724000000       1.0000000000
F   1   1.00
  8.0506300000       1.0000000000
F   1   1.00
  4.1250000000       1.0000000000
F   1   1.00
  2.5870100000       1.0000000000
F   1   1.00
  1.4664000000       1.0000000000
F   1   1.00
 0.76046800000       1.0000000000
F   1   1.00
 0.51737800000       1.0000000000
F   1   1.00
 0.30268800000       1.0000000000
F   1   1.00
 0.16189100000       1.0000000000
G   1   1.00
  8.7899900000       1.0000000000
G   1   1.00
  4.3497500000       1.0000000000
G   1   1.00
  2.5738100000       1.0000000000
G   1   1.00
  1.4581500000       1.0000000000
G   1   1.00
 0.76829700000       1.0000000000
G   1   1.00
 0.47454200000       1.0000000000
G   1   1.00
 0.25325500000       1.0000000000
H   1   1.00
  5.3974300000       1.0000000000
H   1   1.00
  2.2608300000       1.0000000000
H   1   1.00
  1.2145100000       1.0000000000
H   1   1.00
 0.72781300000       1.0000000000
H   1   1.00
 0.40116500000       1.0000000000
I   1   1.00
  2.5118000000       1.0000000000
I   1   1.00
  1.2820300000       1.0000000000
I   1   1.00
 0.67095300000       1.0000000000
K   1   1.00
  1.2507000000       1.0000000000
****
At    0
S   1   1.00
  44.124300000       1.0000000000
S   1   1.00
  29.431900000       1.0000000000
S   1   1.00
  16.825000000       1.0000000000
S   1   1.00
  8.8894800000       1.0000000000
S   1   1.00
  6.2085500000       1.0000000000
S   1   1.00
  3.3555100000       1.0000000000
S   1   1.00
  1.8009700000       1.0000000000
S   1   1.00
  1.0588100000       1.0000000000
S   1   1.00
 0.67117100000       1.0000000000
S   1   1.00
 0.42449100000       1.0000000000
S   1   1.00
 0.30460800000       1.0000000000
S   1   1.00
 0.16338300000       1.0000000000
S   1   1.00
 0.84624300000E-01   1.0000000000
P   1   1.00
  28.782500000       1.0000000000
P   1   1.00
  12.305800000       1.0000000000
P   1   1.00
  8.0782400000       1.0000000000
P   1   1.00
  5.9714000000       1.0000000000
P   1   1.00
  3.1302800000       1.0000000000
P   1   1.00
  1.9271500000       1.0000000000
P   1   1.00
  1.0775100000       1.0000000000
P   1   1.00
 0.66825300000       1.0000000000
P   1   1.00
 0.44441000000       1.0000000000
P   1   1.00
 0.28098800000       1.0000000000
P   1   1.00
 0.15101900000       1.0000000000
P   1   1.00
 0.84595200000E-01   1.0000000000
D   1   1.00
  23.960800000       1.0000000000
D   1   1.00
  12.852400000       1.0000000000
D   1   1.00
  8.6961000000       1.0000000000
D   1   1.00
  4.4175000000       1.0000000000
D   1   1.00
  2.6234300000       1.0000000000
D   1   1.00
  1.3323000000       1.0000000000
D   1   1.00
 0.79362900000       1.0000000000
D   1   1.00
 0.54266700000       1.0000000000
D   1   1.00
 0.37583100000       1.0000000000
D   1   1.00
 0.21333700000       1.0000000000
D   1   1.00
 0.10106900000       1.0000000000
F   1   1.00
  16.602500000       1.0000000000
F   1   1.00
  8.6492900000       1.0000000000
F   1   1.00
  4.3276800000       1.0000000000
F   1   1.00
  2.6249300000       1.0000000000
F   1   1.00
  1.3773800000       1.0000000000
F   1   1.00
 0.79913000000       1.0000000000
F   1   1.00
 0.57275600000       1.0000000000
F   1   1.00
 0.34250700000       1.0000000000
F   1   1.00
 0.18143400000       1.0000000000
G   1   1.00
  8.7633900000       1.0000000000
G   1   1.00
  4.2762200000       1.0000000000
G   1   1.00
  2.4574400000       1.0000000000
G   1   1.00
  1.3999600000       1.0000000000
G   1   1.00
 0.82586900000       1.0000000000
G   1   1.00
 0.52409300000       1.0000000000
G   1   1.00
 0.29545500000       1.0000000000
H   1   1.00
  5.3234400000       1.0000000000
H   1   1.00
  2.2775100000       1.0000000000
H   1   1.00
  1.1776800000       1.0000000000
H   1   1.00
 0.77574600000       1.0000000000
H   1   1.00
 0.44242100000       1.0000000000
I   1   1.00
  2.4207300000       1.0000000000
I   1   1.00
  1.2845700000       1.0000000000
I   1   1.00
 0.72092100000       1.0000000000
K   1   1.00
  1.3628300000       1.0000000000
****
Rn    0
S   1   1.00
  42.887800000       1.0000000000
S   1   1.00
  28.263300000       1.0000000000
S   1   1.00
  15.977700000       1.0000000000
S   1   1.00
  8.6903400000       1.0000000000
S   1   1.00
  6.2774100000       1.0000000000
S   1   1.00
  3.4820800000       1.0000000000
S   1   1.00
  1.8003600000       1.0000000000
S   1   1.00
  1.0416000000       1.0000000000
S   1   1.00
 0.67304000000       1.0000000000
S   1   1.00
 0.43957900000       1.0000000000
S   1   1.00
 0.32195000000       1.0000000000
S   1   1.00
 0.17560300000       1.0000000000
S   1   1.00
 0.90062200000E-01   1.0000000000
P   1   1.00
  27.691000000       1.0000000000
P   1   1.00
  11.829400000       1.0000000000
P   1   1.00
  8.0155000000       1.0000000000
P   1   1.00
  6.0692000000       1.0000000000
P   1   1.00
  3.1622800000       1.0000000000
P   1   1.00
  1.8987000000       1.0000000000
P   1   1.00
  1.0875600000       1.0000000000
P   1   1.00
 0.70820100000       1.0000000000
P   1   1.00
 0.48782300000       1.0000000000
P   1   1.00
 0.31250400000       1.0000000000
P   1   1.00
 0.16276300000       1.0000000000
P   1   1.00
 0.85295300000E-01   1.0000000000
D   1   1.00
  23.417400000       1.0000000000
D   1   1.00
  12.696500000       1.0000000000
D   1   1.00
  8.8868800000       1.0000000000
D   1   1.00
  4.7185800000       1.0000000000
D   1   1.00
  2.7046100000       1.0000000000
D   1   1.00
  1.3158600000       1.0000000000
D   1   1.00
 0.79561700000       1.0000000000
D   1   1.00
 0.55156700000       1.0000000000
D   1   1.00
 0.39075800000       1.0000000000
D   1   1.00
 0.22307300000       1.0000000000
D   1   1.00
 0.10725400000       1.0000000000
F   1   1.00
  16.441200000       1.0000000000
F   1   1.00
  8.9694000000       1.0000000000
F   1   1.00
  4.7531600000       1.0000000000
F   1   1.00
  2.6099800000       1.0000000000
F   1   1.00
  1.3480300000       1.0000000000
F   1   1.00
 0.82326500000       1.0000000000
F   1   1.00
 0.60147600000       1.0000000000
F   1   1.00
 0.37689800000       1.0000000000
F   1   1.00
 0.20931900000       1.0000000000
G   1   1.00
  8.8667000000       1.0000000000
G   1   1.00
  4.5020900000       1.0000000000
G   1   1.00
  2.3862300000       1.0000000000
G   1   1.00
  1.3133200000       1.0000000000
G   1   1.00
 0.83117400000       1.0000000000
G   1   1.00
 0.56823400000       1.0000000000
G   1   1.00
 0.34089300000       1.0000000000
H   1   1.00
  5.1203400000       1.0000000000
H   1   1.00
  2.3841000000       1.0000000000
H   1   1.00
  1.1594300000       1.0000000000
H   1   1.00
 0.82175200000       1.0000000000
H   1   1.00
 0.48266100000       1.0000000000
I   1   1.00
  2.4500600000       1.0000000000
I   1   1.00
  1.2838900000       1.0000000000
I   1   1.00
 0.78769200000       1.0000000000
K   1   1.00
  1.5041900000       1.0000000000
****
