# BASIS SET = cc-pVTZ-PP          
#Elements                             References                                
#--------                             ----------                                
#Y-Pd: K.A. Peterson, D. Figgen, M. Dolg, and H. Stoll, J. Chem. Phys. 126, 124101 (2007).
#
# BASIS SET: ( 10s 9p 8d 2f 1g ) -> [ 5s 5p 4d 2f 1g ]         
 BASIS "aobasis" print
 Y   S
       121.5550000  0.0003990 -0.0001380 -0.0000250  0.0003360
        13.3508000 -0.0373740  0.0126550  0.0025120 -0.0302260
         8.3430400  0.2104080 -0.0725770 -0.0493070  0.0575900
         5.2126200 -0.1742590  0.0689460 -0.0036710 -0.2202050
         2.8482200 -0.4490590  0.1410760  0.3721140  0.8124860
         0.7360920  0.7515460 -0.3097690 -1.0040470 -2.9159010
         0.3395250  0.5039130 -0.3640910 -0.0462620  2.9601310
         0.0850000  0.0381900  0.3089760  2.7996160  0.3098150
         0.0457190 -0.0168190  0.6183900 -1.8967450 -3.0151070
 Y   S
         0.0217750  1.0000000
 Y   P
        15.7057000 -0.0010080 -0.0001460 -0.0006490  0.0008090
         9.8143400  0.0184510 -0.0045380  0.0126010 -0.0150420
         3.9515200 -0.1533130  0.0466130 -0.1098480  0.1388090
         1.0287300  0.3882870 -0.1376680  0.3192010 -0.6034190
         0.5203410  0.4715490 -0.1888270  0.8044380 -0.8228890
         0.2628060  0.2442250 -0.1161280 -0.8756500  2.6576020
         0.1191270  0.0374550  0.3231850 -1.0192500 -1.8092190
         0.0532630  0.0009170  0.6065240  0.9413270 -0.4174460
 Y   P
         0.0233840  1.0000000
 Y   D
        15.8535000  0.0009920 -0.0010910  0.0013370
         5.0818300 -0.0052340  0.0056570 -0.0069910
         1.4509500  0.0867890 -0.1099010  0.1521840
         0.6892770  0.2297090 -0.2902090  0.4617290
         0.3133420  0.3256070 -0.3566240  0.1555670
         0.1383830  0.3432860  0.0229490 -0.9016730
         0.0595550  0.2503880  0.5623060 -0.0617510
 Y   D
         0.0245030  1.0000000
 Y   F
         0.4893000  1.0000000
 Y   F
         0.1248000  1.0000000
 Y   G
         0.2769000  1.0000000
#
# BASIS SET: ( 10s 9p 8d 2f 1g ) -> [ 5s 5p 4d 2f 1g ]         
 Zr  S
       136.8260000  0.0004090 -0.0001420 -0.0000310  0.0000940
        14.5128000 -0.0385170  0.0131450  0.0019190 -0.0109880
         9.0698100  0.2158150 -0.0753410 -0.0509770 -0.0305380
         5.6664000 -0.1733400  0.0699780 -0.0153840 -0.0961350
         3.1131900 -0.4700670  0.1504360  0.4351660  0.8023080
         0.8234820  0.7634610 -0.3253820 -1.1911120 -3.2348630
         0.3811930  0.5037400 -0.3567120  0.1292570  3.4978270
         0.0977920  0.0378590  0.3070140  2.6494430 -0.7468840
         0.0508390 -0.0153900  0.6239180 -1.8700320 -1.7815950
 Zr  S
         0.0236930  1.0000000
 Zr  P
        17.4119000 -0.0011830 -0.0001340 -0.0001070  0.0003190
        10.8799000  0.0191740 -0.0046090 -0.0067180 -0.0136660
         4.3280400 -0.1600700  0.0481890  0.0683650  0.1316590
         1.1386400  0.4057620 -0.1454840 -0.2045500 -0.4538160
         0.5758550  0.4736200 -0.1898740 -0.2797650 -0.8019150
         0.2886700  0.2319610 -0.0778140 -0.0980140  1.2831030
         0.1280140  0.0326620  0.3319510  0.6499590  0.5992920
         0.0552900  0.0006340  0.5837920  0.4986110 -1.0604800
 Zr  P
         0.0236130  1.0000000
 Zr  D
        18.0732000  0.0011410 -0.0012140  0.0016120
         5.2195900 -0.0082810  0.0087890 -0.0118120
         1.6998500  0.0933770 -0.1164370  0.1997150
         0.8363230  0.2509730 -0.3126190  0.5039140
         0.3933540  0.3439070 -0.3388120  0.0093700
         0.1788240  0.3298380  0.1097870 -0.9116610
         0.0782750  0.2121770  0.5744830  0.0859150
 Zr  D
         0.0322480  1.0000000
 Zr  F
         0.7395000  1.0000000
 Zr  F
         0.1931000  1.0000000
 Zr  G
         0.4195000  1.0000000
#
# BASIS SET: ( 10s 9p 8d 2f 1g ) -> [ 5s 5p 4d 2f 1g ]         
 Nb  S
       153.0710000  0.0004270 -0.0001480 -0.0000530 -0.0001160
        15.6363000 -0.0398340  0.0135970  0.0020220  0.0059360
         9.7721800  0.2232090 -0.0781900 -0.0540960 -0.1098620
         6.1054400 -0.1760000  0.0718380 -0.0218900  0.0225290
         3.3909000 -0.4860610  0.1563340  0.4738280  0.7625580
         0.9116760  0.7744000 -0.3360430 -1.2925960 -3.3668890
         0.4221390  0.5027280 -0.3472660  0.2337550  3.7305380
         0.1090790  0.0374030  0.3058060  2.5185120 -1.2109090
         0.0556240 -0.0146450  0.6211110 -1.7822210 -1.2127230
 Nb  S
         0.0255240  1.0000000
 Nb  P
        18.8713000 -0.0013830 -0.0001020 -0.0000540  0.0002690
        11.7929000  0.0207100 -0.0050790 -0.0077120 -0.0147500
         4.7152900 -0.1677060  0.0513210  0.0758660  0.1419370
         1.2553000  0.4181250 -0.1541440 -0.2266570 -0.5173210
         0.6350230  0.4741640 -0.1927810 -0.3034970 -0.7179400
         0.3175950  0.2237340 -0.0631470 -0.0467380  1.3148940
         0.1410540  0.0306890  0.3412080  0.6780350  0.4894290
         0.0604940  0.0006280  0.5757850  0.4528850 -1.0389510
 Nb  P
         0.0256300  1.0000000
 Nb  D
        20.8985000  0.0012390 -0.0013190  0.0018290
         5.6013400 -0.0091370  0.0096450 -0.0134510
         1.9380500  0.0974180 -0.1237060  0.2322370
         0.9775120  0.2640250 -0.3240320  0.5415760
         0.4697960  0.3520390 -0.3217030 -0.1098090
         0.2179050  0.3189190  0.1565040 -0.8826960
         0.0969170  0.1905900  0.5624300  0.1429900
 Nb  D
         0.0403560  1.0000000
 Nb  F
         0.9895000  1.0000000
 Nb  F
         0.2652000  1.0000000
 Nb  G
         0.5906000  1.0000000
#
# BASIS SET: ( 10s 9p 8d 2f 1g ) -> [ 5s 5p 4d 2f 1g ]         
 Mo  S
       170.0690000  0.0004530 -0.0001560 -0.0000750 -0.0002980
        16.7338000 -0.0413800  0.0139920  0.0015070  0.0209690
        10.4587000  0.2326990 -0.0809630 -0.0536740 -0.1814220
         6.5343400 -0.1825190  0.0744540 -0.0331090  0.1285330
         3.6793500 -0.4983180  0.1588830  0.5047010  0.7288700
         1.0019200  0.7853790 -0.3414150 -1.3515930 -3.4647110
         0.4631400  0.5013700 -0.3366740  0.3070100  3.8855920
         0.1187270  0.0358290  0.3095560  2.3973260 -1.5475660
         0.0595140 -0.0140370  0.6149970 -1.6896850 -0.7618020
 Mo  S
         0.0270390  1.0000000
 Mo  P
        20.3080000 -0.0015140 -0.0000830 -0.0000340  0.0001020
        12.6907000  0.0221680 -0.0054470 -0.0086930 -0.0158590
         5.1195000 -0.1743690  0.0532030  0.0831140  0.1536300
         1.3778300  0.4279430 -0.1581500 -0.2494680 -0.5873860
         0.6968240  0.4753060 -0.1918290 -0.3235300 -0.6442110
         0.3473670  0.2174030 -0.0524490  0.0156020  1.3803170
         0.1528190  0.0285240  0.3447620  0.6864390  0.3384870
         0.0650490  0.0004610  0.5699340  0.4139530 -0.9969510
 Mo  P
         0.0273390  1.0000000
 Mo  D
        22.6032000  0.0013060 -0.0013410  0.0020230
         6.3391400 -0.0124380  0.0130470 -0.0206910
         2.1776300  0.1035120 -0.1256280  0.2714220
         1.1070000  0.2776610 -0.3434410  0.5579390
         0.5353720  0.3588570 -0.2978970 -0.2102870
         0.2489800  0.3092260  0.2001940 -0.8724070
         0.1104090  0.1740360  0.5671490  0.2634070
 Mo  D
         0.0453770  1.0000000
 Mo  F
         1.2203000  1.0000000
 Mo  F
         0.3332000  1.0000000
 Mo  G
         0.7324000  1.0000000
#
# BASIS SET: ( 10s 9p 8d 2f 1g ) -> [ 5s 5p 4d 2f 1g ]         
 Tc  S
       188.5090000  0.0004850 -0.0001640 -0.0001130 -0.0004540
        17.8080000 -0.0430660  0.0143460  0.0021590  0.0339630
        11.1310000  0.2441460 -0.0837410 -0.0586310 -0.2396960
         6.9548300 -0.1935770  0.0784280 -0.0346400  0.2133340
         3.9764000 -0.5059760  0.1569650  0.5239370  0.6897390
         1.0938100  0.7962750 -0.3397950 -1.3880530 -3.4513310
         0.5040080  0.4985920 -0.3239530  0.3582630  3.8753210
         0.1272060  0.0341460  0.3005360  2.2951440 -1.6683870
         0.0630470 -0.0129910  0.6094500 -1.5928100 -0.5242970
 Tc  S
         0.0284080  1.0000000
 Tc  P
        21.6444000 -0.0015590 -0.0000960 -0.0000390  0.0003340
        13.5268000  0.0237090 -0.0057220 -0.0097340 -0.0181240
         5.5426600 -0.1803710  0.0539440  0.0897940  0.1656770
         1.5061100  0.4355170 -0.1582580 -0.2706050 -0.6480380
         0.7616800  0.4764540 -0.1873640 -0.3378530 -0.5825740
         0.3783660  0.2128830 -0.0448460  0.0755710  1.4399830
         0.1635880  0.0266430  0.3427490  0.6858690  0.1921730
         0.0689410  0.0001880  0.5657040  0.3823930 -0.9459650
 Tc  P
         0.0286740  1.0000000
 Tc  D
        25.3828000  0.0013390 -0.0013560  0.0022390
         6.9853800 -0.0132810  0.0137140 -0.0238620
         2.4121700  0.1080380 -0.1234670  0.3053790
         1.2417700  0.2860310 -0.3501630  0.5904270
         0.6052420  0.3608340 -0.2873210 -0.3180930
         0.2828290  0.3011930  0.2197000 -0.8455750
         0.1255600  0.1650010  0.5668830  0.3421110
 Tc  D
         0.0514850  1.0000000
 Tc  F
         1.4494000  1.0000000
 Tc  F
         0.4015000  1.0000000
 Tc  G
         0.8717000  1.0000000
#
# BASIS SET: ( 10s 9p 8d 2f 1g ) -> [ 5s 5p 4d 2f 1g ]         
 Ru  S
       208.2500000  0.0005230 -0.0001750 -0.0001820 -0.0006350
        18.8471000 -0.0449130  0.0148030  0.0052730  0.0517470
        11.7818000  0.2576260 -0.0875270 -0.0785570 -0.3171890
         7.3619500 -0.2091300  0.0842820 -0.0138970  0.3298480
         4.2777100 -0.5106620  0.1549110  0.5479870  0.6270530
         1.1910700  0.8032470 -0.3381410 -1.4980850 -3.4222090
         0.5485680  0.4984140 -0.3160050  0.4795000  3.8479480
         0.1386940  0.0337660  0.2835260  2.1402540 -1.6239260
         0.0676510 -0.0120940  0.6092730 -1.4545610 -0.6032230
 Ru  S
         0.0301410  1.0000000
 Ru  P
        22.7753000 -0.0015440 -0.0001480 -0.0000630  0.0011030
        14.2340000  0.0257710 -0.0091740 -0.0114610 -0.0225190
         5.9875500 -0.1865980  0.0813740  0.0999930  0.1821610
         1.6392400  0.4427740 -0.2361250 -0.3036410 -0.7313300
         0.8278800  0.4781510 -0.2943330 -0.3638860 -0.4901170
         0.4090100  0.2083690  0.0150980  0.1659350  1.5235390
         0.1718770  0.0246350  0.6560890  0.7005450 -0.0391820
         0.0712710 -0.0002190  0.4389440  0.3189430 -0.8661830
 Ru  P
         0.0292260  1.0000000
 Ru  D
        25.8838000  0.0015230 -0.0015510  0.0026560
         7.5925500 -0.0181620  0.0190350 -0.0337600
         2.7129300  0.1096910 -0.1257740  0.2929230
         1.3970800  0.2915970 -0.3632850  0.6173710
         0.6825650  0.3620440 -0.2793510 -0.3625300
         0.3193780  0.2975140  0.2457120 -0.8031580
         0.1417810  0.1610370  0.5472610  0.3154610
 Ru  D
         0.0580170  1.0000000
 Ru  F
         1.6965000  1.0000000
 Ru  F
         0.4754000  1.0000000
 Ru  G
         1.0311000  1.0000000
#
# BASIS SET: ( 10s 9p 8d 2f 1g ) -> [ 5s 5p 4d 2f 1g ]         
 Rh  S
       228.9320000  0.0005680 -0.0001860 -0.0002440 -0.0007250
        19.9087000 -0.0468030  0.0151800  0.0079290  0.0599300
        12.4468000  0.2723670 -0.0911300 -0.0938930 -0.3549510
         7.7782100 -0.2301680  0.0911990  0.0079360  0.3902970
         4.5800600 -0.5095540  0.1503790  0.5418830  0.5857430
         1.2906800  0.8098500 -0.3344630 -1.4974880 -3.3028560
         0.5934140  0.4978760 -0.3074430  0.4948550  3.6257170
         0.1491580  0.0331540  0.2695540  1.9905270 -1.2367490
         0.0719530 -0.0115130  0.6048640 -1.2260370 -1.0070470
 Rh  S
         0.0317520  1.0000000
 Rh  P
        24.2117000 -0.0015790 -0.0001320  0.0001470  0.0023040
        15.1331000  0.0271980 -0.0065320 -0.0133530 -0.0272970
         6.4472000 -0.1914630  0.0564450  0.1094800  0.1976470
         1.7777600  0.4476580 -0.1610630 -0.3362590 -0.8063470
         0.8990200  0.4777240 -0.1842580 -0.3686360 -0.3874520
         0.4445220  0.2058190 -0.0336100  0.2138540  1.5168270
         0.1886740  0.0243520  0.3445440  0.6803790 -0.1135820
         0.0785140 -0.0000580  0.5595730  0.3077610 -0.8286130
 Rh  P
         0.0321950  1.0000000
 Rh  D
        29.4998000  0.0016770 -0.0017860  0.0030290
         7.4043700 -0.0184390  0.0201300 -0.0362820
         3.0595900  0.1050760 -0.1279690  0.2815510
         1.5820500  0.2937700 -0.3807800  0.6384210
         0.7748340  0.3641780 -0.2708410 -0.3871850
         0.3630560  0.2972650  0.2651630 -0.7962390
         0.1610470  0.1599580  0.5378200  0.3375180
 Rh  D
         0.0656200  1.0000000
 Rh  F
         1.9606000  1.0000000
 Rh  F
         0.5553000  1.0000000
 Rh  G
         1.1907000  1.0000000
#
# BASIS SET: ( 10s 9p 8d 2f 1g ) -> [ 5s 5p 4d 2f 1g ]         
 Pd  S
       247.2020000  0.0006240 -0.0002000 -0.0002890 -0.0008060
        20.7937000 -0.0501980  0.0158670  0.0100490  0.0673350
        13.0019000  0.2962420 -0.0968700 -0.1055420 -0.3972070
         8.1256200 -0.2640150  0.1017160  0.0255180  0.4583510
         4.8884200 -0.5037150  0.1434910  0.5196830  0.5570950
         1.3920600  0.8177430 -0.3291740 -1.4174220 -3.2352070
         0.6383820  0.4964090 -0.2996310  0.4318030  3.4344500
         0.1588280  0.0323180  0.2591500  1.8563460 -0.8478430
         0.0757930 -0.0110230  0.5993290 -0.9626340 -1.3772410
 Pd  S
         0.0331840  1.0000000
 Pd  P
        24.8824000 -0.0017220 -0.0002120  0.0002580  0.0034320
        15.5517000  0.0315340 -0.0068010 -0.0165210 -0.0345360
         6.9234300 -0.2010620  0.0539880  0.1208050  0.2162500
         1.9228600  0.4525720 -0.1486710 -0.3642750 -0.8692850
         0.9711910  0.4799470 -0.1667440 -0.3807400 -0.2962990
         0.4769190  0.2040450 -0.0347260  0.2890590  1.5226960
         0.1938660  0.0225170  0.3263210  0.6824540 -0.2638220
         0.0787920 -0.0006140  0.5599760  0.2585140 -0.7598920
 Pd  P
         0.0316530  1.0000000
 Pd  D
        29.0204000  0.0021720 -0.0023520  0.0037610
         6.4114900 -0.0479580  0.0544140 -0.0967630
         3.9973600  0.1033430 -0.1263090  0.2519190
         1.8874200  0.2932100 -0.3977950  0.7039300
         0.9132080  0.3716870 -0.2964330 -0.3283750
         0.4256750  0.3064560  0.2617170 -0.8381000
         0.1877270  0.1666290  0.5376890  0.3242530
 Pd  D
         0.0757900  1.0000000
 Pd  F
         2.2329000  1.0000000
 Pd  F
         0.6384000  1.0000000
 Pd  G
         1.3721000  1.0000000
END

 ECP
 Y  nelec 28 ! # core electrons
 Y ul
  2          1.0               0.0
 Y  S
  2          7.85827500      135.13497400
  2          3.38212800       15.41163200
 Y  P
  2          6.84979100       29.25143700
  2          6.71009200       58.50836300
  2          3.04215900        3.78024300
  2          2.93733000        7.67654700
 Y  D
  2          5.41631500       11.84991100
  2          5.33341600       17.77810300
  2          1.97621200        2.06238300
  2          1.96111100        3.07565000
 Y  F
  2          5.02859000       -6.92807800
  2          5.00558200       -9.15509900
 Zr nelec 28 ! # core electrons
 Zr ul
  2          1.0               0.0
 Zr S
  2          8.63652800      150.24299400
  2          3.71763900       18.78003600
 Zr P
  2          7.62672800       33.19279100
  2          7.45320700       66.38903900
  2          3.35838900        4.62072600
  2          3.22973800        9.26027000
 Zr D
  2          5.93808600       13.99338300
  2          5.82554400       20.99588200
  2          2.20501900        2.28516600
  2          2.20629200        3.44126000
 Zr F
  2          4.80021500       -5.23932000
  2          4.79899200       -6.98742400
 Nb nelec 28 ! # core electrons
 Nb ul
  2          1.0               0.0
 Nb S
  2          9.37657800      165.15673600
  2          4.04357200       21.82395100
 Nb P
  2          8.36360900       37.24928400
  2          8.16689800       74.50738900
  2          3.69307500        5.43948600
  2          3.55104700       10.91325200
 Nb D
  2          6.68910800       15.21454900
  2          6.53719300       22.83350800
  2          2.55111800        3.00005200
  2          2.56789600        4.55373400
 Nb F
  2          5.56828500       -6.28135400
  2          5.67137200       -8.75564400
 Mo nelec 28 ! # core electrons
 Mo ul
  2          1.0               0.0
 Mo S
  2         10.09700000      180.07685300
  2          4.37567000       24.71592000
 Mo P
  2          9.12656400       41.22767800
  2          8.86322300       82.45267000
  2          4.04494800        6.34509200
  2          3.86665700       12.45842300
 Mo D
  2          7.53575400       19.30874400
  2          7.27897600       28.97767400
  2          2.76320500        3.18951600
  2          2.77208500        4.70016900
 Mo F
  2          6.30663300       -7.17888800
  2          6.35644800       -9.74597800
 Tc nelec 28 ! # core electrons
 Tc ul
  2          1.0               0.0
 Tc S
  2         10.79936900      195.09130300
  2          4.70725700       27.34041300
 Tc P
  2          9.82669900       45.06081200
  2          9.56111500       90.11729500
  2          4.37857800        7.07051700
  2          4.19090700       14.04801900
 Tc D
  2          8.33604500       21.65775500
  2          8.24453300       32.47195900
  2          3.09370700        3.78952500
  2          3.16872200        6.05343000
 Tc F
  2          7.04094000       -7.99562300
  2          7.06947300      -10.74569600
 Ru nelec 28 ! # core electrons
 Ru ul
  2          1.0               0.0
 Ru S
  2         11.50059000      209.78649300
  2          5.06857500       30.21430700
 Ru P
  2         10.53263400       48.75124400
  2         10.19201000       97.49652900
  2          4.73489200        7.86018800
  2          4.50906500       15.32975100
 Ru D
  2          8.87797700       26.96750600
  2          8.76612200       40.43230300
  2          3.17019600        3.34075800
  2          3.22885100        5.25635200
 Ru F
  2          7.82024900       -8.84752500
  2          7.83964700      -11.83551800
 Rh nelec 28 ! # core electrons
 Rh ul
  2          1.0               0.0
 Rh S
  2         12.19481600      225.31205400
  2          5.40513700       32.44158200
 Rh P
  2         11.28075500       52.87282600
  2         10.92724800      105.74552600
  2          5.09011700        8.61934400
  2          4.85183200       16.97345900
 Rh D
  2          9.13633700       25.10850100
  2          8.96480800       37.69573100
  2          3.64361200        4.20258400
  2          3.63600700        6.29279000
 Rh F
  2          8.61622800       -9.67356800
  2          8.62943500      -12.89984700
 Pd nelec 28 ! # core electrons
 Pd ul
  2          1.0               0.0
 Pd S
  2         12.79882500      240.26278900
  2          5.80052800       34.72996100
 Pd P
  2         11.87469700       56.74692900
  2         11.47433500      113.44441700
  2          5.51599900        9.34563900
  2          5.24804300       18.34544700
 Pd D
  2          8.50221200       28.59555400
  2          7.98332400       43.45392100
  2          3.10762800        1.85228600
  2          2.47673400        1.40676500
 Pd F
  2          9.67957100      -10.98725500
  2          9.69134900      -14.62619000
 END
