****
H     0 
S   4   1.00
  62666.02044953             0.00000075
   2789.59214924             0.00003258
    186.51684197             0.00080054
     18.73113700             0.01209834
S   1   1.00
      2.82539370             1.00000000
S   1   1.00
      0.64012170             1.00000000
S   1   1.00
      0.16127780             1.00000000
S   1   1.00
      0.03600000             1.00000000
P   1   1.00
      1.10000000             1.00000000
****
C     0 
S   8   1.00
 10873731.57976              0.00000010
 469897.3134792              0.00000447
  30750.99553738             0.00011350
   3047.5249                 0.00173952
    457.36951                0.01417686
    103.94869                0.06861645
      9.286663               0.43997543
      3.163927               0.33485178
S   1   1.00
     29.210155               1.00000000
S   1   1.00
      7.8682724              1.00000000
S   1   1.00
      1.8812885              1.00000000
S   1   1.00
      0.5442493              1.00000000
S   1   1.00
      0.1687144              1.00000000
S   1   1.00
      0.0438000              1.00000000
P   4   1.00
    39.81711939              0.00449381
     7.8682724               0.04251455
     1.8812885               0.21682302
     0.5442493               0.46868597
P   1   1.00
     0.1687144               1.00000000
P   1   1.00
      0.0438000              1.00000000
D   1   1.00
      0.8000000              1.00000000
****
N     0 
S   8   1.00
 14841521.17252              0.00000010
 641872.0643321              0.00000447
 42052.27768090              0.00011327
  4173.51100000              0.00173321
   627.45790000              0.01408501
   142.90210000              0.06816058
    12.82021000              0.43256438
     4.39043700              0.33295616
S   1   1.00
    40.23433000              1.00000000
S   1   1.00
    11.62635800              1.00000000
S   1   1.00
     2.71628000              1.00000000
S   1   1.00
     0.77221800              1.00000000
S   1   1.00
     0.21203130              1.00000000
S   1   1.00
      0.0639000              1.00000000
P   4   1.00
    60.55463459              0.00415870
    11.62635800              0.04477623
     2.71628000              0.22613726
     0.77221800              0.50789868
P   1   1.00
     0.21203130              1.00000000
P   1   1.00
      0.0639000              1.00000000
D   1   1.00
      0.8000000              1.00000000
****
O     0 
S   8   1.00
 19428536.09300              0.00000010
 841553.7695902              0.00000447
 55205.88661614              0.00011310
  5484.6717                  0.00172875
   825.23495                 0.01403672
   188.04696                 0.06800430
    16.89757                 0.43150790
     5.7996353               0.33140637
S   1   1.00
    52.9645                  1.00000000
S   1   1.00
    15.539616                1.00000000
S   1   1.00
     3.5999336               1.00000000
S   1   1.00
     1.0137618               1.00000000
S   1   1.00
     0.2700058               1.00000000
S   1   1.00
      0.0845000              1.00000000
P   4   1.00
    81.54048672              0.00413963
    15.539616                0.04683415
     3.5999336               0.23554184
     1.0137618               0.48685655
P   1   1.00
     0.2700058               1.00000000
P   1   1.00
      0.0845000              1.00000000
D   1   1.00
      0.8000000              1.00000000
****