basis spherical nosegment
 I s
 4.297660E+04  1.300000E-05 -6.000000E-06  0.000000E+00  0.000000E+00  0.000000E+00  0.000000E+00  0.000000E+00
 6.439010E+03  9.700000E-05 -4.700000E-05  0.000000E+00  0.000000E+00  0.000000E+00  0.000000E+00  0.000000E+00
 1.455780E+03  4.660000E-04 -2.230000E-04  0.000000E+00  0.000000E+00  0.000000E+00  0.000000E+00  0.000000E+00
 4.053610E+02  1.441000E-03 -7.120000E-04  0.000000E+00  0.000000E+00  0.000000E+00  0.000000E+00  0.000000E+00
 1.169800E+02  2.674000E-03 -1.234000E-03  0.000000E+00  0.000000E+00  0.000000E+00  0.000000E+00  0.000000E+00
 2.963260E+01 -5.812100E-02  2.412100E-02  0.000000E+00  0.000000E+00  0.000000E+00  0.000000E+00  0.000000E+00
 1.851000E+01  3.457590E-01 -1.556420E-01  0.000000E+00  0.000000E+00  0.000000E+00  0.000000E+00  0.000000E+00
 1.156200E+01 -3.622720E-01  1.885390E-01  0.000000E+00  0.000000E+00  0.000000E+00  0.000000E+00  0.000000E+00
 6.595070E+00 -6.346740E-01  2.742270E-01  0.000000E+00  0.000000E+00  0.000000E+00  0.000000E+00  0.000000E+00
 4.053400E+00  2.236670E-01 -1.247080E-01  0.000000E+00  0.000000E+00  0.000000E+00  0.000000E+00  0.000000E+00
 2.140900E+00  7.832730E-01 -4.731900E-01  0.000000E+00  0.000000E+00  0.000000E+00  0.000000E+00  0.000000E+00
 1.181640E+00  4.525210E-01 -4.631160E-01  1.000000E+00  0.000000E+00  0.000000E+00  0.000000E+00  0.000000E+00
 6.003720E-01  5.304800E-02  9.972400E-02  0.000000E+00  1.000000E+00  0.000000E+00  0.000000E+00  0.000000E+00
 3.199650E-01 -8.910000E-04  6.050160E-01  0.000000E+00  0.000000E+00  1.000000E+00  0.000000E+00  0.000000E+00
 1.587690E-01  9.600000E-04  5.176680E-01  0.000000E+00  0.000000E+00  0.000000E+00  1.000000E+00  0.000000E+00
 7.545100E-02 -2.500000E-05  1.076690E-01  0.000000E+00  0.000000E+00  0.000000E+00  0.000000E+00  1.000000E+00
 I p
 5.696430E+02  1.150000E-04 -4.300000E-05  0.000000E+00  0.000000E+00  0.000000E+00  0.000000E+00  0.000000E+00
 1.314960E+02  7.170000E-04 -2.600000E-04  0.000000E+00  0.000000E+00  0.000000E+00  0.000000E+00  0.000000E+00
 3.238430E+01 -2.027000E-03  3.440000E-04  0.000000E+00  0.000000E+00  0.000000E+00  0.000000E+00  0.000000E+00
 2.022540E+01  5.343600E-02 -1.823100E-02  0.000000E+00  0.000000E+00  0.000000E+00  0.000000E+00  0.000000E+00
 1.123810E+01 -1.922640E-01  7.401400E-02  0.000000E+00  0.000000E+00  0.000000E+00  0.000000E+00  0.000000E+00
 6.627940E+00 -9.521500E-02  2.201600E-02  0.000000E+00  0.000000E+00  0.000000E+00  0.000000E+00  0.000000E+00
 3.647800E+00  3.658080E-01 -1.478730E-01  0.000000E+00  0.000000E+00  0.000000E+00  0.000000E+00  0.000000E+00
 1.988530E+00  5.364310E-01 -2.411660E-01  0.000000E+00  0.000000E+00  0.000000E+00  0.000000E+00  0.000000E+00
 1.063670E+00  2.650080E-01 -1.154820E-01  1.000000E+00  0.000000E+00  0.000000E+00  0.000000E+00  0.000000E+00
 5.243030E-01  3.603900E-02  2.394930E-01  0.000000E+00  1.000000E+00  0.000000E+00  0.000000E+00  0.000000E+00
 2.553820E-01  1.342000E-03  4.766310E-01  0.000000E+00  0.000000E+00  1.000000E+00  0.000000E+00  0.000000E+00
 1.197550E-01  1.052000E-03  3.830210E-01  0.000000E+00  0.000000E+00  0.000000E+00  1.000000E+00  0.000000E+00
 5.419900E-02  6.100000E-05  1.007050E-01  0.000000E+00  0.000000E+00  0.000000E+00  0.000000E+00  1.000000E+00
 I d
 5.788080E+02  2.600000E-05  0.000000E+00  0.000000E+00  0.000000E+00  0.000000E+00
 1.758530E+02  2.340000E-04  0.000000E+00  0.000000E+00  0.000000E+00  0.000000E+00
 6.882920E+01  1.177000E-03  0.000000E+00  0.000000E+00  0.000000E+00  0.000000E+00
 2.873540E+01  5.462000E-03  0.000000E+00  0.000000E+00  0.000000E+00  0.000000E+00
 1.231660E+01 -2.753000E-02  0.000000E+00  0.000000E+00  0.000000E+00  0.000000E+00
 7.611430E+00  2.097600E-02  0.000000E+00  0.000000E+00  0.000000E+00  0.000000E+00
 4.704520E+00  1.768420E-01  0.000000E+00  0.000000E+00  0.000000E+00  0.000000E+00
 2.794650E+00  3.194790E-01  0.000000E+00  0.000000E+00  0.000000E+00  0.000000E+00
 1.616440E+00  3.387310E-01  0.000000E+00  0.000000E+00  0.000000E+00  0.000000E+00
 9.142110E-01  2.179660E-01  1.000000E+00  0.000000E+00  0.000000E+00  0.000000E+00
 5.047300E-01  7.810400E-02  0.000000E+00  1.000000E+00  0.000000E+00  0.000000E+00
 2.762800E-01  1.425000E-02  0.000000E+00  0.000000E+00  1.000000E+00  0.000000E+00
 1.392000E-01  1.803000E-03  0.000000E+00  0.000000E+00  0.000000E+00  1.000000E+00
 I f
 6.739000E-01  1.000000E+00  0.000000E+00  0.000000E+00
 3.631000E-01  0.000000E+00  1.000000E+00  0.000000E+00
 1.956000E-01  0.000000E+00  0.000000E+00  1.000000E+00
 I g
 6.721000E-01  1.000000E+00  0.000000E+00
 3.226000E-01  0.000000E+00  1.000000E+00
 I h
 5.908000E-01  1.000000E+00
end

ECP
I  nelec 28 ! # core electrons
I  ul
  2          1.00000000        0.00000000
I  S
  2         40.03337600       49.98964900
  2         17.30057600      281.00655600
  2          8.85172000       61.41673900
I  P
  2         15.72014100       67.41623900
  2         15.20822200      134.80769600
  2          8.29418600       14.56654800
  2          7.75394900       28.96842200
I  D
  2         13.81775100       35.53875600
  2         13.58780500       53.33975900
  2          6.94763000        9.71646600
  2          6.96009900       14.97750000
I  F
  2         18.52295000      -20.17661800
  2         18.25103500      -26.08807700
  2          7.55790100       -0.22043400
  2          7.59740400       -0.22164600
END
